4000.000000,0.018367
3997.379913,0.018367
3994.759825,0.018367
3992.139738,0.018367
3989.519651,0.018367
3986.899563,0.018367
3984.279476,0.018367
3981.659389,0.018367
3979.039301,0.018367
3976.419214,0.018367
3973.799127,0.018367
3971.179039,0.018367
3968.558952,0.018367
3965.938865,0.018367
3963.318777,0.018367
3960.698690,0.018367
3958.078603,0.018367
3955.458515,0.018367
3952.838428,0.018367
3950.218341,0.018367
3947.598253,0.018367
3944.978166,0.018367
3942.358079,0.018367
3939.737991,0.018367
3937.117904,0.018367
3934.497817,0.018367
3931.877729,0.018367
3929.257642,0.018367
3926.637555,0.018367
3924.017467,0.018367
3921.397380,0.016327
3918.777293,0.018367
3916.157205,0.018367
3913.537118,0.018367
3910.917031,0.018367
3908.296943,0.018367
3905.676856,0.018367
3903.056769,0.018367
3900.436681,0.016327
3897.816594,0.016327
3895.196507,0.016327
3892.576419,0.016327
3889.956332,0.016327
3887.336245,0.016327
3884.716157,0.018367
3882.096070,0.018367
3879.475983,0.018367
3876.855895,0.018367
3874.235808,0.018367
3871.615721,0.016327
3868.995633,0.018367
3866.375546,0.016327
3863.755459,0.016327
3861.135371,0.016327
3858.515284,0.016327
3855.895197,0.016327
3853.275109,0.016327
3850.655022,0.016327
3848.034934,0.016327
3845.414847,0.016327
3842.794760,0.016327
3840.174672,0.016327
3837.554585,0.016327
3834.934498,0.016327
3832.314410,0.016327
3829.694323,0.016327
3827.074236,0.018367
3824.454148,0.018367
3821.834061,0.016327
3819.213974,0.016327
3816.593886,0.016327
3813.973799,0.016327
3811.353712,0.016327
3808.733624,0.016327
3806.113537,0.016327
3803.493450,0.016327
3800.873362,0.016327
3798.253275,0.016327
3795.633188,0.016327
3793.013100,0.016327
3790.393013,0.016327
3787.772926,0.016327
3785.152838,0.016327
3782.532751,0.016327
3779.912664,0.016327
3777.292576,0.018367
3774.672489,0.016327
3772.052402,0.016327
3769.432314,0.016327
3766.812227,0.016327
3764.192140,0.018367
3761.572052,0.018367
3758.951965,0.018367
3756.331878,0.018367
3753.711790,0.018367
3751.091703,0.018367
3748.471616,0.018367
3745.851528,0.018367
3743.231441,0.016327
3740.611354,0.016327
3737.991266,0.016327
3735.371179,0.016327
3732.751092,0.016327
3730.131004,0.016327
3727.510917,0.016327
3724.890830,0.016327
3722.270742,0.018367
3719.650655,0.018367
3717.030568,0.018367
3714.410480,0.016327
3711.790393,0.018367
3709.170306,0.016327
3706.550218,0.016327
3703.930131,0.016327
3701.310044,0.018367
3698.689956,0.018367
3696.069869,0.016327
3693.449782,0.016327
3690.829694,0.016327
3688.209607,0.016327
3685.589520,0.016327
3682.969432,0.016327
3680.349345,0.016327
3677.729258,0.016327
3675.109170,0.016327
3672.489083,0.016327
3669.868996,0.016327
3667.248908,0.014286
3664.628821,0.016327
3662.008734,0.016327
3659.388646,0.016327
3656.768559,0.016327
3654.148472,0.016327
3651.528384,0.016327
3648.908297,0.016327
3646.288210,0.016327
3643.668122,0.016327
3641.048035,0.016327
3638.427948,0.016327
3635.807860,0.016327
3633.187773,0.016327
3630.567686,0.016327
3627.947598,0.016327
3625.327511,0.016327
3622.707424,0.016327
3620.087336,0.016327
3617.467249,0.016327
3614.847162,0.016327
3612.227074,0.016327
3609.606987,0.016327
3606.986900,0.016327
3604.366812,0.016327
3601.746725,0.016327
3599.126638,0.016327
3596.506550,0.016327
3593.886463,0.016327
3591.266376,0.016327
3588.646288,0.016327
3586.026201,0.016327
3583.406114,0.016327
3580.786026,0.016327
3578.165939,0.016327
3575.545852,0.016327
3572.925764,0.016327
3570.305677,0.016327
3567.685590,0.016327
3565.065502,0.016327
3562.445415,0.016327
3559.825328,0.016327
3557.205240,0.016327
3554.585153,0.016327
3551.965066,0.016327
3549.344978,0.016327
3546.724891,0.016327
3544.104803,0.016327
3541.484716,0.016327
3538.864629,0.016327
3536.244541,0.016327
3533.624454,0.016327
3531.004367,0.016327
3528.384279,0.016327
3525.764192,0.016327
3523.144105,0.016327
3520.524017,0.016327
3517.903930,0.016327
3515.283843,0.016327
3512.663755,0.016327
3510.043668,0.016327
3507.423581,0.016327
3504.803493,0.016327
3502.183406,0.016327
3499.563319,0.016327
3496.943231,0.016327
3494.323144,0.016327
3491.703057,0.016327
3489.082969,0.018367
3486.462882,0.018367
3483.842795,0.018367
3481.222707,0.018367
3478.602620,0.020408
3475.982533,0.022449
3473.362445,0.022449
3470.742358,0.022449
3468.122271,0.024490
3465.502183,0.024490
3462.882096,0.024490
3460.262009,0.024490
3457.641921,0.024490
3455.021834,0.024490
3452.401747,0.024490
3449.781659,0.024490
3447.161572,0.024490
3444.541485,0.022449
3441.921397,0.022449
3439.301310,0.022449
3436.681223,0.022449
3434.061135,0.022449
3431.441048,0.022449
3428.820961,0.022449
3426.200873,0.022449
3423.580786,0.020408
3420.960699,0.020408
3418.340611,0.020408
3415.720524,0.022449
3413.100437,0.022449
3410.480349,0.020408
3407.860262,0.020408
3405.240175,0.022449
3402.620087,0.022449
3400.000000,0.020408
3397.379913,0.020408
3394.759825,0.020408
3392.139738,0.020408
3389.519651,0.022449
3386.899563,0.022449
3384.279476,0.022449
3381.659389,0.020408
3379.039301,0.020408
3376.419214,0.022449
3373.799127,0.022449
3371.179039,0.020408
3368.558952,0.020408
3365.938865,0.020408
3363.318777,0.020408
3360.698690,0.020408
3358.078603,0.020408
3355.458515,0.020408
3352.838428,0.020408
3350.218341,0.020408
3347.598253,0.020408
3344.978166,0.020408
3342.358079,0.020408
3339.737991,0.020408
3337.117904,0.020408
3334.497817,0.020408
3331.877729,0.020408
3329.257642,0.020408
3326.637555,0.020408
3324.017467,0.020408
3321.397380,0.020408
3318.777293,0.020408
3316.157205,0.020408
3313.537118,0.020408
3310.917031,0.020408
3308.296943,0.020408
3305.676856,0.020408
3303.056769,0.020408
3300.436681,0.020408
3297.816594,0.020408
3295.196507,0.020408
3292.576419,0.020408
3289.956332,0.020408
3287.336245,0.020408
3284.716157,0.020408
3282.096070,0.020408
3279.475983,0.020408
3276.855895,0.020408
3274.235808,0.020408
3271.615721,0.020408
3268.995633,0.020408
3266.375546,0.020408
3263.755459,0.020408
3261.135371,0.020408
3258.515284,0.020408
3255.895197,0.020408
3253.275109,0.020408
3250.655022,0.020408
3248.034934,0.020408
3245.414847,0.020408
3242.794760,0.020408
3240.174672,0.020408
3237.554585,0.020408
3234.934498,0.020408
3232.314410,0.020408
3229.694323,0.020408
3227.074236,0.020408
3224.454148,0.020408
3221.834061,0.020408
3219.213974,0.020408
3216.593886,0.020408
3213.973799,0.020408
3211.353712,0.020408
3208.733624,0.020408
3206.113537,0.022449
3203.493450,0.022449
3200.873362,0.022449
3198.253275,0.020408
3195.633188,0.022449
3193.013100,0.022449
3190.393013,0.022449
3187.772926,0.022449
3185.152838,0.022449
3182.532751,0.022449
3179.912664,0.022449
3177.292576,0.022449
3174.672489,0.022449
3172.052402,0.022449
3169.432314,0.022449
3166.812227,0.022449
3164.192140,0.022449
3161.572052,0.022449
3158.951965,0.022449
3156.331878,0.022449
3153.711790,0.022449
3151.091703,0.022449
3148.471616,0.022449
3145.851528,0.022449
3143.231441,0.022449
3140.611354,0.022449
3137.991266,0.022449
3135.371179,0.022449
3132.751092,0.022449
3130.131004,0.022449
3127.510917,0.024490
3124.890830,0.024490
3122.270742,0.024490
3119.650655,0.024490
3117.030568,0.024490
3114.410480,0.024490
3111.790393,0.024490
3109.170306,0.024490
3106.550218,0.024490
3103.930131,0.024490
3101.310044,0.024490
3098.689956,0.024490
3096.069869,0.024490
3093.449782,0.024490
3090.829694,0.024490
3088.209607,0.024490
3085.589520,0.024490
3082.969432,0.024490
3080.349345,0.024490
3077.729258,0.022449
3075.109170,0.022449
3072.489083,0.024490
3069.868996,0.024490
3067.248908,0.024490
3064.628821,0.024490
3062.008734,0.024490
3059.388646,0.024490
3056.768559,0.024490
3054.148472,0.024490
3051.528384,0.024490
3048.908297,0.024490
3046.288210,0.024490
3043.668122,0.024490
3041.048035,0.026531
3038.427948,0.026531
3035.807860,0.026531
3033.187773,0.026531
3030.567686,0.028571
3027.947598,0.028571
3025.327511,0.030612
3022.707424,0.030612
3020.087336,0.030612
3017.467249,0.030612
3014.847162,0.030612
3012.227074,0.030612
3009.606987,0.032653
3006.986900,0.032653
3004.366812,0.032653
3001.746725,0.034694
2999.126638,0.036735
2996.506550,0.038776
2993.886463,0.042857
2991.266376,0.046939
2988.646288,0.051020
2986.026201,0.057143
2983.406114,0.065306
2980.786026,0.073469
2978.165939,0.083673
2975.545852,0.095918
2972.925764,0.108163
2970.305677,0.118367
2967.685590,0.126531
2965.065502,0.132653
2962.445415,0.134694
2959.825328,0.134694
2957.205240,0.132653
2954.585153,0.126531
2951.965066,0.116327
2949.344978,0.102041
2946.724891,0.087755
2944.104803,0.075510
2941.484716,0.067347
2938.864629,0.063265
2936.244541,0.059184
2933.624454,0.057143
2931.004367,0.055102
2928.384279,0.053061
2925.764192,0.053061
2923.144105,0.051020
2920.524017,0.048980
2917.903930,0.048980
2915.283843,0.053061
2912.663755,0.057143
2910.043668,0.065306
2907.423581,0.071429
2904.803493,0.077551
2902.183406,0.079592
2899.563319,0.079592
2896.943231,0.077551
2894.323144,0.073469
2891.703057,0.067347
2889.082969,0.059184
2886.462882,0.053061
2883.842795,0.046939
2881.222707,0.040816
2878.602620,0.034694
2875.982533,0.030612
2873.362445,0.028571
2870.742358,0.026531
2868.122271,0.024490
2865.502183,0.022449
2862.882096,0.022449
2860.262009,0.020408
2857.641921,0.020408
2855.021834,0.020408
2852.401747,0.020408
2849.781659,0.018367
2847.161572,0.018367
2844.541485,0.018367
2841.921397,0.018367
2839.301310,0.016327
2836.681223,0.016327
2834.061135,0.016327
2831.441048,0.016327
2828.820961,0.016327
2826.200873,0.016327
2823.580786,0.014286
2820.960699,0.014286
2818.340611,0.014286
2815.720524,0.014286
2813.100437,0.014286
2810.480349,0.014286
2807.860262,0.014286
2805.240175,0.014286
2802.620087,0.014286
2800.000000,0.014286
2797.379913,0.014286
2794.759825,0.014286
2792.139738,0.014286
2789.519651,0.014286
2786.899563,0.014286
2784.279476,0.014286
2781.659389,0.014286
2779.039301,0.014286
2776.419214,0.012245
2773.799127,0.012245
2771.179039,0.012245
2768.558952,0.012245
2765.938865,0.010204
2763.318777,0.010204
2760.698690,0.012245
2758.078603,0.012245
2755.458515,0.010204
2752.838428,0.010204
2750.218341,0.010204
2747.598253,0.010204
2744.978166,0.010204
2742.358079,0.010204
2739.737991,0.010204
2737.117904,0.010204
2734.497817,0.010204
2731.877729,0.010204
2729.257642,0.010204
2726.637555,0.010204
2724.017467,0.010204
2721.397380,0.010204
2718.777293,0.010204
2716.157205,0.010204
2713.537118,0.010204
2710.917031,0.010204
2708.296943,0.010204
2705.676856,0.010204
2703.056769,0.010204
2700.436681,0.010204
2697.816594,0.010204
2695.196507,0.010204
2692.576419,0.010204
2689.956332,0.010204
2687.336245,0.010204
2684.716157,0.010204
2682.096070,0.010204
2679.475983,0.010204
2676.855895,0.010204
2674.235808,0.010204
2671.615721,0.010204
2668.995633,0.010204
2666.375546,0.010204
2663.755459,0.010204
2661.135371,0.010204
2658.515284,0.010204
2655.895197,0.010204
2653.275109,0.010204
2650.655022,0.010204
2648.034934,0.010204
2645.414847,0.010204
2642.794760,0.010204
2640.174672,0.010204
2637.554585,0.010204
2634.934498,0.010204
2632.314410,0.010204
2629.694323,0.010204
2627.074236,0.010204
2624.454148,0.010204
2621.834061,0.010204
2619.213974,0.010204
2616.593886,0.010204
2613.973799,0.010204
2611.353712,0.010204
2608.733624,0.010204
2606.113537,0.010204
2603.493450,0.010204
2600.873362,0.010204
2598.253275,0.010204
2595.633188,0.008163
2593.013100,0.008163
2590.393013,0.008163
2587.772926,0.010204
2585.152838,0.008163
2582.532751,0.008163
2579.912664,0.008163
2577.292576,0.008163
2574.672489,0.008163
2572.052402,0.008163
2569.432314,0.008163
2566.812227,0.008163
2564.192140,0.008163
2561.572052,0.008163
2558.951965,0.008163
2556.331878,0.008163
2553.711790,0.008163
2551.091703,0.008163
2548.471616,0.008163
2545.851528,0.008163
2543.231441,0.008163
2540.611354,0.008163
2537.991266,0.008163
2535.371179,0.008163
2532.751092,0.008163
2530.131004,0.008163
2527.510917,0.008163
2524.890830,0.008163
2522.270742,0.008163
2519.650655,0.008163
2517.030568,0.006122
2514.410480,0.006122
2511.790393,0.008163
2509.170306,0.008163
2506.550218,0.008163
2503.930131,0.008163
2501.310044,0.008163
2498.689956,0.008163
2496.069869,0.008163
2493.449782,0.008163
2490.829694,0.008163
2488.209607,0.008163
2485.589520,0.008163
2482.969432,0.008163
2480.349345,0.008163
2477.729258,0.008163
2475.109170,0.008163
2472.489083,0.008163
2469.868996,0.008163
2467.248908,0.008163
2464.628821,0.008163
2462.008734,0.008163
2459.388646,0.008163
2456.768559,0.008163
2454.148472,0.008163
2451.528384,0.008163
2448.908297,0.006122
2446.288210,0.006122
2443.668122,0.008163
2441.048035,0.008163
2438.427948,0.008163
2435.807860,0.008163
2433.187773,0.006122
2430.567686,0.006122
2427.947598,0.006122
2425.327511,0.006122
2422.707424,0.006122
2420.087336,0.006122
2417.467249,0.006122
2414.847162,0.006122
2412.227074,0.006122
2409.606987,0.006122
2406.986900,0.006122
2404.366812,0.006122
2401.746725,0.006122
2399.126638,0.006122
2396.506550,0.006122
2393.886463,0.006122
2391.266376,0.006122
2388.646288,0.006122
2386.026201,0.006122
2383.406114,0.006122
2380.786026,0.006122
2378.165939,0.006122
2375.545852,0.006122
2372.925764,0.006122
2370.305677,0.006122
2367.685590,0.006122
2365.065502,0.006122
2362.445415,0.006122
2359.825328,0.006122
2357.205240,0.006122
2354.585153,0.006122
2351.965066,0.006122
2349.344978,0.006122
2346.724891,0.006122
2344.104803,0.006122
2341.484716,0.006122
2338.864629,0.006122
2336.244541,0.006122
2333.624454,0.006122
2331.004367,0.006122
2328.384279,0.006122
2325.764192,0.006122
2323.144105,0.006122
2320.524017,0.006122
2317.903930,0.006122
2315.283843,0.006122
2312.663755,0.006122
2310.043668,0.006122
2307.423581,0.006122
2304.803493,0.006122
2302.183406,0.006122
2299.563319,0.006122
2296.943231,0.006122
2294.323144,0.006122
2291.703057,0.004082
2289.082969,0.006122
2286.462882,0.006122
2283.842795,0.006122
2281.222707,0.006122
2278.602620,0.006122
2275.982533,0.006122
2273.362445,0.006122
2270.742358,0.006122
2268.122271,0.006122
2265.502183,0.006122
2262.882096,0.006122
2260.262009,0.006122
2257.641921,0.006122
2255.021834,0.006122
2252.401747,0.006122
2249.781659,0.006122
2247.161572,0.006122
2244.541485,0.006122
2241.921397,0.006122
2239.301310,0.006122
2236.681223,0.006122
2234.061135,0.004082
2231.441048,0.004082
2228.820961,0.006122
2226.200873,0.006122
2223.580786,0.004082
2220.960699,0.006122
2218.340611,0.006122
2215.720524,0.004082
2213.100437,0.004082
2210.480349,0.004082
2207.860262,0.004082
2205.240175,0.006122
2202.620087,0.006122
2200.000000,0.004082
2197.379913,0.004082
2194.759825,0.004082
2192.139738,0.004082
2189.519651,0.004082
2186.899563,0.004082
2184.279476,0.004082
2181.659389,0.004082
2179.039301,0.004082
2176.419214,0.004082
2173.799127,0.004082
2171.179039,0.006122
2168.558952,0.006122
2165.938865,0.006122
2163.318777,0.006122
2160.698690,0.006122
2158.078603,0.006122
2155.458515,0.006122
2152.838428,0.006122
2150.218341,0.006122
2147.598253,0.006122
2144.978166,0.006122
2142.358079,0.006122
2139.737991,0.006122
2137.117904,0.006122
2134.497817,0.006122
2131.877729,0.006122
2129.257642,0.006122
2126.637555,0.006122
2124.017467,0.004082
2121.397380,0.004082
2118.777293,0.006122
2116.157205,0.006122
2113.537118,0.006122
2110.917031,0.006122
2108.296943,0.006122
2105.676856,0.006122
2103.056769,0.006122
2100.436681,0.006122
2097.816594,0.006122
2095.196507,0.006122
2092.576419,0.006122
2089.956332,0.006122
2087.336245,0.006122
2084.716157,0.006122
2082.096070,0.006122
2079.475983,0.006122
2076.855895,0.006122
2074.235808,0.006122
2071.615721,0.006122
2068.995633,0.006122
2066.375546,0.006122
2063.755459,0.006122
2061.135371,0.006122
2058.515284,0.006122
2055.895197,0.006122
2053.275109,0.006122
2050.655022,0.006122
2048.034934,0.004082
2045.414847,0.004082
2042.794760,0.004082
2040.174672,0.004082
2037.554585,0.004082
2034.934498,0.004082
2032.314410,0.004082
2029.694323,0.004082
2027.074236,0.004082
2024.454148,0.004082
2021.834061,0.004082
2019.213974,0.004082
2016.593886,0.004082
2013.973799,0.004082
2011.353712,0.004082
2008.733624,0.004082
2006.113537,0.004082
2003.493450,0.004082
2000.873362,0.004082
1998.253275,0.004082
1995.633188,0.004082
1993.013100,0.004082
1990.393013,0.004082
1987.772926,0.004082
1985.152838,0.004082
1982.532751,0.004082
1979.912664,0.004082
1977.292576,0.004082
1974.672489,0.004082
1972.052402,0.004082
1969.432314,0.004082
1966.812227,0.004082
1964.192140,0.004082
1961.572052,0.006122
1958.951965,0.006122
1956.331878,0.004082
1953.711790,0.004082
1951.091703,0.004082
1948.471616,0.004082
1945.851528,0.004082
1943.231441,0.004082
1940.611354,0.004082
1937.991266,0.004082
1935.371179,0.004082
1932.751092,0.004082
1930.131004,0.004082
1927.510917,0.006122
1924.890830,0.006122
1922.270742,0.006122
1919.650655,0.006122
1917.030568,0.004082
1914.410480,0.004082
1911.790393,0.004082
1909.170306,0.004082
1906.550218,0.004082
1903.930131,0.004082
1901.310044,0.004082
1898.689956,0.004082
1896.069869,0.004082
1893.449782,0.004082
1890.829694,0.004082
1888.209607,0.004082
1885.589520,0.004082
1882.969432,0.004082
1880.349345,0.004082
1877.729258,0.004082
1875.109170,0.004082
1872.489083,0.006122
1869.868996,0.006122
1867.248908,0.006122
1864.628821,0.006122
1862.008734,0.006122
1859.388646,0.006122
1856.768559,0.006122
1854.148472,0.006122
1851.528384,0.006122
1848.908297,0.006122
1846.288210,0.004082
1843.668122,0.004082
1841.048035,0.006122
1838.427948,0.006122
1835.807860,0.006122
1833.187773,0.006122
1830.567686,0.006122
1827.947598,0.006122
1825.327511,0.008163
1822.707424,0.008163
1820.087336,0.008163
1817.467249,0.010204
1814.847162,0.010204
1812.227074,0.010204
1809.606987,0.012245
1806.986900,0.012245
1804.366812,0.012245
1801.746725,0.014286
1799.126638,0.016327
1796.506550,0.016327
1793.886463,0.018367
1791.266376,0.020408
1788.646288,0.020408
1786.026201,0.022449
1783.406114,0.026531
1780.786026,0.028571
1778.165939,0.030612
1775.545852,0.034694
1772.925764,0.040816
1770.305677,0.048980
1767.685590,0.059184
1765.065502,0.073469
1762.445415,0.093878
1759.825328,0.132653
1757.205240,0.193878
1754.585153,0.302041
1751.965066,0.477551
1749.344978,0.708163
1746.724891,0.897959
1744.104803,0.991837
1741.484716,1.000000
1738.864629,0.997959
1736.244541,0.948980
1733.624454,0.808163
1731.004367,0.622449
1728.384279,0.436735
1725.764192,0.304082
1723.144105,0.212245
1720.524017,0.153061
1717.903930,0.118367
1715.283843,0.097959
1712.663755,0.081633
1710.043668,0.073469
1707.423581,0.067347
1704.803493,0.063265
1702.183406,0.061224
1699.563319,0.061224
1696.943231,0.057143
1694.323144,0.055102
1691.703057,0.048980
1689.082969,0.044898
1686.462882,0.038776
1683.842795,0.034694
1681.222707,0.028571
1678.602620,0.024490
1675.982533,0.022449
1673.362445,0.020408
1670.742358,0.018367
1668.122271,0.016327
1665.502183,0.016327
1662.882096,0.016327
1660.262009,0.016327
1657.641921,0.018367
1655.021834,0.016327
1652.401747,0.016327
1649.781659,0.014286
1647.161572,0.014286
1644.541485,0.012245
1641.921397,0.010204
1639.301310,0.010204
1636.681223,0.008163
1634.061135,0.006122
1631.441048,0.006122
1628.820961,0.004082
1626.200873,0.004082
1623.580786,0.004082
1620.960699,0.004082
1618.340611,0.004082
1615.720524,0.004082
1613.100437,0.004082
1610.480349,0.004082
1607.860262,0.004082
1605.240175,0.004082
1602.620087,0.004082
1600.000000,0.004082
1597.379913,0.004082
1594.759825,0.004082
1592.139738,0.004082
1589.519651,0.004082
1586.899563,0.004082
1584.279476,0.004082
1581.659389,0.004082
1579.039301,0.004082
1576.419214,0.004082
1573.799127,0.002041
1571.179039,0.004082
1568.558952,0.004082
1565.938865,0.002041
1563.318777,0.004082
1560.698690,0.004082
1558.078603,0.004082
1555.458515,0.004082
1552.838428,0.004082
1550.218341,0.006122
1547.598253,0.006122
1544.978166,0.006122
1542.358079,0.006122
1539.737991,0.006122
1537.117904,0.006122
1534.497817,0.008163
1531.877729,0.008163
1529.257642,0.008163
1526.637555,0.008163
1524.017467,0.008163
1521.397380,0.008163
1518.777293,0.008163
1516.157205,0.008163
1513.537118,0.008163
1510.917031,0.010204
1508.296943,0.010204
1505.676856,0.010204
1503.056769,0.010204
1500.436681,0.012245
1497.816594,0.012245
1495.196507,0.012245
1492.576419,0.012245
1489.956332,0.014286
1487.336245,0.018367
1484.716157,0.024490
1482.096070,0.030612
1479.475983,0.034694
1476.855895,0.036735
1474.235808,0.038776
1471.615721,0.040816
1468.995633,0.042857
1466.375546,0.044898
1463.755459,0.051020
1461.135371,0.057143
1458.515284,0.061224
1455.895197,0.065306
1453.275109,0.065306
1450.655022,0.063265
1448.034934,0.057143
1445.414847,0.051020
1442.794760,0.055102
1440.174672,0.059184
1437.554585,0.061224
1434.934498,0.065306
1432.314410,0.069388
1429.694323,0.073469
1427.074236,0.077551
1424.454148,0.079592
1421.834061,0.081633
1419.213974,0.079592
1416.593886,0.077551
1413.973799,0.077551
1411.353712,0.079592
1408.733624,0.079592
1406.113537,0.079592
1403.493450,0.079592
1400.873362,0.083673
1398.253275,0.093878
1395.633188,0.102041
1393.013100,0.112245
1390.393013,0.134694
1387.772926,0.169388
1385.152838,0.189796
1382.532751,0.191837
1379.912664,0.191837
1377.292576,0.167347
1374.672489,0.130612
1372.052402,0.114286
1369.432314,0.153061
1366.812227,0.200000
1364.192140,0.216327
1361.572052,0.216327
1358.951965,0.208163
1356.331878,0.151020
1353.711790,0.091837
1351.091703,0.055102
1348.471616,0.038776
1345.851528,0.028571
1343.231441,0.022449
1340.611354,0.020408
1337.991266,0.018367
1335.371179,0.018367
1332.751092,0.020408
1330.131004,0.020408
1327.510917,0.022449
1324.890830,0.024490
1322.270742,0.028571
1319.650655,0.032653
1317.030568,0.036735
1314.410480,0.038776
1311.790393,0.042857
1309.170306,0.044898
1306.550218,0.046939
1303.930131,0.046939
1301.310044,0.048980
1298.689956,0.051020
1296.069869,0.057143
1293.449782,0.063265
1290.829694,0.071429
1288.209607,0.083673
1285.589520,0.093878
1282.969432,0.104082
1280.349345,0.122449
1277.729258,0.146939
1275.109170,0.181633
1272.489083,0.228571
1269.868996,0.293878
1267.248908,0.379592
1264.628821,0.483673
1262.008734,0.581633
1259.388646,0.644898
1256.768559,0.655102
1254.148472,0.655102
1251.528384,0.646939
1248.908297,0.697959
1246.288210,0.785714
1243.668122,0.846939
1241.048035,0.871429
1238.427948,0.871429
1235.807860,0.867347
1233.187773,0.816327
1230.567686,0.710204
1227.947598,0.569388
1225.327511,0.428571
1222.707424,0.326531
1220.087336,0.257143
1217.467249,0.214286
1214.847162,0.189796
1212.227074,0.175510
1209.606987,0.163265
1206.986900,0.148980
1204.366812,0.134694
1201.746725,0.126531
1199.126638,0.120408
1196.506550,0.128571
1193.886463,0.142857
1191.266376,0.155102
1188.646288,0.159184
1186.026201,0.159184
1183.406114,0.155102
1180.786026,0.138776
1178.165939,0.114286
1175.545852,0.091837
1172.925764,0.069388
1170.305677,0.053061
1167.685590,0.040816
1165.065502,0.032653
1162.445415,0.026531
1159.825328,0.022449
1157.205240,0.020408
1154.585153,0.018367
1151.965066,0.018367
1149.344978,0.018367
1146.724891,0.018367
1144.104803,0.016327
1141.484716,0.016327
1138.864629,0.016327
1136.244541,0.018367
1133.624454,0.018367
1131.004367,0.018367
1128.384279,0.018367
1125.764192,0.020408
1123.144105,0.020408
1120.524017,0.022449
1117.903930,0.022449
1115.283843,0.024490
1112.663755,0.026531
1110.043668,0.026531
1107.423581,0.028571
1104.803493,0.030612
1102.183406,0.032653
1099.563319,0.034694
1096.943231,0.036735
1094.323144,0.040816
1091.703057,0.044898
1089.082969,0.048980
1086.462882,0.053061
1083.842795,0.057143
1081.222707,0.061224
1078.602620,0.069388
1075.982533,0.079592
1073.362445,0.093878
1070.742358,0.116327
1068.122271,0.142857
1065.502183,0.171429
1062.882096,0.195918
1060.262009,0.224490
1057.641921,0.263265
1055.021834,0.302041
1052.401747,0.328571
1049.781659,0.336735
1047.161572,0.338776
1044.541485,0.336735
1041.921397,0.324490
1039.301310,0.302041
1036.681223,0.271429
1034.061135,0.246939
1031.441048,0.234694
1028.820961,0.232653
1026.200873,0.230612
1023.580786,0.222449
1020.960699,0.200000
1018.340611,0.171429
1015.720524,0.142857
1013.100437,0.118367
1010.480349,0.097959
1007.860262,0.081633
1005.240175,0.067347
1002.620087,0.057143
1000.000000,0.051020
997.379913,0.042857
994.759825,0.038776
992.139738,0.038776
989.519651,0.044898
986.899563,0.057143
984.279476,0.073469
981.659389,0.083673
979.039301,0.085714
976.419214,0.085714
973.799127,0.083673
971.179039,0.075510
968.558952,0.065306
965.938865,0.059184
963.318777,0.053061
960.698690,0.048980
958.078603,0.046939
955.458515,0.057143
952.838428,0.077551
950.218341,0.102041
947.598253,0.122449
944.978166,0.132653
942.358079,0.132653
939.737991,0.132653
937.117904,0.122449
934.497817,0.100000
931.877729,0.073469
929.257642,0.055102
926.637555,0.042857
924.017467,0.038776
921.397380,0.046939
918.777293,0.059184
916.157205,0.067347
913.537118,0.073469
910.917031,0.075510
908.296943,0.075510
905.676856,0.073469
903.056769,0.071429
900.436681,0.067347
897.816594,0.057143
895.196507,0.048980
892.576419,0.042857
889.956332,0.036735
887.336245,0.036735
884.716157,0.038776
882.096070,0.042857
879.475983,0.048980
876.855895,0.057143
874.235808,0.065306
871.615721,0.079592
868.995633,0.097959
866.375546,0.124490
863.755459,0.163265
861.135371,0.220408
858.515284,0.291837
855.895197,0.359184
853.275109,0.404082
850.655022,0.410204
848.034934,0.410204
845.414847,0.397959
842.794760,0.351020
840.174672,0.285714
837.554585,0.222449
834.934498,0.177551
832.314410,0.151020
829.694323,0.175510
827.074236,0.222449
824.454148,0.277551
821.834061,0.334694
819.213974,0.377551
816.593886,0.389796
813.973799,0.391837
811.353712,0.389796
808.733624,0.365306
806.113537,0.324490
803.493450,0.306122
800.873362,0.334694
798.253275,0.353061
795.633188,0.355102
793.013100,0.353061
790.393013,0.334694
787.772926,0.281633
785.152838,0.212245
782.532751,0.146939
779.912664,0.095918
777.292576,0.065306
774.672489,0.046939
772.052402,0.034694
769.432314,0.028571
766.812227,0.022449
764.192140,0.022449
761.572052,0.026531
758.951965,0.030612
756.331878,0.030612
753.711790,0.028571
751.091703,0.026531
748.471616,0.020408
745.851528,0.016327
743.231441,0.014286
740.611354,0.012245
737.991266,0.010204
735.371179,0.010204
732.751092,0.014286
730.131004,0.020408
727.510917,0.028571
724.890830,0.038776
722.270742,0.048980
719.650655,0.051020
717.030568,0.051020
714.410480,0.048980
711.790393,0.044898
709.170306,0.040816
706.550218,0.036735
703.930131,0.036735
701.310044,0.036735
698.689956,0.032653
696.069869,0.030612
693.449782,0.030612
690.829694,0.032653
688.209607,0.034694
685.589520,0.034694
682.969432,0.034694
680.349345,0.032653
677.729258,0.028571
675.109170,0.026531
672.489083,0.022449
669.868996,0.014286
667.248908,0.012245
664.628821,0.016327
662.008734,0.022449
659.388646,0.028571
656.768559,0.036735
654.148472,0.040816
651.528384,0.040816
648.908297,0.040816
646.288210,0.036735
643.668122,0.038776
641.048035,0.059184
638.427948,0.071429
635.807860,0.073469
633.187773,0.071429
630.567686,0.057143
627.947598,0.034694
625.327511,0.026531
622.707424,0.036735
620.087336,0.055102
617.467249,0.063265
614.847162,0.065306
612.227074,0.067347
609.606987,0.075510
606.986900,0.077551
604.366812,0.077551
601.746725,0.073469
599.126638,0.051020
596.506550,0.040816
593.886463,0.038776
591.266376,0.036735
588.646288,0.034694
586.026201,0.030612
583.406114,0.026531
580.786026,0.022449
578.165939,0.018367
575.545852,0.014286
572.925764,0.010204
570.305677,0.008163
567.685590,0.006122
565.065502,0.004082
562.445415,0.004082
559.825328,0.004082
557.205240,0.004082
554.585153,0.002041
551.965066,0.002041
549.344978,0.002041
546.724891,0.002041
544.104803,0.002041
541.484716,0.002041
538.864629,0.002041
536.244541,0.002041
533.624454,0.002041
531.004367,0.002041
528.384279,0.002041
525.764192,0.002041
523.144105,0.002041
520.524017,0.002041
517.903930,0.002041
515.283843,0.002041
512.663755,0.002041
510.043668,0.002041
507.423581,0.002041
504.803493,0.002041
502.183406,0.002041
499.563319,0.002041
496.943231,0.002041
494.323144,0.002041
491.703057,0.002041
489.082969,0.002041
486.462882,0.002041
483.842795,0.002041
481.222707,0.002041
478.602620,0.002041
475.982533,0.002041
473.362445,0.002041
470.742358,0.002041
468.122271,0.002041
465.502183,0.002041
462.882096,0.002041
460.262009,0.002041
457.641921,0.002041
455.021834,0.002041
452.401747,0.002041
449.781659,0.002041
447.161572,nan
444.541485,nan
441.921397,nan
439.301310,nan
436.681223,nan
434.061135,nan
431.441048,nan
428.820961,nan
426.200873,nan
423.580786,nan
420.960699,nan
418.340611,nan
415.720524,nan
413.100437,nan
410.480349,nan
407.860262,nan
405.240175,nan
402.620087,nan
400.000000,nan
