4000.000000,0.022449
3997.379913,0.022449
3994.759825,0.022449
3992.139738,0.024490
3989.519651,0.024490
3986.899563,0.024490
3984.279476,0.022449
3981.659389,0.024490
3979.039301,0.022449
3976.419214,0.024490
3973.799127,0.024490
3971.179039,0.024490
3968.558952,0.024490
3965.938865,0.024490
3963.318777,0.024490
3960.698690,0.024490
3958.078603,0.026531
3955.458515,0.026531
3952.838428,0.026531
3950.218341,0.028571
3947.598253,0.028571
3944.978166,0.030612
3942.358079,0.030612
3939.737991,0.030612
3937.117904,0.030612
3934.497817,0.030612
3931.877729,0.028571
3929.257642,0.028571
3926.637555,0.026531
3924.017467,0.026531
3921.397380,0.024490
3918.777293,0.024490
3916.157205,0.024490
3913.537118,0.024490
3910.917031,0.024490
3908.296943,0.024490
3905.676856,0.024490
3903.056769,0.024490
3900.436681,0.024490
3897.816594,0.026531
3895.196507,0.026531
3892.576419,0.024490
3889.956332,0.026531
3887.336245,0.026531
3884.716157,0.024490
3882.096070,0.026531
3879.475983,0.026531
3876.855895,0.028571
3874.235808,0.028571
3871.615721,0.026531
3868.995633,0.028571
3866.375546,0.028571
3863.755459,0.026531
3861.135371,0.026531
3858.515284,0.026531
3855.895197,0.026531
3853.275109,0.026531
3850.655022,0.026531
3848.034934,0.026531
3845.414847,0.024490
3842.794760,0.024490
3840.174672,0.024490
3837.554585,0.024490
3834.934498,0.024490
3832.314410,0.024490
3829.694323,0.024490
3827.074236,0.026531
3824.454148,0.026531
3821.834061,0.028571
3819.213974,0.028571
3816.593886,0.030612
3813.973799,0.030612
3811.353712,0.030612
3808.733624,0.030612
3806.113537,0.030612
3803.493450,0.030612
3800.873362,0.030612
3798.253275,0.030612
3795.633188,0.030612
3793.013100,0.030612
3790.393013,0.028571
3787.772926,0.028571
3785.152838,0.028571
3782.532751,0.028571
3779.912664,0.028571
3777.292576,0.028571
3774.672489,0.028571
3772.052402,0.028571
3769.432314,0.028571
3766.812227,0.028571
3764.192140,0.028571
3761.572052,0.030612
3758.951965,0.032653
3756.331878,0.034694
3753.711790,0.034694
3751.091703,0.036735
3748.471616,0.036735
3745.851528,0.034694
3743.231441,0.034694
3740.611354,0.034694
3737.991266,0.032653
3735.371179,0.032653
3732.751092,0.032653
3730.131004,0.030612
3727.510917,0.030612
3724.890830,0.030612
3722.270742,0.030612
3719.650655,0.030612
3717.030568,0.030612
3714.410480,0.032653
3711.790393,0.034694
3709.170306,0.034694
3706.550218,0.034694
3703.930131,0.034694
3701.310044,0.034694
3698.689956,0.034694
3696.069869,0.036735
3693.449782,0.036735
3690.829694,0.036735
3688.209607,0.036735
3685.589520,0.034694
3682.969432,0.034694
3680.349345,0.034694
3677.729258,0.032653
3675.109170,0.032653
3672.489083,0.032653
3669.868996,0.030612
3667.248908,0.030612
3664.628821,0.030612
3662.008734,0.030612
3659.388646,0.028571
3656.768559,0.028571
3654.148472,0.030612
3651.528384,0.030612
3648.908297,0.030612
3646.288210,0.030612
3643.668122,0.028571
3641.048035,0.028571
3638.427948,0.028571
3635.807860,0.028571
3633.187773,0.026531
3630.567686,0.026531
3627.947598,0.026531
3625.327511,0.026531
3622.707424,0.024490
3620.087336,0.024490
3617.467249,0.024490
3614.847162,0.024490
3612.227074,0.024490
3609.606987,0.024490
3606.986900,0.024490
3604.366812,0.024490
3601.746725,0.024490
3599.126638,0.024490
3596.506550,0.024490
3593.886463,0.024490
3591.266376,0.024490
3588.646288,0.024490
3586.026201,0.026531
3583.406114,0.026531
3580.786026,0.026531
3578.165939,0.026531
3575.545852,0.024490
3572.925764,0.024490
3570.305677,0.022449
3567.685590,0.022449
3565.065502,0.022449
3562.445415,0.022449
3559.825328,0.022449
3557.205240,0.022449
3554.585153,0.022449
3551.965066,0.022449
3549.344978,0.022449
3546.724891,0.024490
3544.104803,0.022449
3541.484716,0.022449
3538.864629,0.022449
3536.244541,0.022449
3533.624454,0.024490
3531.004367,0.024490
3528.384279,0.024490
3525.764192,0.024490
3523.144105,0.024490
3520.524017,0.024490
3517.903930,0.024490
3515.283843,0.024490
3512.663755,0.024490
3510.043668,0.024490
3507.423581,0.024490
3504.803493,0.024490
3502.183406,0.024490
3499.563319,0.026531
3496.943231,0.024490
3494.323144,0.026531
3491.703057,0.026531
3489.082969,0.026531
3486.462882,0.026531
3483.842795,0.026531
3481.222707,0.026531
3478.602620,0.026531
3475.982533,0.026531
3473.362445,0.026531
3470.742358,0.026531
3468.122271,0.026531
3465.502183,0.026531
3462.882096,0.026531
3460.262009,0.026531
3457.641921,0.026531
3455.021834,0.026531
3452.401747,0.026531
3449.781659,0.026531
3447.161572,0.026531
3444.541485,0.026531
3441.921397,0.028571
3439.301310,0.028571
3436.681223,0.028571
3434.061135,0.028571
3431.441048,0.028571
3428.820961,0.026531
3426.200873,0.026531
3423.580786,0.026531
3420.960699,0.026531
3418.340611,0.026531
3415.720524,0.026531
3413.100437,0.028571
3410.480349,0.026531
3407.860262,0.026531
3405.240175,0.026531
3402.620087,0.026531
3400.000000,0.026531
3397.379913,0.026531
3394.759825,0.028571
3392.139738,0.028571
3389.519651,0.028571
3386.899563,0.028571
3384.279476,0.026531
3381.659389,0.028571
3379.039301,0.028571
3376.419214,0.028571
3373.799127,0.028571
3371.179039,0.028571
3368.558952,0.028571
3365.938865,0.030612
3363.318777,0.030612
3360.698690,0.030612
3358.078603,0.032653
3355.458515,0.032653
3352.838428,0.032653
3350.218341,0.032653
3347.598253,0.032653
3344.978166,0.032653
3342.358079,0.032653
3339.737991,0.032653
3337.117904,0.030612
3334.497817,0.030612
3331.877729,0.030612
3329.257642,0.030612
3326.637555,0.030612
3324.017467,0.028571
3321.397380,0.028571
3318.777293,0.028571
3316.157205,0.028571
3313.537118,0.028571
3310.917031,0.028571
3308.296943,0.028571
3305.676856,0.028571
3303.056769,0.028571
3300.436681,0.028571
3297.816594,0.028571
3295.196507,0.028571
3292.576419,0.028571
3289.956332,0.030612
3287.336245,0.030612
3284.716157,0.030612
3282.096070,0.030612
3279.475983,0.030612
3276.855895,0.030612
3274.235808,0.030612
3271.615721,0.028571
3268.995633,0.028571
3266.375546,0.028571
3263.755459,0.030612
3261.135371,0.030612
3258.515284,0.030612
3255.895197,0.030612
3253.275109,0.032653
3250.655022,0.032653
3248.034934,0.032653
3245.414847,0.032653
3242.794760,0.032653
3240.174672,0.032653
3237.554585,0.032653
3234.934498,0.032653
3232.314410,0.034694
3229.694323,0.034694
3227.074236,0.036735
3224.454148,0.036735
3221.834061,0.038776
3219.213974,0.038776
3216.593886,0.038776
3213.973799,0.040816
3211.353712,0.040816
3208.733624,0.040816
3206.113537,0.040816
3203.493450,0.042857
3200.873362,0.042857
3198.253275,0.042857
3195.633188,0.042857
3193.013100,0.042857
3190.393013,0.044898
3187.772926,0.044898
3185.152838,0.044898
3182.532751,0.044898
3179.912664,0.044898
3177.292576,0.044898
3174.672489,0.044898
3172.052402,0.046939
3169.432314,0.046939
3166.812227,0.046939
3164.192140,0.046939
3161.572052,0.046939
3158.951965,0.046939
3156.331878,0.046939
3153.711790,0.046939
3151.091703,0.046939
3148.471616,0.046939
3145.851528,0.044898
3143.231441,0.044898
3140.611354,0.044898
3137.991266,0.046939
3135.371179,0.046939
3132.751092,0.046939
3130.131004,0.046939
3127.510917,0.046939
3124.890830,0.046939
3122.270742,0.046939
3119.650655,0.046939
3117.030568,0.046939
3114.410480,0.046939
3111.790393,0.046939
3109.170306,0.046939
3106.550218,0.046939
3103.930131,0.046939
3101.310044,0.048980
3098.689956,0.048980
3096.069869,0.048980
3093.449782,0.048980
3090.829694,0.048980
3088.209607,0.048980
3085.589520,0.048980
3082.969432,0.051020
3080.349345,0.051020
3077.729258,0.053061
3075.109170,0.055102
3072.489083,0.055102
3069.868996,0.059184
3067.248908,0.061224
3064.628821,0.065306
3062.008734,0.073469
3059.388646,0.081633
3056.768559,0.091837
3054.148472,0.097959
3051.528384,0.100000
3048.908297,0.100000
3046.288210,0.095918
3043.668122,0.085714
3041.048035,0.075510
3038.427948,0.067347
3035.807860,0.061224
3033.187773,0.057143
3030.567686,0.055102
3027.947598,0.055102
3025.327511,0.057143
3022.707424,0.059184
3020.087336,0.061224
3017.467249,0.063265
3014.847162,0.067347
3012.227074,0.071429
3009.606987,0.075510
3006.986900,0.081633
3004.366812,0.089796
3001.746725,0.097959
2999.126638,0.108163
2996.506550,0.122449
2993.886463,0.140816
2991.266376,0.165306
2988.646288,0.193878
2986.026201,0.226531
2983.406114,0.263265
2980.786026,0.314286
2978.165939,0.381633
2975.545852,0.465306
2972.925764,0.538776
2970.305677,0.610204
2967.685590,0.706122
2965.065502,0.802041
2962.445415,0.875510
2959.825328,0.914286
2957.205240,0.920408
2954.585153,0.920408
2951.965066,0.916327
2949.344978,0.900000
2946.724891,0.869388
2944.104803,0.834694
2941.484716,0.857143
2938.864629,0.897959
2936.244541,0.934694
2933.624454,0.951020
2931.004367,0.951020
2928.384279,0.946939
2925.764192,0.902041
2923.144105,0.791837
2920.524017,0.651020
2917.903930,0.538776
2915.283843,0.465306
2912.663755,0.418367
2910.043668,0.434694
2907.423581,0.477551
2904.803493,0.520408
2902.183406,0.553061
2899.563319,0.569388
2896.943231,0.569388
2894.323144,0.569388
2891.703057,0.569388
2889.082969,0.589796
2886.462882,0.591837
2883.842795,0.591837
2881.222707,0.577551
2878.602620,0.526531
2875.982533,0.471429
2873.362445,0.508163
2870.742358,0.602041
2868.122271,0.718367
2865.502183,0.808163
2862.882096,0.844898
2860.262009,0.846939
2857.641921,0.846939
2855.021834,0.800000
2852.401747,0.691837
2849.781659,0.563265
2847.161572,0.440816
2844.541485,0.334694
2841.921397,0.261224
2839.301310,0.210204
2836.681223,0.171429
2834.061135,0.146939
2831.441048,0.128571
2828.820961,0.116327
2826.200873,0.112245
2823.580786,0.112245
2820.960699,0.106122
2818.340611,0.093878
2815.720524,0.081633
2813.100437,0.073469
2810.480349,0.077551
2807.860262,0.081633
2805.240175,0.083673
2802.620087,0.081633
2800.000000,0.079592
2797.379913,0.071429
2794.759825,0.063265
2792.139738,0.059184
2789.519651,0.055102
2786.899563,0.053061
2784.279476,0.053061
2781.659389,0.051020
2779.039301,0.051020
2776.419214,0.051020
2773.799127,0.051020
2771.179039,0.046939
2768.558952,0.042857
2765.938865,0.038776
2763.318777,0.034694
2760.698690,0.032653
2758.078603,0.032653
2755.458515,0.032653
2752.838428,0.036735
2750.218341,0.040816
2747.598253,0.048980
2744.978166,0.051020
2742.358079,0.048980
2739.737991,0.046939
2737.117904,0.038776
2734.497817,0.032653
2731.877729,0.030612
2729.257642,0.028571
2726.637555,0.030612
2724.017467,0.036735
2721.397380,0.044898
2718.777293,0.053061
2716.157205,0.055102
2713.537118,0.055102
2710.917031,0.053061
2708.296943,0.046939
2705.676856,0.038776
2703.056769,0.032653
2700.436681,0.028571
2697.816594,0.026531
2695.196507,0.024490
2692.576419,0.024490
2689.956332,0.026531
2687.336245,0.028571
2684.716157,0.028571
2682.096070,0.026531
2679.475983,0.024490
2676.855895,0.022449
2674.235808,0.022449
2671.615721,0.022449
2668.995633,0.020408
2666.375546,0.022449
2663.755459,0.022449
2661.135371,0.024490
2658.515284,0.024490
2655.895197,0.024490
2653.275109,0.026531
2650.655022,0.026531
2648.034934,0.026531
2645.414847,0.026531
2642.794760,0.026531
2640.174672,0.024490
2637.554585,0.022449
2634.934498,0.020408
2632.314410,0.018367
2629.694323,0.018367
2627.074236,0.018367
2624.454148,0.016327
2621.834061,0.016327
2619.213974,0.016327
2616.593886,0.014286
2613.973799,0.014286
2611.353712,0.014286
2608.733624,0.014286
2606.113537,0.014286
2603.493450,0.014286
2600.873362,0.014286
2598.253275,0.014286
2595.633188,0.012245
2593.013100,0.014286
2590.393013,0.014286
2587.772926,0.014286
2585.152838,0.014286
2582.532751,0.014286
2579.912664,0.014286
2577.292576,0.014286
2574.672489,0.014286
2572.052402,0.014286
2569.432314,0.014286
2566.812227,0.012245
2564.192140,0.012245
2561.572052,0.012245
2558.951965,0.012245
2556.331878,0.012245
2553.711790,0.012245
2551.091703,0.012245
2548.471616,0.014286
2545.851528,0.014286
2543.231441,0.014286
2540.611354,0.012245
2537.991266,0.012245
2535.371179,0.012245
2532.751092,0.010204
2530.131004,0.012245
2527.510917,0.010204
2524.890830,0.012245
2522.270742,0.012245
2519.650655,0.012245
2517.030568,0.012245
2514.410480,0.012245
2511.790393,0.010204
2509.170306,0.010204
2506.550218,0.010204
2503.930131,0.012245
2501.310044,0.012245
2498.689956,0.014286
2496.069869,0.016327
2493.449782,0.016327
2490.829694,0.016327
2488.209607,0.014286
2485.589520,0.014286
2482.969432,0.012245
2480.349345,0.012245
2477.729258,0.012245
2475.109170,0.012245
2472.489083,0.012245
2469.868996,0.010204
2467.248908,0.010204
2464.628821,0.010204
2462.008734,0.010204
2459.388646,0.010204
2456.768559,0.010204
2454.148472,0.012245
2451.528384,0.012245
2448.908297,0.012245
2446.288210,0.012245
2443.668122,0.012245
2441.048035,0.012245
2438.427948,0.012245
2435.807860,0.012245
2433.187773,0.012245
2430.567686,0.012245
2427.947598,0.012245
2425.327511,0.012245
2422.707424,0.012245
2420.087336,0.014286
2417.467249,0.014286
2414.847162,0.016327
2412.227074,0.018367
2409.606987,0.018367
2406.986900,0.018367
2404.366812,0.016327
2401.746725,0.016327
2399.126638,0.016327
2396.506550,0.016327
2393.886463,0.014286
2391.266376,0.014286
2388.646288,0.012245
2386.026201,0.012245
2383.406114,0.012245
2380.786026,0.012245
2378.165939,0.012245
2375.545852,0.012245
2372.925764,0.012245
2370.305677,0.012245
2367.685590,0.012245
2365.065502,0.012245
2362.445415,0.012245
2359.825328,0.012245
2357.205240,0.012245
2354.585153,0.010204
2351.965066,0.010204
2349.344978,0.010204
2346.724891,0.010204
2344.104803,0.010204
2341.484716,0.010204
2338.864629,0.010204
2336.244541,0.010204
2333.624454,0.010204
2331.004367,0.012245
2328.384279,0.012245
2325.764192,0.012245
2323.144105,0.014286
2320.524017,0.014286
2317.903930,0.016327
2315.283843,0.020408
2312.663755,0.024490
2310.043668,0.028571
2307.423581,0.030612
2304.803493,0.032653
2302.183406,0.032653
2299.563319,0.030612
2296.943231,0.026531
2294.323144,0.020408
2291.703057,0.016327
2289.082969,0.014286
2286.462882,0.014286
2283.842795,0.012245
2281.222707,0.012245
2278.602620,0.010204
2275.982533,0.010204
2273.362445,0.010204
2270.742358,0.010204
2268.122271,0.010204
2265.502183,0.010204
2262.882096,0.010204
2260.262009,0.008163
2257.641921,0.010204
2255.021834,0.010204
2252.401747,0.008163
2249.781659,0.008163
2247.161572,0.008163
2244.541485,0.008163
2241.921397,0.008163
2239.301310,0.008163
2236.681223,0.008163
2234.061135,0.008163
2231.441048,0.008163
2228.820961,0.008163
2226.200873,0.008163
2223.580786,0.008163
2220.960699,0.008163
2218.340611,0.008163
2215.720524,0.008163
2213.100437,0.008163
2210.480349,0.008163
2207.860262,0.008163
2205.240175,0.008163
2202.620087,0.010204
2200.000000,0.010204
2197.379913,0.010204
2194.759825,0.010204
2192.139738,0.010204
2189.519651,0.012245
2186.899563,0.012245
2184.279476,0.012245
2181.659389,0.012245
2179.039301,0.010204
2176.419214,0.010204
2173.799127,0.010204
2171.179039,0.010204
2168.558952,0.010204
2165.938865,0.010204
2163.318777,0.010204
2160.698690,0.010204
2158.078603,0.010204
2155.458515,0.010204
2152.838428,0.010204
2150.218341,0.010204
2147.598253,0.010204
2144.978166,0.010204
2142.358079,0.010204
2139.737991,0.010204
2137.117904,0.010204
2134.497817,0.010204
2131.877729,0.010204
2129.257642,0.010204
2126.637555,0.010204
2124.017467,0.008163
2121.397380,0.010204
2118.777293,0.010204
2116.157205,0.008163
2113.537118,0.008163
2110.917031,0.008163
2108.296943,0.008163
2105.676856,0.010204
2103.056769,0.010204
2100.436681,0.010204
2097.816594,0.010204
2095.196507,0.010204
2092.576419,0.010204
2089.956332,0.008163
2087.336245,0.010204
2084.716157,0.010204
2082.096070,0.008163
2079.475983,0.010204
2076.855895,0.010204
2074.235808,0.010204
2071.615721,0.010204
2068.995633,0.010204
2066.375546,0.010204
2063.755459,0.010204
2061.135371,0.012245
2058.515284,0.012245
2055.895197,0.014286
2053.275109,0.014286
2050.655022,0.014286
2048.034934,0.014286
2045.414847,0.016327
2042.794760,0.016327
2040.174672,0.016327
2037.554585,0.014286
2034.934498,0.012245
2032.314410,0.010204
2029.694323,0.010204
2027.074236,0.008163
2024.454148,0.006122
2021.834061,0.006122
2019.213974,0.006122
2016.593886,0.006122
2013.973799,0.006122
2011.353712,0.006122
2008.733624,0.006122
2006.113537,0.008163
2003.493450,0.008163
2000.873362,0.008163
1998.253275,0.010204
1995.633188,0.010204
1993.013100,0.010204
1990.393013,0.008163
1987.772926,0.008163
1985.152838,0.006122
1982.532751,0.006122
1979.912664,0.008163
1977.292576,0.008163
1974.672489,0.008163
1972.052402,0.008163
1969.432314,0.008163
1966.812227,0.008163
1964.192140,0.008163
1961.572052,0.010204
1958.951965,0.010204
1956.331878,0.012245
1953.711790,0.014286
1951.091703,0.016327
1948.471616,0.016327
1945.851528,0.018367
1943.231441,0.020408
1940.611354,0.020408
1937.991266,0.022449
1935.371179,0.022449
1932.751092,0.022449
1930.131004,0.022449
1927.510917,0.018367
1924.890830,0.014286
1922.270742,0.012245
1919.650655,0.008163
1917.030568,0.006122
1914.410480,0.006122
1911.790393,0.004082
1909.170306,0.004082
1906.550218,0.004082
1903.930131,0.004082
1901.310044,0.004082
1898.689956,0.004082
1896.069869,0.004082
1893.449782,0.004082
1890.829694,0.004082
1888.209607,0.004082
1885.589520,0.004082
1882.969432,0.004082
1880.349345,0.004082
1877.729258,0.004082
1875.109170,0.004082
1872.489083,0.006122
1869.868996,0.006122
1867.248908,0.006122
1864.628821,0.004082
1862.008734,0.004082
1859.388646,0.004082
1856.768559,0.004082
1854.148472,0.004082
1851.528384,0.004082
1848.908297,0.004082
1846.288210,0.004082
1843.668122,0.004082
1841.048035,0.004082
1838.427948,0.004082
1835.807860,0.004082
1833.187773,0.004082
1830.567686,0.004082
1827.947598,0.004082
1825.327511,0.002041
1822.707424,0.004082
1820.087336,0.004082
1817.467249,0.004082
1814.847162,0.004082
1812.227074,0.004082
1809.606987,0.006122
1806.986900,0.006122
1804.366812,0.008163
1801.746725,0.008163
1799.126638,0.008163
1796.506550,0.008163
1793.886463,0.008163
1791.266376,0.008163
1788.646288,0.008163
1786.026201,0.008163
1783.406114,0.006122
1780.786026,0.006122
1778.165939,0.006122
1775.545852,0.006122
1772.925764,0.006122
1770.305677,0.006122
1767.685590,0.006122
1765.065502,0.006122
1762.445415,0.006122
1759.825328,0.004082
1757.205240,0.006122
1754.585153,0.006122
1751.965066,0.006122
1749.344978,0.006122
1746.724891,0.008163
1744.104803,0.008163
1741.484716,0.008163
1738.864629,0.008163
1736.244541,0.008163
1733.624454,0.010204
1731.004367,0.008163
1728.384279,0.008163
1725.764192,0.008163
1723.144105,0.008163
1720.524017,0.008163
1717.903930,0.008163
1715.283843,0.006122
1712.663755,0.006122
1710.043668,0.006122
1707.423581,0.006122
1704.803493,0.006122
1702.183406,0.008163
1699.563319,0.008163
1696.943231,0.008163
1694.323144,0.008163
1691.703057,0.008163
1689.082969,0.008163
1686.462882,0.008163
1683.842795,0.008163
1681.222707,0.008163
1678.602620,0.008163
1675.982533,0.008163
1673.362445,0.008163
1670.742358,0.010204
1668.122271,0.010204
1665.502183,0.008163
1662.882096,0.008163
1660.262009,0.008163
1657.641921,0.008163
1655.021834,0.008163
1652.401747,0.008163
1649.781659,0.006122
1647.161572,0.008163
1644.541485,0.008163
1641.921397,0.008163
1639.301310,0.008163
1636.681223,0.008163
1634.061135,0.008163
1631.441048,0.008163
1628.820961,0.008163
1626.200873,0.006122
1623.580786,0.008163
1620.960699,0.008163
1618.340611,0.008163
1615.720524,0.008163
1613.100437,0.008163
1610.480349,0.008163
1607.860262,0.010204
1605.240175,0.008163
1602.620087,0.008163
1600.000000,0.008163
1597.379913,0.008163
1594.759825,0.008163
1592.139738,0.008163
1589.519651,0.006122
1586.899563,0.006122
1584.279476,0.006122
1581.659389,0.006122
1579.039301,0.006122
1576.419214,0.006122
1573.799127,0.006122
1571.179039,0.008163
1568.558952,0.008163
1565.938865,0.008163
1563.318777,0.010204
1560.698690,0.010204
1558.078603,0.010204
1555.458515,0.012245
1552.838428,0.012245
1550.218341,0.014286
1547.598253,0.014286
1544.978166,0.014286
1542.358079,0.014286
1539.737991,0.014286
1537.117904,0.016327
1534.497817,0.016327
1531.877729,0.018367
1529.257642,0.020408
1526.637555,0.022449
1524.017467,0.022449
1521.397380,0.022449
1518.777293,0.022449
1516.157205,0.022449
1513.537118,0.022449
1510.917031,0.024490
1508.296943,0.026531
1505.676856,0.028571
1503.056769,0.030612
1500.436681,0.036735
1497.816594,0.040816
1495.196507,0.046939
1492.576419,0.057143
1489.956332,0.069388
1487.336245,0.085714
1484.716157,0.112245
1482.096070,0.161224
1479.475983,0.255102
1476.855895,0.446939
1474.235808,0.630612
1471.615721,0.638776
1468.995633,0.638776
1466.375546,0.583673
1463.755459,0.591837
1461.135371,0.589796
1458.515284,0.485714
1455.895197,0.326531
1453.275109,0.228571
1450.655022,0.183673
1448.034934,0.165306
1445.414847,0.157143
1442.794760,0.155102
1440.174672,0.144898
1437.554585,0.126531
1434.934498,0.110204
1432.314410,0.102041
1429.694323,0.106122
1427.074236,0.116327
1424.454148,0.128571
1421.834061,0.140816
1419.213974,0.161224
1416.593886,0.191837
1413.973799,0.228571
1411.353712,0.244898
1408.733624,0.244898
1406.113537,0.244898
1403.493450,0.236735
1400.873362,0.214286
1398.253275,0.195918
1395.633188,0.220408
1393.013100,0.228571
1390.393013,0.228571
1387.772926,0.214286
1385.152838,0.155102
1382.532751,0.116327
1379.912664,0.100000
1377.292576,0.087755
1374.672489,0.100000
1372.052402,0.142857
1369.432314,0.242857
1366.812227,0.383673
1364.192140,0.391837
1361.572052,0.389796
1358.951965,0.275510
1356.331878,0.140816
1353.711790,0.083673
1351.091703,0.061224
1348.471616,0.051020
1345.851528,0.044898
1343.231441,0.038776
1340.611354,0.032653
1337.991266,0.026531
1335.371179,0.024490
1332.751092,0.022449
1330.131004,0.022449
1327.510917,0.022449
1324.890830,0.024490
1322.270742,0.024490
1319.650655,0.024490
1317.030568,0.024490
1314.410480,0.026531
1311.790393,0.028571
1309.170306,0.032653
1306.550218,0.038776
1303.930131,0.042857
1301.310044,0.048980
1298.689956,0.053061
1296.069869,0.059184
1293.449782,0.067347
1290.829694,0.077551
1288.209607,0.093878
1285.589520,0.114286
1282.969432,0.140816
1280.349345,0.187755
1277.729258,0.255102
1275.109170,0.367347
1272.489083,0.559184
1269.868996,0.781633
1267.248908,0.904082
1264.628821,0.912245
1262.008734,0.912245
1259.388646,0.920408
1256.768559,0.944898
1254.148472,0.944898
1251.528384,0.936735
1248.908297,0.785714
1246.288210,0.524490
1243.668122,0.334694
1241.048035,0.220408
1238.427948,0.157143
1235.807860,0.120408
1233.187773,0.093878
1230.567686,0.077551
1227.947598,0.063265
1225.327511,0.053061
1222.707424,0.044898
1220.087336,0.038776
1217.467249,0.034694
1214.847162,0.032653
1212.227074,0.028571
1209.606987,0.026531
1206.986900,0.024490
1204.366812,0.022449
1201.746725,0.020408
1199.126638,0.020408
1196.506550,0.020408
1193.886463,0.020408
1191.266376,0.020408
1188.646288,0.022449
1186.026201,0.026531
1183.406114,0.028571
1180.786026,0.028571
1178.165939,0.028571
1175.545852,0.026531
1172.925764,0.024490
1170.305677,0.024490
1167.685590,0.026531
1165.065502,0.026531
1162.445415,0.030612
1159.825328,0.034694
1157.205240,0.038776
1154.585153,0.044898
1151.965066,0.048980
1149.344978,0.053061
1146.724891,0.055102
1144.104803,0.057143
1141.484716,0.059184
1138.864629,0.061224
1136.244541,0.061224
1133.624454,0.063265
1131.004367,0.065306
1128.384279,0.067347
1125.764192,0.069388
1123.144105,0.071429
1120.524017,0.073469
1117.903930,0.075510
1115.283843,0.077551
1112.663755,0.079592
1110.043668,0.081633
1107.423581,0.083673
1104.803493,0.085714
1102.183406,0.085714
1099.563319,0.085714
1096.943231,0.085714
1094.323144,0.083673
1091.703057,0.081633
1089.082969,0.079592
1086.462882,0.075510
1083.842795,0.071429
1081.222707,0.069388
1078.602620,0.065306
1075.982533,0.061224
1073.362445,0.057143
1070.742358,0.055102
1068.122271,0.053061
1065.502183,0.051020
1062.882096,0.048980
1060.262009,0.046939
1057.641921,0.044898
1055.021834,0.040816
1052.401747,0.040816
1049.781659,0.038776
1047.161572,0.038776
1044.541485,0.038776
1041.921397,0.038776
1039.301310,0.038776
1036.681223,0.038776
1034.061135,0.038776
1031.441048,0.040816
1028.820961,0.044898
1026.200873,0.048980
1023.580786,0.053061
1020.960699,0.065306
1018.340611,0.089796
1015.720524,0.144898
1013.100437,0.179592
1010.480349,0.179592
1007.860262,0.200000
1005.240175,0.200000
1002.620087,0.200000
1000.000000,0.153061
997.379913,0.085714
994.759825,0.057143
992.139738,0.044898
989.519651,0.036735
986.899563,0.032653
984.279476,0.030612
981.659389,0.028571
979.039301,0.026531
976.419214,0.024490
973.799127,0.026531
971.179039,0.026531
968.558952,0.028571
965.938865,0.032653
963.318777,0.036735
960.698690,0.040816
958.078603,0.044898
955.458515,0.048980
952.838428,0.057143
950.218341,0.067347
947.598253,0.087755
944.978166,0.142857
942.358079,0.202041
939.737991,0.206122
937.117904,0.206122
934.497817,0.169388
931.877729,0.104082
929.257642,0.073469
926.637555,0.059184
924.017467,0.048980
921.397380,0.044898
918.777293,0.042857
916.157205,0.042857
913.537118,0.044898
910.917031,0.048980
908.296943,0.053061
905.676856,0.061224
903.056769,0.073469
900.436681,0.091837
897.816594,0.104082
895.196507,0.106122
892.576419,0.104082
889.956332,0.100000
887.336245,0.100000
884.716157,0.108163
882.096070,0.118367
879.475983,0.130612
876.855895,0.146939
874.235808,0.167347
871.615721,0.189796
868.995633,0.218367
866.375546,0.253061
863.755459,0.297959
861.135371,0.361224
858.515284,0.444898
855.895197,0.559184
853.275109,0.720408
850.655022,0.871429
848.034934,0.963265
845.414847,0.993878
842.794760,0.993878
840.174672,0.993878
837.554585,0.951020
834.934498,0.851020
832.314410,0.740816
829.694323,0.738776
827.074236,0.863265
824.454148,0.900000
821.834061,0.900000
819.213974,0.877551
816.593886,0.751020
813.973799,0.800000
811.353712,0.916327
808.733624,0.955102
806.113537,0.955102
803.493450,0.948980
800.873362,0.865306
798.253275,0.724490
795.633188,0.644898
793.013100,0.791837
790.393013,0.946939
787.772926,0.997959
785.152838,1.000000
782.532751,0.995918
779.912664,0.914286
777.292576,0.746939
774.672489,0.567347
772.052402,0.428571
769.432314,0.342857
766.812227,0.295918
764.192140,0.312245
761.572052,0.365306
758.951965,0.453061
756.331878,0.577551
753.711790,0.732653
751.091703,0.863265
748.471616,0.918367
745.851528,0.940816
743.231441,0.948980
740.611354,0.951020
737.991266,0.948980
735.371179,0.936735
732.751092,0.889796
730.131004,0.804082
727.510917,0.679592
724.890830,0.557143
722.270742,0.467347
719.650655,0.408163
717.030568,0.371429
714.410480,0.395918
711.790393,0.463265
709.170306,0.518367
706.550218,0.522449
703.930131,0.520408
701.310044,0.491837
698.689956,0.426531
696.069869,0.373469
693.449782,0.389796
690.829694,0.455102
688.209607,0.569388
685.589520,0.657143
682.969432,0.663265
680.349345,0.661224
677.729258,0.606122
675.109170,0.469388
672.489083,0.338776
669.868996,0.244898
667.248908,0.189796
664.628821,0.155102
662.008734,0.132653
659.388646,0.122449
656.768559,0.116327
654.148472,0.112245
651.528384,0.112245
648.908297,0.116327
646.288210,0.122449
643.668122,0.124490
641.048035,0.128571
638.427948,0.132653
635.807860,0.138776
633.187773,0.144898
630.567686,0.155102
627.947598,0.165306
625.327511,0.175510
622.707424,0.181633
620.087336,0.191837
617.467249,0.204082
614.847162,0.218367
612.227074,0.232653
609.606987,0.246939
606.986900,0.261224
604.366812,0.279592
601.746725,0.295918
599.126638,0.297959
596.506550,0.295918
593.886463,0.291837
591.266376,0.279592
588.646288,0.259184
586.026201,0.230612
583.406114,0.197959
580.786026,0.165306
578.165939,0.130612
575.545852,0.100000
572.925764,0.075510
570.305677,0.053061
567.685590,0.036735
565.065502,0.026531
562.445415,0.016327
559.825328,0.010204
557.205240,0.008163
554.585153,0.004082
551.965066,0.004082
549.344978,0.004082
546.724891,0.002041
544.104803,0.002041
541.484716,0.002041
538.864629,0.002041
536.244541,0.002041
533.624454,0.002041
531.004367,0.002041
528.384279,0.002041
525.764192,0.002041
523.144105,0.002041
520.524017,0.002041
517.903930,0.002041
515.283843,0.002041
512.663755,0.002041
510.043668,0.002041
507.423581,0.002041
504.803493,0.002041
502.183406,0.002041
499.563319,0.002041
496.943231,0.002041
494.323144,0.002041
491.703057,0.002041
489.082969,0.002041
486.462882,0.002041
483.842795,0.002041
481.222707,0.002041
478.602620,0.002041
475.982533,0.002041
473.362445,0.002041
470.742358,0.002041
468.122271,0.002041
465.502183,0.002041
462.882096,0.002041
460.262009,0.002041
457.641921,0.002041
455.021834,0.002041
452.401747,0.002041
449.781659,0.002041
447.161572,nan
444.541485,nan
441.921397,nan
439.301310,nan
436.681223,nan
434.061135,nan
431.441048,nan
428.820961,nan
426.200873,nan
423.580786,nan
420.960699,nan
418.340611,nan
415.720524,nan
413.100437,nan
410.480349,nan
407.860262,nan
405.240175,nan
402.620087,nan
400.000000,nan
