4000.000000,0.004082
3997.379913,0.006122
3994.759825,0.006122
3992.139738,0.006122
3989.519651,0.006122
3986.899563,0.006122
3984.279476,0.006122
3981.659389,0.006122
3979.039301,0.006122
3976.419214,0.006122
3973.799127,0.006122
3971.179039,0.006122
3968.558952,0.006122
3965.938865,0.004082
3963.318777,0.006122
3960.698690,0.006122
3958.078603,0.006122
3955.458515,0.006122
3952.838428,0.006122
3950.218341,0.004082
3947.598253,0.006122
3944.978166,0.006122
3942.358079,0.006122
3939.737991,0.006122
3937.117904,0.006122
3934.497817,0.006122
3931.877729,0.006122
3929.257642,0.006122
3926.637555,0.006122
3924.017467,0.006122
3921.397380,0.006122
3918.777293,0.006122
3916.157205,0.004082
3913.537118,0.004082
3910.917031,0.006122
3908.296943,0.006122
3905.676856,0.006122
3903.056769,0.004082
3900.436681,0.004082
3897.816594,0.004082
3895.196507,0.004082
3892.576419,0.004082
3889.956332,0.004082
3887.336245,0.004082
3884.716157,0.006122
3882.096070,0.006122
3879.475983,0.004082
3876.855895,0.004082
3874.235808,0.004082
3871.615721,0.004082
3868.995633,0.004082
3866.375546,0.004082
3863.755459,0.004082
3861.135371,0.004082
3858.515284,0.006122
3855.895197,0.006122
3853.275109,0.006122
3850.655022,0.006122
3848.034934,0.004082
3845.414847,0.004082
3842.794760,0.006122
3840.174672,0.006122
3837.554585,0.006122
3834.934498,0.004082
3832.314410,0.004082
3829.694323,0.006122
3827.074236,0.006122
3824.454148,0.006122
3821.834061,0.006122
3819.213974,0.006122
3816.593886,0.006122
3813.973799,0.006122
3811.353712,0.006122
3808.733624,0.006122
3806.113537,0.008163
3803.493450,0.008163
3800.873362,0.008163
3798.253275,0.008163
3795.633188,0.008163
3793.013100,0.008163
3790.393013,0.008163
3787.772926,0.008163
3785.152838,0.008163
3782.532751,0.008163
3779.912664,0.008163
3777.292576,0.008163
3774.672489,0.008163
3772.052402,0.008163
3769.432314,0.008163
3766.812227,0.008163
3764.192140,0.008163
3761.572052,0.008163
3758.951965,0.008163
3756.331878,0.008163
3753.711790,0.008163
3751.091703,0.008163
3748.471616,0.008163
3745.851528,0.008163
3743.231441,0.008163
3740.611354,0.008163
3737.991266,0.008163
3735.371179,0.008163
3732.751092,0.008163
3730.131004,0.010204
3727.510917,0.010204
3724.890830,0.010204
3722.270742,0.010204
3719.650655,0.010204
3717.030568,0.010204
3714.410480,0.010204
3711.790393,0.010204
3709.170306,0.010204
3706.550218,0.008163
3703.930131,0.008163
3701.310044,0.008163
3698.689956,0.010204
3696.069869,0.010204
3693.449782,0.010204
3690.829694,0.010204
3688.209607,0.008163
3685.589520,0.008163
3682.969432,0.008163
3680.349345,0.008163
3677.729258,0.008163
3675.109170,0.008163
3672.489083,0.008163
3669.868996,0.008163
3667.248908,0.008163
3664.628821,0.008163
3662.008734,0.008163
3659.388646,0.008163
3656.768559,0.008163
3654.148472,0.010204
3651.528384,0.010204
3648.908297,0.010204
3646.288210,0.010204
3643.668122,0.010204
3641.048035,0.010204
3638.427948,0.010204
3635.807860,0.010204
3633.187773,0.010204
3630.567686,0.010204
3627.947598,0.010204
3625.327511,0.010204
3622.707424,0.010204
3620.087336,0.010204
3617.467249,0.010204
3614.847162,0.010204
3612.227074,0.010204
3609.606987,0.010204
3606.986900,0.010204
3604.366812,0.010204
3601.746725,0.010204
3599.126638,0.010204
3596.506550,0.010204
3593.886463,0.010204
3591.266376,0.010204
3588.646288,0.010204
3586.026201,0.012245
3583.406114,0.012245
3580.786026,0.012245
3578.165939,0.012245
3575.545852,0.010204
3572.925764,0.010204
3570.305677,0.010204
3567.685590,0.010204
3565.065502,0.010204
3562.445415,0.010204
3559.825328,0.010204
3557.205240,0.010204
3554.585153,0.010204
3551.965066,0.010204
3549.344978,0.010204
3546.724891,0.010204
3544.104803,0.010204
3541.484716,0.010204
3538.864629,0.010204
3536.244541,0.010204
3533.624454,0.010204
3531.004367,0.010204
3528.384279,0.010204
3525.764192,0.010204
3523.144105,0.010204
3520.524017,0.010204
3517.903930,0.010204
3515.283843,0.010204
3512.663755,0.010204
3510.043668,0.010204
3507.423581,0.010204
3504.803493,0.010204
3502.183406,0.010204
3499.563319,0.010204
3496.943231,0.012245
3494.323144,0.012245
3491.703057,0.012245
3489.082969,0.012245
3486.462882,0.012245
3483.842795,0.012245
3481.222707,0.012245
3478.602620,0.012245
3475.982533,0.012245
3473.362445,0.012245
3470.742358,0.012245
3468.122271,0.012245
3465.502183,0.012245
3462.882096,0.014286
3460.262009,0.014286
3457.641921,0.014286
3455.021834,0.014286
3452.401747,0.014286
3449.781659,0.014286
3447.161572,0.014286
3444.541485,0.014286
3441.921397,0.014286
3439.301310,0.014286
3436.681223,0.014286
3434.061135,0.014286
3431.441048,0.014286
3428.820961,0.014286
3426.200873,0.014286
3423.580786,0.014286
3420.960699,0.014286
3418.340611,0.014286
3415.720524,0.014286
3413.100437,0.016327
3410.480349,0.016327
3407.860262,0.016327
3405.240175,0.016327
3402.620087,0.016327
3400.000000,0.016327
3397.379913,0.014286
3394.759825,0.016327
3392.139738,0.016327
3389.519651,0.016327
3386.899563,0.016327
3384.279476,0.016327
3381.659389,0.016327
3379.039301,0.016327
3376.419214,0.016327
3373.799127,0.014286
3371.179039,0.014286
3368.558952,0.016327
3365.938865,0.016327
3363.318777,0.016327
3360.698690,0.016327
3358.078603,0.016327
3355.458515,0.016327
3352.838428,0.016327
3350.218341,0.014286
3347.598253,0.016327
3344.978166,0.016327
3342.358079,0.016327
3339.737991,0.014286
3337.117904,0.014286
3334.497817,0.014286
3331.877729,0.014286
3329.257642,0.014286
3326.637555,0.014286
3324.017467,0.014286
3321.397380,0.014286
3318.777293,0.014286
3316.157205,0.014286
3313.537118,0.014286
3310.917031,0.014286
3308.296943,0.014286
3305.676856,0.014286
3303.056769,0.014286
3300.436681,0.014286
3297.816594,0.014286
3295.196507,0.014286
3292.576419,0.014286
3289.956332,0.014286
3287.336245,0.014286
3284.716157,0.014286
3282.096070,0.014286
3279.475983,0.014286
3276.855895,0.014286
3274.235808,0.014286
3271.615721,0.014286
3268.995633,0.014286
3266.375546,0.014286
3263.755459,0.014286
3261.135371,0.014286
3258.515284,0.014286
3255.895197,0.014286
3253.275109,0.014286
3250.655022,0.014286
3248.034934,0.014286
3245.414847,0.014286
3242.794760,0.014286
3240.174672,0.014286
3237.554585,0.014286
3234.934498,0.014286
3232.314410,0.014286
3229.694323,0.014286
3227.074236,0.014286
3224.454148,0.012245
3221.834061,0.014286
3219.213974,0.014286
3216.593886,0.014286
3213.973799,0.014286
3211.353712,0.014286
3208.733624,0.014286
3206.113537,0.014286
3203.493450,0.014286
3200.873362,0.014286
3198.253275,0.014286
3195.633188,0.012245
3193.013100,0.012245
3190.393013,0.012245
3187.772926,0.012245
3185.152838,0.012245
3182.532751,0.012245
3179.912664,0.012245
3177.292576,0.012245
3174.672489,0.012245
3172.052402,0.012245
3169.432314,0.012245
3166.812227,0.012245
3164.192140,0.012245
3161.572052,0.012245
3158.951965,0.012245
3156.331878,0.012245
3153.711790,0.010204
3151.091703,0.010204
3148.471616,0.012245
3145.851528,0.012245
3143.231441,0.012245
3140.611354,0.012245
3137.991266,0.010204
3135.371179,0.010204
3132.751092,0.010204
3130.131004,0.010204
3127.510917,0.010204
3124.890830,0.010204
3122.270742,0.010204
3119.650655,0.010204
3117.030568,0.010204
3114.410480,0.010204
3111.790393,0.010204
3109.170306,0.010204
3106.550218,0.010204
3103.930131,0.010204
3101.310044,0.010204
3098.689956,0.010204
3096.069869,0.010204
3093.449782,0.010204
3090.829694,0.010204
3088.209607,0.010204
3085.589520,0.010204
3082.969432,0.010204
3080.349345,0.010204
3077.729258,0.010204
3075.109170,0.010204
3072.489083,0.010204
3069.868996,0.010204
3067.248908,0.010204
3064.628821,0.010204
3062.008734,0.010204
3059.388646,0.010204
3056.768559,0.010204
3054.148472,0.010204
3051.528384,0.010204
3048.908297,0.010204
3046.288210,0.010204
3043.668122,0.010204
3041.048035,0.010204
3038.427948,0.010204
3035.807860,0.012245
3033.187773,0.012245
3030.567686,0.012245
3027.947598,0.012245
3025.327511,0.012245
3022.707424,0.012245
3020.087336,0.012245
3017.467249,0.014286
3014.847162,0.014286
3012.227074,0.014286
3009.606987,0.014286
3006.986900,0.016327
3004.366812,0.016327
3001.746725,0.018367
2999.126638,0.020408
2996.506550,0.020408
2993.886463,0.022449
2991.266376,0.024490
2988.646288,0.026531
2986.026201,0.026531
2983.406114,0.026531
2980.786026,0.026531
2978.165939,0.026531
2975.545852,0.026531
2972.925764,0.026531
2970.305677,0.026531
2967.685590,0.024490
2965.065502,0.024490
2962.445415,0.022449
2959.825328,0.022449
2957.205240,0.022449
2954.585153,0.022449
2951.965066,0.024490
2949.344978,0.026531
2946.724891,0.032653
2944.104803,0.044898
2941.484716,0.059184
2938.864629,0.073469
2936.244541,0.077551
2933.624454,0.077551
2931.004367,0.073469
2928.384279,0.063265
2925.764192,0.053061
2923.144105,0.044898
2920.524017,0.036735
2917.903930,0.030612
2915.283843,0.026531
2912.663755,0.024490
2910.043668,0.024490
2907.423581,0.022449
2904.803493,0.020408
2902.183406,0.018367
2899.563319,0.016327
2896.943231,0.014286
2894.323144,0.012245
2891.703057,0.012245
2889.082969,0.010204
2886.462882,0.010204
2883.842795,0.010204
2881.222707,0.010204
2878.602620,0.010204
2875.982533,0.008163
2873.362445,0.008163
2870.742358,0.008163
2868.122271,0.008163
2865.502183,0.008163
2862.882096,0.008163
2860.262009,0.008163
2857.641921,0.008163
2855.021834,0.008163
2852.401747,0.008163
2849.781659,0.008163
2847.161572,0.008163
2844.541485,0.006122
2841.921397,0.006122
2839.301310,0.006122
2836.681223,0.006122
2834.061135,0.006122
2831.441048,0.006122
2828.820961,0.006122
2826.200873,0.006122
2823.580786,0.006122
2820.960699,0.006122
2818.340611,0.006122
2815.720524,0.006122
2813.100437,0.006122
2810.480349,0.006122
2807.860262,0.006122
2805.240175,0.006122
2802.620087,0.006122
2800.000000,0.006122
2797.379913,0.006122
2794.759825,0.008163
2792.139738,0.006122
2789.519651,0.008163
2786.899563,0.008163
2784.279476,0.008163
2781.659389,0.008163
2779.039301,0.008163
2776.419214,0.008163
2773.799127,0.008163
2771.179039,0.006122
2768.558952,0.006122
2765.938865,0.006122
2763.318777,0.006122
2760.698690,0.006122
2758.078603,0.006122
2755.458515,0.006122
2752.838428,0.006122
2750.218341,0.006122
2747.598253,0.006122
2744.978166,0.006122
2742.358079,0.006122
2739.737991,0.006122
2737.117904,0.006122
2734.497817,0.004082
2731.877729,0.004082
2729.257642,0.004082
2726.637555,0.004082
2724.017467,0.004082
2721.397380,0.004082
2718.777293,0.004082
2716.157205,0.006122
2713.537118,0.006122
2710.917031,0.004082
2708.296943,0.004082
2705.676856,0.004082
2703.056769,0.004082
2700.436681,0.004082
2697.816594,0.004082
2695.196507,0.004082
2692.576419,0.004082
2689.956332,0.004082
2687.336245,0.004082
2684.716157,0.004082
2682.096070,0.004082
2679.475983,0.004082
2676.855895,0.004082
2674.235808,0.004082
2671.615721,0.004082
2668.995633,0.004082
2666.375546,0.004082
2663.755459,0.004082
2661.135371,0.004082
2658.515284,0.004082
2655.895197,0.004082
2653.275109,0.004082
2650.655022,0.004082
2648.034934,0.004082
2645.414847,0.004082
2642.794760,0.004082
2640.174672,0.004082
2637.554585,0.004082
2634.934498,0.004082
2632.314410,0.004082
2629.694323,0.004082
2627.074236,0.004082
2624.454148,0.004082
2621.834061,0.004082
2619.213974,0.004082
2616.593886,0.004082
2613.973799,0.004082
2611.353712,0.004082
2608.733624,0.004082
2606.113537,0.004082
2603.493450,0.004082
2600.873362,0.004082
2598.253275,0.004082
2595.633188,0.004082
2593.013100,0.004082
2590.393013,0.004082
2587.772926,0.004082
2585.152838,0.004082
2582.532751,0.004082
2579.912664,0.004082
2577.292576,0.004082
2574.672489,0.004082
2572.052402,0.004082
2569.432314,0.004082
2566.812227,0.006122
2564.192140,0.006122
2561.572052,0.004082
2558.951965,0.004082
2556.331878,0.004082
2553.711790,0.004082
2551.091703,0.004082
2548.471616,0.004082
2545.851528,0.004082
2543.231441,0.004082
2540.611354,0.004082
2537.991266,0.004082
2535.371179,0.004082
2532.751092,0.004082
2530.131004,0.004082
2527.510917,0.004082
2524.890830,0.004082
2522.270742,0.004082
2519.650655,0.004082
2517.030568,0.004082
2514.410480,0.004082
2511.790393,0.004082
2509.170306,0.004082
2506.550218,0.004082
2503.930131,0.004082
2501.310044,0.004082
2498.689956,0.004082
2496.069869,0.004082
2493.449782,0.004082
2490.829694,0.004082
2488.209607,0.004082
2485.589520,0.004082
2482.969432,0.004082
2480.349345,0.004082
2477.729258,0.004082
2475.109170,0.004082
2472.489083,0.004082
2469.868996,0.004082
2467.248908,0.004082
2464.628821,0.004082
2462.008734,0.004082
2459.388646,0.004082
2456.768559,0.004082
2454.148472,0.004082
2451.528384,0.004082
2448.908297,0.004082
2446.288210,0.004082
2443.668122,0.004082
2441.048035,0.004082
2438.427948,0.004082
2435.807860,0.004082
2433.187773,0.004082
2430.567686,0.004082
2427.947598,0.004082
2425.327511,0.004082
2422.707424,0.004082
2420.087336,0.004082
2417.467249,0.004082
2414.847162,0.004082
2412.227074,0.004082
2409.606987,0.004082
2406.986900,0.004082
2404.366812,0.004082
2401.746725,0.004082
2399.126638,0.004082
2396.506550,0.004082
2393.886463,0.004082
2391.266376,0.004082
2388.646288,0.004082
2386.026201,0.004082
2383.406114,0.004082
2380.786026,0.004082
2378.165939,0.004082
2375.545852,0.004082
2372.925764,0.004082
2370.305677,0.004082
2367.685590,0.004082
2365.065502,0.004082
2362.445415,0.004082
2359.825328,0.006122
2357.205240,0.006122
2354.585153,0.006122
2351.965066,0.006122
2349.344978,0.006122
2346.724891,0.006122
2344.104803,0.004082
2341.484716,0.004082
2338.864629,0.004082
2336.244541,0.004082
2333.624454,0.004082
2331.004367,0.004082
2328.384279,0.004082
2325.764192,0.004082
2323.144105,0.004082
2320.524017,0.004082
2317.903930,0.004082
2315.283843,0.004082
2312.663755,0.004082
2310.043668,0.004082
2307.423581,0.004082
2304.803493,0.004082
2302.183406,0.004082
2299.563319,0.004082
2296.943231,0.004082
2294.323144,0.004082
2291.703057,0.004082
2289.082969,0.004082
2286.462882,0.004082
2283.842795,0.004082
2281.222707,0.006122
2278.602620,0.006122
2275.982533,0.006122
2273.362445,0.006122
2270.742358,0.006122
2268.122271,0.006122
2265.502183,0.006122
2262.882096,0.004082
2260.262009,0.004082
2257.641921,0.004082
2255.021834,0.004082
2252.401747,0.004082
2249.781659,0.004082
2247.161572,0.004082
2244.541485,0.004082
2241.921397,0.004082
2239.301310,0.004082
2236.681223,0.004082
2234.061135,0.004082
2231.441048,0.004082
2228.820961,0.004082
2226.200873,0.006122
2223.580786,0.006122
2220.960699,0.006122
2218.340611,0.006122
2215.720524,0.006122
2213.100437,0.006122
2210.480349,0.006122
2207.860262,0.006122
2205.240175,0.006122
2202.620087,0.006122
2200.000000,0.006122
2197.379913,0.006122
2194.759825,0.006122
2192.139738,0.006122
2189.519651,0.006122
2186.899563,0.006122
2184.279476,0.006122
2181.659389,0.006122
2179.039301,0.006122
2176.419214,0.006122
2173.799127,0.006122
2171.179039,0.004082
2168.558952,0.004082
2165.938865,0.004082
2163.318777,0.004082
2160.698690,0.004082
2158.078603,0.004082
2155.458515,0.004082
2152.838428,0.004082
2150.218341,0.004082
2147.598253,0.004082
2144.978166,0.004082
2142.358079,0.004082
2139.737991,0.004082
2137.117904,0.004082
2134.497817,0.004082
2131.877729,0.004082
2129.257642,0.004082
2126.637555,0.004082
2124.017467,0.004082
2121.397380,0.004082
2118.777293,0.004082
2116.157205,0.004082
2113.537118,0.004082
2110.917031,0.004082
2108.296943,0.004082
2105.676856,0.004082
2103.056769,0.006122
2100.436681,0.006122
2097.816594,0.006122
2095.196507,0.006122
2092.576419,0.006122
2089.956332,0.008163
2087.336245,0.008163
2084.716157,0.008163
2082.096070,0.008163
2079.475983,0.008163
2076.855895,0.008163
2074.235808,0.008163
2071.615721,0.008163
2068.995633,0.008163
2066.375546,0.008163
2063.755459,0.008163
2061.135371,0.008163
2058.515284,0.008163
2055.895197,0.008163
2053.275109,0.008163
2050.655022,0.008163
2048.034934,0.008163
2045.414847,0.008163
2042.794760,0.006122
2040.174672,0.006122
2037.554585,0.006122
2034.934498,0.006122
2032.314410,0.006122
2029.694323,0.004082
2027.074236,0.004082
2024.454148,0.004082
2021.834061,0.004082
2019.213974,0.004082
2016.593886,0.006122
2013.973799,0.006122
2011.353712,0.006122
2008.733624,0.006122
2006.113537,0.006122
2003.493450,0.006122
2000.873362,0.008163
1998.253275,0.008163
1995.633188,0.010204
1993.013100,0.010204
1990.393013,0.008163
1987.772926,0.006122
1985.152838,0.006122
1982.532751,0.006122
1979.912664,0.006122
1977.292576,0.006122
1974.672489,0.004082
1972.052402,0.004082
1969.432314,0.004082
1966.812227,0.004082
1964.192140,0.004082
1961.572052,0.006122
1958.951965,0.006122
1956.331878,0.006122
1953.711790,0.006122
1951.091703,0.006122
1948.471616,0.006122
1945.851528,0.006122
1943.231441,0.004082
1940.611354,0.004082
1937.991266,0.004082
1935.371179,0.004082
1932.751092,0.004082
1930.131004,0.004082
1927.510917,0.004082
1924.890830,0.004082
1922.270742,0.004082
1919.650655,0.004082
1917.030568,0.004082
1914.410480,0.006122
1911.790393,0.006122
1909.170306,0.006122
1906.550218,0.004082
1903.930131,0.004082
1901.310044,0.004082
1898.689956,0.004082
1896.069869,0.004082
1893.449782,0.004082
1890.829694,0.004082
1888.209607,0.004082
1885.589520,0.004082
1882.969432,0.004082
1880.349345,0.004082
1877.729258,0.004082
1875.109170,0.004082
1872.489083,0.004082
1869.868996,0.004082
1867.248908,0.004082
1864.628821,0.004082
1862.008734,0.004082
1859.388646,0.004082
1856.768559,0.004082
1854.148472,0.004082
1851.528384,0.004082
1848.908297,0.004082
1846.288210,0.004082
1843.668122,0.004082
1841.048035,0.004082
1838.427948,0.004082
1835.807860,0.004082
1833.187773,0.004082
1830.567686,0.004082
1827.947598,0.004082
1825.327511,0.004082
1822.707424,0.004082
1820.087336,0.004082
1817.467249,0.004082
1814.847162,0.004082
1812.227074,0.004082
1809.606987,0.004082
1806.986900,0.004082
1804.366812,0.004082
1801.746725,0.004082
1799.126638,0.004082
1796.506550,0.004082
1793.886463,0.004082
1791.266376,0.004082
1788.646288,0.004082
1786.026201,0.004082
1783.406114,0.004082
1780.786026,0.004082
1778.165939,0.004082
1775.545852,0.004082
1772.925764,0.004082
1770.305677,0.002041
1767.685590,0.004082
1765.065502,0.004082
1762.445415,0.004082
1759.825328,0.004082
1757.205240,0.004082
1754.585153,0.004082
1751.965066,0.004082
1749.344978,0.004082
1746.724891,0.004082
1744.104803,0.004082
1741.484716,0.004082
1738.864629,0.004082
1736.244541,0.004082
1733.624454,0.004082
1731.004367,0.004082
1728.384279,0.004082
1725.764192,0.004082
1723.144105,0.004082
1720.524017,0.004082
1717.903930,0.004082
1715.283843,0.002041
1712.663755,0.004082
1710.043668,0.004082
1707.423581,0.004082
1704.803493,0.004082
1702.183406,0.004082
1699.563319,0.004082
1696.943231,0.002041
1694.323144,0.002041
1691.703057,0.004082
1689.082969,0.004082
1686.462882,0.004082
1683.842795,0.004082
1681.222707,0.004082
1678.602620,0.004082
1675.982533,0.004082
1673.362445,0.004082
1670.742358,0.004082
1668.122271,0.004082
1665.502183,0.004082
1662.882096,0.004082
1660.262009,0.004082
1657.641921,0.006122
1655.021834,0.006122
1652.401747,0.004082
1649.781659,0.004082
1647.161572,0.004082
1644.541485,0.004082
1641.921397,0.006122
1639.301310,0.006122
1636.681223,0.006122
1634.061135,0.004082
1631.441048,0.006122
1628.820961,0.006122
1626.200873,0.006122
1623.580786,0.006122
1620.960699,0.006122
1618.340611,0.006122
1615.720524,0.006122
1613.100437,0.006122
1610.480349,0.006122
1607.860262,0.006122
1605.240175,0.006122
1602.620087,0.006122
1600.000000,0.006122
1597.379913,0.006122
1594.759825,0.006122
1592.139738,0.006122
1589.519651,0.006122
1586.899563,0.006122
1584.279476,0.006122
1581.659389,0.006122
1579.039301,0.006122
1576.419214,0.006122
1573.799127,0.006122
1571.179039,0.006122
1568.558952,0.006122
1565.938865,0.006122
1563.318777,0.006122
1560.698690,0.006122
1558.078603,0.004082
1555.458515,0.004082
1552.838428,0.006122
1550.218341,0.006122
1547.598253,0.006122
1544.978166,0.006122
1542.358079,0.006122
1539.737991,0.006122
1537.117904,0.008163
1534.497817,0.008163
1531.877729,0.008163
1529.257642,0.008163
1526.637555,0.008163
1524.017467,0.008163
1521.397380,0.008163
1518.777293,0.008163
1516.157205,0.008163
1513.537118,0.008163
1510.917031,0.008163
1508.296943,0.008163
1505.676856,0.006122
1503.056769,0.008163
1500.436681,0.008163
1497.816594,0.008163
1495.196507,0.008163
1492.576419,0.008163
1489.956332,0.008163
1487.336245,0.008163
1484.716157,0.008163
1482.096070,0.008163
1479.475983,0.010204
1476.855895,0.010204
1474.235808,0.010204
1471.615721,0.008163
1468.995633,0.010204
1466.375546,0.010204
1463.755459,0.010204
1461.135371,0.010204
1458.515284,0.010204
1455.895197,0.010204
1453.275109,0.012245
1450.655022,0.012245
1448.034934,0.012245
1445.414847,0.012245
1442.794760,0.014286
1440.174672,0.014286
1437.554585,0.014286
1434.934498,0.016327
1432.314410,0.018367
1429.694323,0.020408
1427.074236,0.022449
1424.454148,0.022449
1421.834061,0.024490
1419.213974,0.028571
1416.593886,0.036735
1413.973799,0.048980
1411.353712,0.067347
1408.733624,0.089796
1406.113537,0.104082
1403.493450,0.110204
1400.873362,0.116327
1398.253275,0.122449
1395.633188,0.124490
1393.013100,0.122449
1390.393013,0.114286
1387.772926,0.093878
1385.152838,0.075510
1382.532751,0.069388
1379.912664,0.065306
1377.292576,0.057143
1374.672489,0.051020
1372.052402,0.044898
1369.432314,0.040816
1366.812227,0.032653
1364.192140,0.026531
1361.572052,0.020408
1358.951965,0.016327
1356.331878,0.016327
1353.711790,0.014286
1351.091703,0.014286
1348.471616,0.012245
1345.851528,0.012245
1343.231441,0.010204
1340.611354,0.010204
1337.991266,0.010204
1335.371179,0.010204
1332.751092,0.010204
1330.131004,0.008163
1327.510917,0.010204
1324.890830,0.008163
1322.270742,0.008163
1319.650655,0.008163
1317.030568,0.008163
1314.410480,0.008163
1311.790393,0.010204
1309.170306,0.010204
1306.550218,0.010204
1303.930131,0.012245
1301.310044,0.012245
1298.689956,0.012245
1296.069869,0.014286
1293.449782,0.016327
1290.829694,0.016327
1288.209607,0.020408
1285.589520,0.024490
1282.969432,0.030612
1280.349345,0.036735
1277.729258,0.044898
1275.109170,0.059184
1272.489083,0.091837
1269.868996,0.161224
1267.248908,0.293878
1264.628821,0.438776
1262.008734,0.444898
1259.388646,0.442857
1256.768559,0.318367
1254.148472,0.159184
1251.528384,0.077551
1248.908297,0.046939
1246.288210,0.032653
1243.668122,0.024490
1241.048035,0.018367
1238.427948,0.016327
1235.807860,0.014286
1233.187773,0.012245
1230.567686,0.012245
1227.947598,0.010204
1225.327511,0.010204
1222.707424,0.010204
1220.087336,0.010204
1217.467249,0.012245
1214.847162,0.012245
1212.227074,0.012245
1209.606987,0.012245
1206.986900,0.012245
1204.366812,0.014286
1201.746725,0.014286
1199.126638,0.016327
1196.506550,0.020408
1193.886463,0.026531
1191.266376,0.032653
1188.646288,0.044898
1186.026201,0.061224
1183.406114,0.075510
1180.786026,0.075510
1178.165939,0.075510
1175.545852,0.061224
1172.925764,0.038776
1170.305677,0.026531
1167.685590,0.022449
1165.065502,0.018367
1162.445415,0.018367
1159.825328,0.018367
1157.205240,0.018367
1154.585153,0.018367
1151.965066,0.020408
1149.344978,0.020408
1146.724891,0.022449
1144.104803,0.022449
1141.484716,0.024490
1138.864629,0.028571
1136.244541,0.030612
1133.624454,0.034694
1131.004367,0.038776
1128.384279,0.042857
1125.764192,0.046939
1123.144105,0.051020
1120.524017,0.057143
1117.903930,0.061224
1115.283843,0.067347
1112.663755,0.073469
1110.043668,0.079592
1107.423581,0.089796
1104.803493,0.102041
1102.183406,0.106122
1099.563319,0.106122
1096.943231,0.100000
1094.323144,0.085714
1091.703057,0.077551
1089.082969,0.073469
1086.462882,0.071429
1083.842795,0.069388
1081.222707,0.069388
1078.602620,0.067347
1075.982533,0.067347
1073.362445,0.067347
1070.742358,0.067347
1068.122271,0.065306
1065.502183,0.065306
1062.882096,0.063265
1060.262009,0.061224
1057.641921,0.061224
1055.021834,0.059184
1052.401747,0.057143
1049.781659,0.057143
1047.161572,0.055102
1044.541485,0.053061
1041.921397,0.051020
1039.301310,0.051020
1036.681223,0.051020
1034.061135,0.048980
1031.441048,0.046939
1028.820961,0.046939
1026.200873,0.044898
1023.580786,0.040816
1020.960699,0.038776
1018.340611,0.036735
1015.720524,0.032653
1013.100437,0.030612
1010.480349,0.026531
1007.860262,0.024490
1005.240175,0.020408
1002.620087,0.018367
1000.000000,0.018367
997.379913,0.016327
994.759825,0.016327
992.139738,0.016327
989.519651,0.014286
986.899563,0.014286
984.279476,0.014286
981.659389,0.012245
979.039301,0.012245
976.419214,0.012245
973.799127,0.012245
971.179039,0.012245
968.558952,0.012245
965.938865,0.012245
963.318777,0.012245
960.698690,0.012245
958.078603,0.014286
955.458515,0.014286
952.838428,0.014286
950.218341,0.016327
947.598253,0.016327
944.978166,0.016327
942.358079,0.016327
939.737991,0.016327
937.117904,0.018367
934.497817,0.018367
931.877729,0.018367
929.257642,0.020408
926.637555,0.020408
924.017467,0.022449
921.397380,0.022449
918.777293,0.022449
916.157205,0.024490
913.537118,0.024490
910.917031,0.024490
908.296943,0.026531
905.676856,0.026531
903.056769,0.028571
900.436681,0.030612
897.816594,0.030612
895.196507,0.032653
892.576419,0.032653
889.956332,0.034694
887.336245,0.036735
884.716157,0.038776
882.096070,0.040816
879.475983,0.040816
876.855895,0.042857
874.235808,0.042857
871.615721,0.044898
868.995633,0.046939
866.375546,0.048980
863.755459,0.051020
861.135371,0.055102
858.515284,0.059184
855.895197,0.065306
853.275109,0.071429
850.655022,0.079592
848.034934,0.087755
845.414847,0.097959
842.794760,0.112245
840.174672,0.132653
837.554585,0.167347
834.934498,0.232653
832.314410,0.346939
829.694323,0.530612
827.074236,0.751020
824.454148,0.808163
821.834061,0.808163
819.213974,0.787755
816.593886,0.648980
813.973799,0.514286
811.353712,0.600000
808.733624,0.814286
806.113537,0.987755
803.493450,1.000000
800.873362,0.997959
798.253275,0.936735
795.633188,0.795918
793.013100,0.763265
790.393013,0.763265
787.772926,0.740816
785.152838,0.612245
782.532751,0.436735
779.912664,0.297959
777.292576,0.218367
774.672489,0.171429
772.052402,0.142857
769.432314,0.124490
766.812227,0.110204
764.192140,0.100000
761.572052,0.089796
758.951965,0.083673
756.331878,0.085714
753.711790,0.095918
751.091703,0.120408
748.471616,0.148980
745.851528,0.177551
743.231441,0.210204
740.611354,0.259184
737.991266,0.306122
735.371179,0.312245
732.751092,0.310204
730.131004,0.277551
727.510917,0.202041
724.890830,0.140816
722.270742,0.106122
719.650655,0.089796
717.030568,0.083673
714.410480,0.085714
711.790393,0.085714
709.170306,0.083673
706.550218,0.079592
703.930131,0.077551
701.310044,0.081633
698.689956,0.093878
696.069869,0.108163
693.449782,0.116327
690.829694,0.116327
688.209607,0.116327
685.589520,0.106122
682.969432,0.091837
680.349345,0.085714
677.729258,0.087755
675.109170,0.095918
672.489083,0.106122
669.868996,0.122449
667.248908,0.144898
664.628821,0.183673
662.008734,0.251020
659.388646,0.355102
656.768559,0.461224
654.148472,0.497959
651.528384,0.497959
648.908297,0.489796
646.288210,0.410204
643.668122,0.316327
641.048035,0.257143
638.427948,0.222449
635.807860,0.204082
633.187773,0.195918
630.567686,0.187755
627.947598,0.179592
625.327511,0.175510
622.707424,0.179592
620.087336,0.187755
617.467249,0.191837
614.847162,0.200000
612.227074,0.206122
609.606987,0.214286
606.986900,0.226531
604.366812,0.236735
601.746725,0.244898
599.126638,0.246939
596.506550,0.244898
593.886463,0.242857
591.266376,0.232653
588.646288,0.214286
586.026201,0.189796
583.406114,0.163265
580.786026,0.136735
578.165939,0.108163
575.545852,0.083673
572.925764,0.063265
570.305677,0.044898
567.685590,0.030612
565.065502,0.022449
562.445415,0.014286
559.825328,0.010204
557.205240,0.006122
554.585153,0.004082
551.965066,0.004082
549.344978,0.004082
546.724891,0.002041
544.104803,0.002041
541.484716,0.002041
538.864629,0.002041
536.244541,0.002041
533.624454,0.002041
531.004367,0.002041
528.384279,0.002041
525.764192,0.002041
523.144105,0.002041
520.524017,0.002041
517.903930,0.002041
515.283843,0.002041
512.663755,0.002041
510.043668,0.002041
507.423581,0.002041
504.803493,0.002041
502.183406,0.002041
499.563319,0.002041
496.943231,0.002041
494.323144,0.002041
491.703057,0.002041
489.082969,0.002041
486.462882,0.002041
483.842795,0.002041
481.222707,0.002041
478.602620,0.002041
475.982533,0.002041
473.362445,0.002041
470.742358,0.002041
468.122271,0.002041
465.502183,0.002041
462.882096,0.002041
460.262009,0.002041
457.641921,0.002041
455.021834,0.002041
452.401747,0.002041
449.781659,0.002041
447.161572,nan
444.541485,nan
441.921397,nan
439.301310,nan
436.681223,nan
434.061135,nan
431.441048,nan
428.820961,nan
426.200873,nan
423.580786,nan
420.960699,nan
418.340611,nan
415.720524,nan
413.100437,nan
410.480349,nan
407.860262,nan
405.240175,nan
402.620087,nan
400.000000,nan
