4000.000000,0.014286
3997.379913,0.014286
3994.759825,0.014286
3992.139738,0.014286
3989.519651,0.014286
3986.899563,0.012245
3984.279476,0.012245
3981.659389,0.014286
3979.039301,0.014286
3976.419214,0.012245
3973.799127,0.012245
3971.179039,0.012245
3968.558952,0.012245
3965.938865,0.012245
3963.318777,0.012245
3960.698690,0.012245
3958.078603,0.012245
3955.458515,0.012245
3952.838428,0.012245
3950.218341,0.012245
3947.598253,0.012245
3944.978166,0.012245
3942.358079,0.012245
3939.737991,0.012245
3937.117904,0.012245
3934.497817,0.012245
3931.877729,0.012245
3929.257642,0.012245
3926.637555,0.012245
3924.017467,0.012245
3921.397380,0.012245
3918.777293,0.012245
3916.157205,0.012245
3913.537118,0.012245
3910.917031,0.012245
3908.296943,0.012245
3905.676856,0.012245
3903.056769,0.012245
3900.436681,0.012245
3897.816594,0.012245
3895.196507,0.010204
3892.576419,0.010204
3889.956332,0.010204
3887.336245,0.010204
3884.716157,0.012245
3882.096070,0.012245
3879.475983,0.010204
3876.855895,0.010204
3874.235808,0.010204
3871.615721,0.010204
3868.995633,0.010204
3866.375546,0.010204
3863.755459,0.010204
3861.135371,0.010204
3858.515284,0.010204
3855.895197,0.010204
3853.275109,0.010204
3850.655022,0.010204
3848.034934,0.010204
3845.414847,0.010204
3842.794760,0.010204
3840.174672,0.010204
3837.554585,0.010204
3834.934498,0.010204
3832.314410,0.010204
3829.694323,0.010204
3827.074236,0.010204
3824.454148,0.010204
3821.834061,0.010204
3819.213974,0.010204
3816.593886,0.010204
3813.973799,0.010204
3811.353712,0.010204
3808.733624,0.010204
3806.113537,0.010204
3803.493450,0.010204
3800.873362,0.010204
3798.253275,0.010204
3795.633188,0.010204
3793.013100,0.010204
3790.393013,0.010204
3787.772926,0.010204
3785.152838,0.010204
3782.532751,0.010204
3779.912664,0.010204
3777.292576,0.010204
3774.672489,0.010204
3772.052402,0.010204
3769.432314,0.012245
3766.812227,0.010204
3764.192140,0.010204
3761.572052,0.010204
3758.951965,0.010204
3756.331878,0.010204
3753.711790,0.012245
3751.091703,0.012245
3748.471616,0.012245
3745.851528,0.010204
3743.231441,0.010204
3740.611354,0.010204
3737.991266,0.010204
3735.371179,0.012245
3732.751092,0.012245
3730.131004,0.012245
3727.510917,0.012245
3724.890830,0.012245
3722.270742,0.012245
3719.650655,0.012245
3717.030568,0.012245
3714.410480,0.012245
3711.790393,0.012245
3709.170306,0.012245
3706.550218,0.012245
3703.930131,0.012245
3701.310044,0.012245
3698.689956,0.012245
3696.069869,0.012245
3693.449782,0.012245
3690.829694,0.012245
3688.209607,0.012245
3685.589520,0.012245
3682.969432,0.012245
3680.349345,0.012245
3677.729258,0.012245
3675.109170,0.012245
3672.489083,0.012245
3669.868996,0.012245
3667.248908,0.012245
3664.628821,0.012245
3662.008734,0.012245
3659.388646,0.014286
3656.768559,0.014286
3654.148472,0.014286
3651.528384,0.012245
3648.908297,0.012245
3646.288210,0.012245
3643.668122,0.012245
3641.048035,0.012245
3638.427948,0.012245
3635.807860,0.014286
3633.187773,0.014286
3630.567686,0.014286
3627.947598,0.014286
3625.327511,0.014286
3622.707424,0.014286
3620.087336,0.014286
3617.467249,0.014286
3614.847162,0.014286
3612.227074,0.014286
3609.606987,0.014286
3606.986900,0.014286
3604.366812,0.014286
3601.746725,0.014286
3599.126638,0.014286
3596.506550,0.014286
3593.886463,0.014286
3591.266376,0.014286
3588.646288,0.014286
3586.026201,0.014286
3583.406114,0.014286
3580.786026,0.014286
3578.165939,0.014286
3575.545852,0.014286
3572.925764,0.014286
3570.305677,0.016327
3567.685590,0.016327
3565.065502,0.014286
3562.445415,0.014286
3559.825328,0.014286
3557.205240,0.014286
3554.585153,0.014286
3551.965066,0.014286
3549.344978,0.014286
3546.724891,0.016327
3544.104803,0.016327
3541.484716,0.016327
3538.864629,0.016327
3536.244541,0.016327
3533.624454,0.016327
3531.004367,0.016327
3528.384279,0.016327
3525.764192,0.016327
3523.144105,0.016327
3520.524017,0.016327
3517.903930,0.018367
3515.283843,0.018367
3512.663755,0.018367
3510.043668,0.018367
3507.423581,0.018367
3504.803493,0.018367
3502.183406,0.018367
3499.563319,0.018367
3496.943231,0.018367
3494.323144,0.018367
3491.703057,0.018367
3489.082969,0.018367
3486.462882,0.018367
3483.842795,0.018367
3481.222707,0.018367
3478.602620,0.018367
3475.982533,0.016327
3473.362445,0.016327
3470.742358,0.018367
3468.122271,0.016327
3465.502183,0.018367
3462.882096,0.018367
3460.262009,0.016327
3457.641921,0.016327
3455.021834,0.016327
3452.401747,0.016327
3449.781659,0.016327
3447.161572,0.018367
3444.541485,0.018367
3441.921397,0.018367
3439.301310,0.018367
3436.681223,0.016327
3434.061135,0.016327
3431.441048,0.016327
3428.820961,0.016327
3426.200873,0.016327
3423.580786,0.016327
3420.960699,0.018367
3418.340611,0.018367
3415.720524,0.018367
3413.100437,0.018367
3410.480349,0.016327
3407.860262,0.016327
3405.240175,0.018367
3402.620087,0.016327
3400.000000,0.016327
3397.379913,0.018367
3394.759825,0.018367
3392.139738,0.016327
3389.519651,0.018367
3386.899563,0.018367
3384.279476,0.016327
3381.659389,0.016327
3379.039301,0.018367
3376.419214,0.016327
3373.799127,0.016327
3371.179039,0.016327
3368.558952,0.016327
3365.938865,0.016327
3363.318777,0.016327
3360.698690,0.016327
3358.078603,0.016327
3355.458515,0.016327
3352.838428,0.016327
3350.218341,0.016327
3347.598253,0.016327
3344.978166,0.016327
3342.358079,0.016327
3339.737991,0.016327
3337.117904,0.016327
3334.497817,0.016327
3331.877729,0.016327
3329.257642,0.016327
3326.637555,0.016327
3324.017467,0.016327
3321.397380,0.016327
3318.777293,0.016327
3316.157205,0.016327
3313.537118,0.016327
3310.917031,0.016327
3308.296943,0.014286
3305.676856,0.014286
3303.056769,0.016327
3300.436681,0.016327
3297.816594,0.016327
3295.196507,0.016327
3292.576419,0.014286
3289.956332,0.014286
3287.336245,0.014286
3284.716157,0.014286
3282.096070,0.014286
3279.475983,0.014286
3276.855895,0.014286
3274.235808,0.014286
3271.615721,0.014286
3268.995633,0.014286
3266.375546,0.014286
3263.755459,0.014286
3261.135371,0.014286
3258.515284,0.014286
3255.895197,0.014286
3253.275109,0.014286
3250.655022,0.014286
3248.034934,0.014286
3245.414847,0.014286
3242.794760,0.014286
3240.174672,0.014286
3237.554585,0.014286
3234.934498,0.014286
3232.314410,0.014286
3229.694323,0.014286
3227.074236,0.014286
3224.454148,0.014286
3221.834061,0.014286
3219.213974,0.014286
3216.593886,0.014286
3213.973799,0.014286
3211.353712,0.014286
3208.733624,0.014286
3206.113537,0.014286
3203.493450,0.014286
3200.873362,0.014286
3198.253275,0.014286
3195.633188,0.014286
3193.013100,0.014286
3190.393013,0.014286
3187.772926,0.014286
3185.152838,0.014286
3182.532751,0.014286
3179.912664,0.014286
3177.292576,0.014286
3174.672489,0.014286
3172.052402,0.014286
3169.432314,0.014286
3166.812227,0.014286
3164.192140,0.014286
3161.572052,0.014286
3158.951965,0.014286
3156.331878,0.014286
3153.711790,0.014286
3151.091703,0.014286
3148.471616,0.014286
3145.851528,0.014286
3143.231441,0.014286
3140.611354,0.014286
3137.991266,0.014286
3135.371179,0.014286
3132.751092,0.014286
3130.131004,0.016327
3127.510917,0.016327
3124.890830,0.014286
3122.270742,0.016327
3119.650655,0.016327
3117.030568,0.016327
3114.410480,0.016327
3111.790393,0.016327
3109.170306,0.016327
3106.550218,0.016327
3103.930131,0.016327
3101.310044,0.016327
3098.689956,0.016327
3096.069869,0.016327
3093.449782,0.018367
3090.829694,0.018367
3088.209607,0.018367
3085.589520,0.018367
3082.969432,0.020408
3080.349345,0.020408
3077.729258,0.020408
3075.109170,0.020408
3072.489083,0.020408
3069.868996,0.022449
3067.248908,0.022449
3064.628821,0.022449
3062.008734,0.024490
3059.388646,0.024490
3056.768559,0.026531
3054.148472,0.026531
3051.528384,0.028571
3048.908297,0.028571
3046.288210,0.030612
3043.668122,0.032653
3041.048035,0.032653
3038.427948,0.034694
3035.807860,0.036735
3033.187773,0.036735
3030.567686,0.038776
3027.947598,0.040816
3025.327511,0.042857
3022.707424,0.044898
3020.087336,0.046939
3017.467249,0.048980
3014.847162,0.053061
3012.227074,0.055102
3009.606987,0.061224
3006.986900,0.065306
3004.366812,0.071429
3001.746725,0.079592
2999.126638,0.087755
2996.506550,0.095918
2993.886463,0.102041
2991.266376,0.108163
2988.646288,0.114286
2986.026201,0.122449
2983.406114,0.130612
2980.786026,0.142857
2978.165939,0.155102
2975.545852,0.171429
2972.925764,0.189796
2970.305677,0.210204
2967.685590,0.232653
2965.065502,0.253061
2962.445415,0.269388
2959.825328,0.279592
2957.205240,0.285714
2954.585153,0.285714
2951.965066,0.285714
2949.344978,0.281633
2946.724891,0.279592
2944.104803,0.289796
2941.484716,0.297959
2938.864629,0.300000
2936.244541,0.300000
2933.624454,0.293878
2931.004367,0.275510
2928.384279,0.248980
2925.764192,0.224490
2923.144105,0.204082
2920.524017,0.191837
2917.903930,0.185714
2915.283843,0.185714
2912.663755,0.183673
2910.043668,0.181633
2907.423581,0.177551
2904.803493,0.171429
2902.183406,0.165306
2899.563319,0.159184
2896.943231,0.148980
2894.323144,0.140816
2891.703057,0.134694
2889.082969,0.128571
2886.462882,0.126531
2883.842795,0.122449
2881.222707,0.116327
2878.602620,0.110204
2875.982533,0.104082
2873.362445,0.097959
2870.742358,0.091837
2868.122271,0.087755
2865.502183,0.081633
2862.882096,0.077551
2860.262009,0.075510
2857.641921,0.073469
2855.021834,0.077551
2852.401747,0.085714
2849.781659,0.097959
2847.161572,0.118367
2844.541485,0.157143
2841.921397,0.218367
2839.301310,0.283673
2836.681223,0.312245
2834.061135,0.312245
2831.441048,0.310204
2828.820961,0.253061
2826.200873,0.177551
2823.580786,0.120408
2820.960699,0.083673
2818.340611,0.063265
2815.720524,0.051020
2813.100437,0.040816
2810.480349,0.036735
2807.860262,0.032653
2805.240175,0.030612
2802.620087,0.030612
2800.000000,0.028571
2797.379913,0.026531
2794.759825,0.024490
2792.139738,0.022449
2789.519651,0.020408
2786.899563,0.020408
2784.279476,0.018367
2781.659389,0.018367
2779.039301,0.016327
2776.419214,0.014286
2773.799127,0.014286
2771.179039,0.014286
2768.558952,0.012245
2765.938865,0.012245
2763.318777,0.012245
2760.698690,0.012245
2758.078603,0.012245
2755.458515,0.012245
2752.838428,0.010204
2750.218341,0.010204
2747.598253,0.010204
2744.978166,0.010204
2742.358079,0.010204
2739.737991,0.010204
2737.117904,0.010204
2734.497817,0.010204
2731.877729,0.008163
2729.257642,0.008163
2726.637555,0.008163
2724.017467,0.008163
2721.397380,0.008163
2718.777293,0.008163
2716.157205,0.008163
2713.537118,0.008163
2710.917031,0.008163
2708.296943,0.008163
2705.676856,0.008163
2703.056769,0.008163
2700.436681,0.008163
2697.816594,0.008163
2695.196507,0.008163
2692.576419,0.008163
2689.956332,0.008163
2687.336245,0.008163
2684.716157,0.008163
2682.096070,0.008163
2679.475983,0.008163
2676.855895,0.008163
2674.235808,0.008163
2671.615721,0.008163
2668.995633,0.008163
2666.375546,0.008163
2663.755459,0.008163
2661.135371,0.008163
2658.515284,0.008163
2655.895197,0.008163
2653.275109,0.008163
2650.655022,0.008163
2648.034934,0.010204
2645.414847,0.010204
2642.794760,0.010204
2640.174672,0.010204
2637.554585,0.010204
2634.934498,0.010204
2632.314410,0.008163
2629.694323,0.008163
2627.074236,0.008163
2624.454148,0.008163
2621.834061,0.008163
2619.213974,0.008163
2616.593886,0.008163
2613.973799,0.008163
2611.353712,0.008163
2608.733624,0.008163
2606.113537,0.008163
2603.493450,0.008163
2600.873362,0.008163
2598.253275,0.008163
2595.633188,0.008163
2593.013100,0.008163
2590.393013,0.008163
2587.772926,0.008163
2585.152838,0.008163
2582.532751,0.008163
2579.912664,0.006122
2577.292576,0.006122
2574.672489,0.006122
2572.052402,0.006122
2569.432314,0.006122
2566.812227,0.006122
2564.192140,0.006122
2561.572052,0.006122
2558.951965,0.006122
2556.331878,0.006122
2553.711790,0.006122
2551.091703,0.006122
2548.471616,0.006122
2545.851528,0.006122
2543.231441,0.006122
2540.611354,0.006122
2537.991266,0.006122
2535.371179,0.006122
2532.751092,0.004082
2530.131004,0.004082
2527.510917,0.004082
2524.890830,0.004082
2522.270742,0.004082
2519.650655,0.004082
2517.030568,0.004082
2514.410480,0.006122
2511.790393,0.006122
2509.170306,0.006122
2506.550218,0.006122
2503.930131,0.006122
2501.310044,0.006122
2498.689956,0.006122
2496.069869,0.006122
2493.449782,0.006122
2490.829694,0.006122
2488.209607,0.006122
2485.589520,0.004082
2482.969432,0.006122
2480.349345,0.006122
2477.729258,0.006122
2475.109170,0.004082
2472.489083,0.006122
2469.868996,0.004082
2467.248908,0.006122
2464.628821,0.006122
2462.008734,0.006122
2459.388646,0.006122
2456.768559,0.004082
2454.148472,0.004082
2451.528384,0.004082
2448.908297,0.004082
2446.288210,0.004082
2443.668122,0.004082
2441.048035,0.004082
2438.427948,0.004082
2435.807860,0.004082
2433.187773,0.004082
2430.567686,0.006122
2427.947598,0.006122
2425.327511,0.006122
2422.707424,0.004082
2420.087336,0.004082
2417.467249,0.004082
2414.847162,0.004082
2412.227074,0.004082
2409.606987,0.004082
2406.986900,0.004082
2404.366812,0.004082
2401.746725,0.004082
2399.126638,0.004082
2396.506550,0.004082
2393.886463,0.004082
2391.266376,0.004082
2388.646288,0.004082
2386.026201,0.004082
2383.406114,0.004082
2380.786026,0.004082
2378.165939,0.004082
2375.545852,0.004082
2372.925764,0.004082
2370.305677,0.004082
2367.685590,0.004082
2365.065502,0.004082
2362.445415,0.004082
2359.825328,0.004082
2357.205240,0.004082
2354.585153,0.004082
2351.965066,0.004082
2349.344978,0.004082
2346.724891,0.004082
2344.104803,0.004082
2341.484716,0.004082
2338.864629,0.004082
2336.244541,0.004082
2333.624454,0.004082
2331.004367,0.004082
2328.384279,0.004082
2325.764192,0.004082
2323.144105,0.004082
2320.524017,0.004082
2317.903930,0.004082
2315.283843,0.004082
2312.663755,0.004082
2310.043668,0.004082
2307.423581,0.004082
2304.803493,0.004082
2302.183406,0.006122
2299.563319,0.004082
2296.943231,0.004082
2294.323144,0.004082
2291.703057,0.004082
2289.082969,0.004082
2286.462882,0.004082
2283.842795,0.004082
2281.222707,0.004082
2278.602620,0.004082
2275.982533,0.004082
2273.362445,0.004082
2270.742358,0.004082
2268.122271,0.004082
2265.502183,0.004082
2262.882096,0.004082
2260.262009,0.004082
2257.641921,0.004082
2255.021834,0.004082
2252.401747,0.004082
2249.781659,0.004082
2247.161572,0.004082
2244.541485,0.004082
2241.921397,0.004082
2239.301310,0.004082
2236.681223,0.004082
2234.061135,0.004082
2231.441048,0.004082
2228.820961,0.004082
2226.200873,0.004082
2223.580786,0.004082
2220.960699,0.004082
2218.340611,0.004082
2215.720524,0.006122
2213.100437,0.006122
2210.480349,0.006122
2207.860262,0.006122
2205.240175,0.006122
2202.620087,0.006122
2200.000000,0.006122
2197.379913,0.006122
2194.759825,0.006122
2192.139738,0.006122
2189.519651,0.006122
2186.899563,0.006122
2184.279476,0.006122
2181.659389,0.006122
2179.039301,0.006122
2176.419214,0.006122
2173.799127,0.006122
2171.179039,0.006122
2168.558952,0.008163
2165.938865,0.008163
2163.318777,0.008163
2160.698690,0.008163
2158.078603,0.008163
2155.458515,0.008163
2152.838428,0.008163
2150.218341,0.008163
2147.598253,0.008163
2144.978166,0.008163
2142.358079,0.006122
2139.737991,0.006122
2137.117904,0.006122
2134.497817,0.006122
2131.877729,0.006122
2129.257642,0.006122
2126.637555,0.006122
2124.017467,0.006122
2121.397380,0.006122
2118.777293,0.004082
2116.157205,0.004082
2113.537118,0.004082
2110.917031,0.004082
2108.296943,0.004082
2105.676856,0.004082
2103.056769,0.004082
2100.436681,0.004082
2097.816594,0.004082
2095.196507,0.004082
2092.576419,0.004082
2089.956332,0.004082
2087.336245,0.004082
2084.716157,0.004082
2082.096070,0.004082
2079.475983,0.004082
2076.855895,0.004082
2074.235808,0.004082
2071.615721,0.004082
2068.995633,0.004082
2066.375546,0.004082
2063.755459,0.004082
2061.135371,0.004082
2058.515284,0.004082
2055.895197,0.004082
2053.275109,0.004082
2050.655022,0.004082
2048.034934,0.004082
2045.414847,0.004082
2042.794760,0.004082
2040.174672,0.004082
2037.554585,0.004082
2034.934498,0.004082
2032.314410,0.006122
2029.694323,0.006122
2027.074236,0.004082
2024.454148,0.004082
2021.834061,0.004082
2019.213974,0.004082
2016.593886,0.004082
2013.973799,0.004082
2011.353712,0.004082
2008.733624,0.004082
2006.113537,0.004082
2003.493450,0.004082
2000.873362,0.004082
1998.253275,0.004082
1995.633188,0.004082
1993.013100,0.004082
1990.393013,0.004082
1987.772926,0.004082
1985.152838,0.004082
1982.532751,0.004082
1979.912664,0.004082
1977.292576,0.004082
1974.672489,0.004082
1972.052402,0.004082
1969.432314,0.004082
1966.812227,0.004082
1964.192140,0.004082
1961.572052,0.004082
1958.951965,0.004082
1956.331878,0.004082
1953.711790,0.004082
1951.091703,0.006122
1948.471616,0.006122
1945.851528,0.006122
1943.231441,0.006122
1940.611354,0.006122
1937.991266,0.006122
1935.371179,0.006122
1932.751092,0.006122
1930.131004,0.006122
1927.510917,0.008163
1924.890830,0.008163
1922.270742,0.008163
1919.650655,0.008163
1917.030568,0.008163
1914.410480,0.008163
1911.790393,0.008163
1909.170306,0.008163
1906.550218,0.008163
1903.930131,0.008163
1901.310044,0.008163
1898.689956,0.008163
1896.069869,0.008163
1893.449782,0.008163
1890.829694,0.006122
1888.209607,0.006122
1885.589520,0.006122
1882.969432,0.006122
1880.349345,0.006122
1877.729258,0.006122
1875.109170,0.006122
1872.489083,0.006122
1869.868996,0.006122
1867.248908,0.006122
1864.628821,0.006122
1862.008734,0.006122
1859.388646,0.006122
1856.768559,0.006122
1854.148472,0.006122
1851.528384,0.006122
1848.908297,0.006122
1846.288210,0.006122
1843.668122,0.006122
1841.048035,0.006122
1838.427948,0.006122
1835.807860,0.006122
1833.187773,0.006122
1830.567686,0.006122
1827.947598,0.008163
1825.327511,0.008163
1822.707424,0.008163
1820.087336,0.008163
1817.467249,0.008163
1814.847162,0.008163
1812.227074,0.008163
1809.606987,0.008163
1806.986900,0.008163
1804.366812,0.008163
1801.746725,0.008163
1799.126638,0.008163
1796.506550,0.006122
1793.886463,0.006122
1791.266376,0.006122
1788.646288,0.006122
1786.026201,0.006122
1783.406114,0.006122
1780.786026,0.004082
1778.165939,0.004082
1775.545852,0.004082
1772.925764,0.004082
1770.305677,0.004082
1767.685590,0.004082
1765.065502,0.004082
1762.445415,0.004082
1759.825328,0.004082
1757.205240,0.004082
1754.585153,0.004082
1751.965066,0.002041
1749.344978,0.002041
1746.724891,0.002041
1744.104803,0.004082
1741.484716,0.004082
1738.864629,0.004082
1736.244541,0.004082
1733.624454,0.004082
1731.004367,0.004082
1728.384279,0.004082
1725.764192,0.004082
1723.144105,0.004082
1720.524017,0.004082
1717.903930,0.004082
1715.283843,0.004082
1712.663755,0.004082
1710.043668,0.006122
1707.423581,0.006122
1704.803493,0.006122
1702.183406,0.004082
1699.563319,0.004082
1696.943231,0.004082
1694.323144,0.004082
1691.703057,0.004082
1689.082969,0.004082
1686.462882,0.004082
1683.842795,0.004082
1681.222707,0.004082
1678.602620,0.004082
1675.982533,0.004082
1673.362445,0.004082
1670.742358,0.004082
1668.122271,0.004082
1665.502183,0.004082
1662.882096,0.006122
1660.262009,0.004082
1657.641921,0.006122
1655.021834,0.006122
1652.401747,0.006122
1649.781659,0.004082
1647.161572,0.006122
1644.541485,0.006122
1641.921397,0.006122
1639.301310,0.006122
1636.681223,0.006122
1634.061135,0.006122
1631.441048,0.006122
1628.820961,0.008163
1626.200873,0.006122
1623.580786,0.006122
1620.960699,0.006122
1618.340611,0.008163
1615.720524,0.008163
1613.100437,0.008163
1610.480349,0.008163
1607.860262,0.008163
1605.240175,0.008163
1602.620087,0.006122
1600.000000,0.006122
1597.379913,0.008163
1594.759825,0.008163
1592.139738,0.008163
1589.519651,0.008163
1586.899563,0.008163
1584.279476,0.008163
1581.659389,0.008163
1579.039301,0.008163
1576.419214,0.008163
1573.799127,0.008163
1571.179039,0.008163
1568.558952,0.008163
1565.938865,0.008163
1563.318777,0.008163
1560.698690,0.008163
1558.078603,0.008163
1555.458515,0.008163
1552.838428,0.010204
1550.218341,0.010204
1547.598253,0.010204
1544.978166,0.010204
1542.358079,0.010204
1539.737991,0.010204
1537.117904,0.010204
1534.497817,0.012245
1531.877729,0.012245
1529.257642,0.012245
1526.637555,0.012245
1524.017467,0.014286
1521.397380,0.014286
1518.777293,0.014286
1516.157205,0.014286
1513.537118,0.016327
1510.917031,0.016327
1508.296943,0.016327
1505.676856,0.016327
1503.056769,0.018367
1500.436681,0.020408
1497.816594,0.022449
1495.196507,0.022449
1492.576419,0.024490
1489.956332,0.026531
1487.336245,0.028571
1484.716157,0.032653
1482.096070,0.036735
1479.475983,0.040816
1476.855895,0.044898
1474.235808,0.048980
1471.615721,0.055102
1468.995633,0.061224
1466.375546,0.067347
1463.755459,0.073469
1461.135371,0.077551
1458.515284,0.079592
1455.895197,0.077551
1453.275109,0.073469
1450.655022,0.065306
1448.034934,0.065306
1445.414847,0.071429
1442.794760,0.073469
1440.174672,0.075510
1437.554585,0.077551
1434.934498,0.077551
1432.314410,0.071429
1429.694323,0.057143
1427.074236,0.044898
1424.454148,0.038776
1421.834061,0.044898
1419.213974,0.053061
1416.593886,0.061224
1413.973799,0.065306
1411.353712,0.065306
1408.733624,0.063265
1406.113537,0.059184
1403.493450,0.051020
1400.873362,0.044898
1398.253275,0.038776
1395.633188,0.034694
1393.013100,0.034694
1390.393013,0.030612
1387.772926,0.026531
1385.152838,0.022449
1382.532751,0.020408
1379.912664,0.020408
1377.292576,0.018367
1374.672489,0.018367
1372.052402,0.018367
1369.432314,0.018367
1366.812227,0.018367
1364.192140,0.018367
1361.572052,0.020408
1358.951965,0.020408
1356.331878,0.024490
1353.711790,0.028571
1351.091703,0.032653
1348.471616,0.038776
1345.851528,0.040816
1343.231441,0.038776
1340.611354,0.036735
1337.991266,0.032653
1335.371179,0.028571
1332.751092,0.028571
1330.131004,0.026531
1327.510917,0.026531
1324.890830,0.028571
1322.270742,0.034694
1319.650655,0.046939
1317.030568,0.065306
1314.410480,0.081633
1311.790393,0.083673
1309.170306,0.083673
1306.550218,0.079592
1303.930131,0.063265
1301.310044,0.046939
1298.689956,0.038776
1296.069869,0.034694
1293.449782,0.032653
1290.829694,0.034694
1288.209607,0.038776
1285.589520,0.042857
1282.969432,0.053061
1280.349345,0.067347
1277.729258,0.093878
1275.109170,0.138776
1272.489083,0.204082
1269.868996,0.267347
1267.248908,0.318367
1264.628821,0.353061
1262.008734,0.357143
1259.388646,0.355102
1256.768559,0.326531
1254.148472,0.242857
1251.528384,0.167347
1248.908297,0.122449
1246.288210,0.100000
1243.668122,0.089796
1241.048035,0.081633
1238.427948,0.079592
1235.807860,0.085714
1233.187773,0.087755
1230.567686,0.087755
1227.947598,0.083673
1225.327511,0.075510
1222.707424,0.067347
1220.087336,0.069388
1217.467249,0.075510
1214.847162,0.085714
1212.227074,0.097959
1209.606987,0.114286
1206.986900,0.134694
1204.366812,0.163265
1201.746725,0.193878
1199.126638,0.230612
1196.506550,0.267347
1193.886463,0.291837
1191.266376,0.302041
1188.646288,0.302041
1186.026201,0.300000
1183.406114,0.283673
1180.786026,0.261224
1178.165939,0.236735
1175.545852,0.214286
1172.925764,0.187755
1170.305677,0.167347
1167.685590,0.157143
1165.065502,0.161224
1162.445415,0.161224
1159.825328,0.161224
1157.205240,0.155102
1154.585153,0.142857
1151.965066,0.130612
1149.344978,0.120408
1146.724891,0.118367
1144.104803,0.122449
1141.484716,0.128571
1138.864629,0.138776
1136.244541,0.151020
1133.624454,0.163265
1131.004367,0.177551
1128.384279,0.195918
1125.764192,0.218367
1123.144105,0.246939
1120.524017,0.281633
1117.903930,0.318367
1115.283843,0.363265
1112.663755,0.426531
1110.043668,0.497959
1107.423581,0.579592
1104.803493,0.663265
1102.183406,0.740816
1099.563319,0.814286
1096.943231,0.879592
1094.323144,0.936735
1091.703057,0.977551
1089.082969,0.995918
1086.462882,1.000000
1083.842795,0.997959
1081.222707,0.983673
1078.602620,0.930612
1075.982533,0.842857
1073.362445,0.724490
1070.742358,0.606122
1068.122271,0.497959
1065.502183,0.404082
1062.882096,0.332653
1060.262009,0.275510
1057.641921,0.230612
1055.021834,0.197959
1052.401747,0.175510
1049.781659,0.161224
1047.161572,0.155102
1044.541485,0.148980
1041.921397,0.140816
1039.301310,0.126531
1036.681223,0.114286
1034.061135,0.104082
1031.441048,0.089796
1028.820961,0.077551
1026.200873,0.069388
1023.580786,0.061224
1020.960699,0.057143
1018.340611,0.053061
1015.720524,0.055102
1013.100437,0.061224
1010.480349,0.073469
1007.860262,0.083673
1005.240175,0.085714
1002.620087,0.085714
1000.000000,0.083673
997.379913,0.085714
994.759825,0.087755
992.139738,0.085714
989.519651,0.079592
986.899563,0.067347
984.279476,0.053061
981.659389,0.042857
979.039301,0.036735
976.419214,0.034694
973.799127,0.040816
971.179039,0.051020
968.558952,0.055102
965.938865,0.057143
963.318777,0.055102
960.698690,0.048980
958.078603,0.036735
955.458515,0.026531
952.838428,0.018367
950.218341,0.014286
947.598253,0.012245
944.978166,0.012245
942.358079,0.012245
939.737991,0.010204
937.117904,0.010204
934.497817,0.012245
931.877729,0.012245
929.257642,0.014286
926.637555,0.016327
924.017467,0.020408
921.397380,0.026531
918.777293,0.036735
916.157205,0.051020
913.537118,0.059184
910.917031,0.061224
908.296943,0.061224
905.676856,0.057143
903.056769,0.044898
900.436681,0.034694
897.816594,0.028571
895.196507,0.024490
892.576419,0.026531
889.956332,0.028571
887.336245,0.032653
884.716157,0.036735
882.096070,0.044898
879.475983,0.055102
876.855895,0.071429
874.235808,0.097959
871.615721,0.126531
868.995633,0.148980
866.375546,0.155102
863.755459,0.155102
861.135371,0.153061
858.515284,0.146939
855.895197,0.136735
853.275109,0.159184
850.655022,0.200000
848.034934,0.261224
845.414847,0.338776
842.794760,0.420408
840.174672,0.479592
837.554585,0.512245
834.934498,0.522449
832.314410,0.522449
829.694323,0.520408
827.074236,0.502041
824.454148,0.467347
821.834061,0.428571
819.213974,0.400000
816.593886,0.393878
813.973799,0.395918
811.353712,0.397959
808.733624,0.395918
806.113537,0.383673
803.493450,0.371429
800.873362,0.385714
798.253275,0.387755
795.633188,0.387755
793.013100,0.379592
790.393013,0.348980
787.772926,0.314286
785.152838,0.291837
782.532751,0.293878
779.912664,0.312245
777.292576,0.330612
774.672489,0.342857
772.052402,0.344898
769.432314,0.344898
766.812227,0.340816
764.192140,0.326531
761.572052,0.293878
758.951965,0.255102
756.331878,0.212245
753.711790,0.173469
751.091703,0.151020
748.471616,0.144898
745.851528,0.142857
743.231441,0.140816
740.611354,0.126531
737.991266,0.112245
735.371179,0.106122
732.751092,0.108163
730.131004,0.108163
727.510917,0.106122
724.890830,0.097959
722.270742,0.081633
719.650655,0.069388
717.030568,0.059184
714.410480,0.055102
711.790393,0.055102
709.170306,0.055102
706.550218,0.055102
703.930131,0.053061
701.310044,0.044898
698.689956,0.036735
696.069869,0.032653
693.449782,0.028571
690.829694,0.026531
688.209607,0.030612
685.589520,0.034694
682.969432,0.044898
680.349345,0.048980
677.729258,0.051020
675.109170,0.051020
672.489083,0.051020
669.868996,0.046939
667.248908,0.042857
664.628821,0.036735
662.008734,0.030612
659.388646,0.026531
656.768559,0.030612
654.148472,0.038776
651.528384,0.048980
648.908297,0.055102
646.288210,0.057143
643.668122,0.057143
641.048035,0.053061
638.427948,0.042857
635.807860,0.032653
633.187773,0.026531
630.567686,0.024490
627.947598,0.024490
625.327511,0.024490
622.707424,0.026531
620.087336,0.028571
617.467249,0.028571
614.847162,0.026531
612.227074,0.020408
609.606987,0.020408
606.986900,0.022449
604.366812,0.022449
601.746725,0.020408
599.126638,0.022449
596.506550,0.020408
593.886463,0.020408
591.266376,0.020408
588.646288,0.018367
586.026201,0.016327
583.406114,0.014286
580.786026,0.012245
578.165939,0.010204
575.545852,0.008163
572.925764,0.006122
570.305677,0.006122
567.685590,0.004082
565.065502,0.004082
562.445415,0.004082
559.825328,0.004082
557.205240,0.002041
554.585153,0.002041
551.965066,0.002041
549.344978,0.002041
546.724891,0.002041
544.104803,0.002041
541.484716,0.002041
538.864629,0.002041
536.244541,0.002041
533.624454,0.002041
531.004367,0.002041
528.384279,0.002041
525.764192,0.002041
523.144105,0.002041
520.524017,0.002041
517.903930,0.002041
515.283843,0.002041
512.663755,0.002041
510.043668,0.002041
507.423581,0.002041
504.803493,0.002041
502.183406,0.002041
499.563319,0.002041
496.943231,0.002041
494.323144,0.002041
491.703057,0.002041
489.082969,0.002041
486.462882,0.002041
483.842795,0.002041
481.222707,0.002041
478.602620,0.002041
475.982533,0.002041
473.362445,0.002041
470.742358,0.002041
468.122271,0.002041
465.502183,0.002041
462.882096,0.002041
460.262009,0.002041
457.641921,0.002041
455.021834,0.002041
452.401747,0.002041
449.781659,0.002041
447.161572,nan
444.541485,nan
441.921397,nan
439.301310,nan
436.681223,nan
434.061135,nan
431.441048,nan
428.820961,nan
426.200873,nan
423.580786,nan
420.960699,nan
418.340611,nan
415.720524,nan
413.100437,nan
410.480349,nan
407.860262,nan
405.240175,nan
402.620087,nan
400.000000,nan
