4000.000000,0.022449
3997.379913,0.022449
3994.759825,0.022449
3992.139738,0.022449
3989.519651,0.022449
3986.899563,0.022449
3984.279476,0.022449
3981.659389,0.022449
3979.039301,0.022449
3976.419214,0.022449
3973.799127,0.022449
3971.179039,0.020408
3968.558952,0.020408
3965.938865,0.022449
3963.318777,0.022449
3960.698690,0.022449
3958.078603,0.022449
3955.458515,0.022449
3952.838428,0.022449
3950.218341,0.022449
3947.598253,0.022449
3944.978166,0.022449
3942.358079,0.020408
3939.737991,0.020408
3937.117904,0.020408
3934.497817,0.022449
3931.877729,0.022449
3929.257642,0.022449
3926.637555,0.020408
3924.017467,0.020408
3921.397380,0.020408
3918.777293,0.020408
3916.157205,0.020408
3913.537118,0.020408
3910.917031,0.020408
3908.296943,0.020408
3905.676856,0.022449
3903.056769,0.022449
3900.436681,0.022449
3897.816594,0.020408
3895.196507,0.016327
3892.576419,0.020408
3889.956332,0.020408
3887.336245,0.020408
3884.716157,0.020408
3882.096070,0.020408
3879.475983,0.018367
3876.855895,0.018367
3874.235808,0.020408
3871.615721,0.022449
3868.995633,0.022449
3866.375546,0.022449
3863.755459,0.020408
3861.135371,0.018367
3858.515284,0.018367
3855.895197,0.024490
3853.275109,0.028571
3850.655022,0.028571
3848.034934,0.024490
3845.414847,0.018367
3842.794760,0.020408
3840.174672,0.022449
3837.554585,0.024490
3834.934498,0.024490
3832.314410,0.020408
3829.694323,0.018367
3827.074236,0.018367
3824.454148,0.020408
3821.834061,0.022449
3819.213974,0.024490
3816.593886,0.022449
3813.973799,0.020408
3811.353712,0.018367
3808.733624,0.022449
3806.113537,0.024490
3803.493450,0.024490
3800.873362,0.024490
3798.253275,0.024490
3795.633188,0.022449
3793.013100,0.020408
3790.393013,0.022449
3787.772926,0.024490
3785.152838,0.024490
3782.532751,0.024490
3779.912664,0.024490
3777.292576,0.024490
3774.672489,0.022449
3772.052402,0.022449
3769.432314,0.024490
3766.812227,0.024490
3764.192140,0.022449
3761.572052,0.022449
3758.951965,0.024490
3756.331878,0.024490
3753.711790,0.024490
3751.091703,0.028571
3748.471616,0.028571
3745.851528,0.026531
3743.231441,0.024490
3740.611354,0.022449
3737.991266,0.022449
3735.371179,0.024490
3732.751092,0.024490
3730.131004,0.022449
3727.510917,0.020408
3724.890830,0.022449
3722.270742,0.022449
3719.650655,0.022449
3717.030568,0.022449
3714.410480,0.024490
3711.790393,0.024490
3709.170306,0.024490
3706.550218,0.022449
3703.930131,0.020408
3701.310044,0.022449
3698.689956,0.022449
3696.069869,0.022449
3693.449782,0.024490
3690.829694,0.024490
3688.209607,0.024490
3685.589520,0.024490
3682.969432,0.020408
3680.349345,0.022449
3677.729258,0.024490
3675.109170,0.026531
3672.489083,0.024490
3669.868996,0.022449
3667.248908,0.018367
3664.628821,0.018367
3662.008734,0.020408
3659.388646,0.024490
3656.768559,0.024490
3654.148472,0.024490
3651.528384,0.024490
3648.908297,0.026531
3646.288210,0.026531
3643.668122,0.022449
3641.048035,0.020408
3638.427948,0.022449
3635.807860,0.022449
3633.187773,0.024490
3630.567686,0.026531
3627.947598,0.028571
3625.327511,0.026531
3622.707424,0.020408
3620.087336,0.024490
3617.467249,0.024490
3614.847162,0.024490
3612.227074,0.020408
3609.606987,0.022449
3606.986900,0.022449
3604.366812,0.020408
3601.746725,0.020408
3599.126638,0.022449
3596.506550,0.022449
3593.886463,0.024490
3591.266376,0.022449
3588.646288,0.024490
3586.026201,0.024490
3583.406114,0.024490
3580.786026,0.024490
3578.165939,0.024490
3575.545852,0.024490
3572.925764,0.024490
3570.305677,0.024490
3567.685590,0.024490
3565.065502,0.024490
3562.445415,0.022449
3559.825328,0.022449
3557.205240,0.022449
3554.585153,0.024490
3551.965066,0.024490
3549.344978,0.022449
3546.724891,0.022449
3544.104803,0.022449
3541.484716,0.022449
3538.864629,0.022449
3536.244541,0.022449
3533.624454,0.022449
3531.004367,0.024490
3528.384279,0.024490
3525.764192,0.022449
3523.144105,0.020408
3520.524017,0.022449
3517.903930,0.022449
3515.283843,0.022449
3512.663755,0.022449
3510.043668,0.024490
3507.423581,0.024490
3504.803493,0.022449
3502.183406,0.022449
3499.563319,0.022449
3496.943231,0.024490
3494.323144,0.022449
3491.703057,0.022449
3489.082969,0.024490
3486.462882,0.024490
3483.842795,0.024490
3481.222707,0.024490
3478.602620,0.024490
3475.982533,0.024490
3473.362445,0.024490
3470.742358,0.022449
3468.122271,0.022449
3465.502183,0.022449
3462.882096,0.024490
3460.262009,0.024490
3457.641921,0.022449
3455.021834,0.022449
3452.401747,0.024490
3449.781659,0.024490
3447.161572,0.024490
3444.541485,0.024490
3441.921397,0.024490
3439.301310,0.024490
3436.681223,0.022449
3434.061135,0.022449
3431.441048,0.024490
3428.820961,0.024490
3426.200873,0.024490
3423.580786,0.024490
3420.960699,0.024490
3418.340611,0.024490
3415.720524,0.024490
3413.100437,0.024490
3410.480349,0.024490
3407.860262,0.024490
3405.240175,0.024490
3402.620087,0.024490
3400.000000,0.022449
3397.379913,0.024490
3394.759825,0.024490
3392.139738,0.024490
3389.519651,0.024490
3386.899563,0.024490
3384.279476,0.024490
3381.659389,0.024490
3379.039301,0.024490
3376.419214,0.024490
3373.799127,0.024490
3371.179039,0.024490
3368.558952,0.024490
3365.938865,0.024490
3363.318777,0.024490
3360.698690,0.024490
3358.078603,0.024490
3355.458515,0.024490
3352.838428,0.024490
3350.218341,0.024490
3347.598253,0.024490
3344.978166,0.024490
3342.358079,0.024490
3339.737991,0.024490
3337.117904,0.022449
3334.497817,0.024490
3331.877729,0.024490
3329.257642,0.024490
3326.637555,0.024490
3324.017467,0.024490
3321.397380,0.024490
3318.777293,0.024490
3316.157205,0.024490
3313.537118,0.024490
3310.917031,0.024490
3308.296943,0.024490
3305.676856,0.022449
3303.056769,0.022449
3300.436681,0.022449
3297.816594,0.022449
3295.196507,0.022449
3292.576419,0.022449
3289.956332,0.022449
3287.336245,0.024490
3284.716157,0.024490
3282.096070,0.022449
3279.475983,0.024490
3276.855895,0.024490
3274.235808,0.022449
3271.615721,0.022449
3268.995633,0.022449
3266.375546,0.022449
3263.755459,0.024490
3261.135371,0.024490
3258.515284,0.024490
3255.895197,0.024490
3253.275109,0.024490
3250.655022,0.024490
3248.034934,0.024490
3245.414847,0.022449
3242.794760,0.022449
3240.174672,0.022449
3237.554585,0.022449
3234.934498,0.024490
3232.314410,0.022449
3229.694323,0.024490
3227.074236,0.024490
3224.454148,0.024490
3221.834061,0.024490
3219.213974,0.024490
3216.593886,0.024490
3213.973799,0.024490
3211.353712,0.024490
3208.733624,0.024490
3206.113537,0.024490
3203.493450,0.024490
3200.873362,0.024490
3198.253275,0.024490
3195.633188,0.024490
3193.013100,0.024490
3190.393013,0.024490
3187.772926,0.024490
3185.152838,0.026531
3182.532751,0.026531
3179.912664,0.024490
3177.292576,0.026531
3174.672489,0.026531
3172.052402,0.026531
3169.432314,0.026531
3166.812227,0.026531
3164.192140,0.024490
3161.572052,0.026531
3158.951965,0.026531
3156.331878,0.024490
3153.711790,0.024490
3151.091703,0.024490
3148.471616,0.026531
3145.851528,0.026531
3143.231441,0.026531
3140.611354,0.026531
3137.991266,0.026531
3135.371179,0.026531
3132.751092,0.026531
3130.131004,0.026531
3127.510917,0.026531
3124.890830,0.026531
3122.270742,0.026531
3119.650655,0.026531
3117.030568,0.026531
3114.410480,0.026531
3111.790393,0.026531
3109.170306,0.028571
3106.550218,0.028571
3103.930131,0.028571
3101.310044,0.028571
3098.689956,0.028571
3096.069869,0.028571
3093.449782,0.028571
3090.829694,0.028571
3088.209607,0.028571
3085.589520,0.028571
3082.969432,0.028571
3080.349345,0.028571
3077.729258,0.028571
3075.109170,0.028571
3072.489083,0.028571
3069.868996,0.028571
3067.248908,0.030612
3064.628821,0.030612
3062.008734,0.030612
3059.388646,0.030612
3056.768559,0.030612
3054.148472,0.030612
3051.528384,0.030612
3048.908297,0.030612
3046.288210,0.030612
3043.668122,0.030612
3041.048035,0.030612
3038.427948,0.032653
3035.807860,0.032653
3033.187773,0.032653
3030.567686,0.032653
3027.947598,0.032653
3025.327511,0.034694
3022.707424,0.034694
3020.087336,0.034694
3017.467249,0.036735
3014.847162,0.036735
3012.227074,0.036735
3009.606987,0.040816
3006.986900,0.044898
3004.366812,0.051020
3001.746725,0.057143
2999.126638,0.067347
2996.506550,0.077551
2993.886463,0.085714
2991.266376,0.089796
2988.646288,0.089796
2986.026201,0.089796
2983.406114,0.087755
2980.786026,0.083673
2978.165939,0.089796
2975.545852,0.102041
2972.925764,0.118367
2970.305677,0.146939
2967.685590,0.189796
2965.065502,0.246939
2962.445415,0.328571
2959.825328,0.436735
2957.205240,0.524490
2954.585153,0.553061
2951.965066,0.555102
2949.344978,0.546939
2946.724891,0.479592
2944.104803,0.387755
2941.484716,0.308163
2938.864629,0.255102
2936.244541,0.226531
2933.624454,0.212245
2931.004367,0.204082
2928.384279,0.197959
2925.764192,0.189796
2923.144105,0.179592
2920.524017,0.167347
2917.903930,0.155102
2915.283843,0.146939
2912.663755,0.151020
2910.043668,0.157143
2907.423581,0.159184
2904.803493,0.165306
2902.183406,0.175510
2899.563319,0.185714
2896.943231,0.189796
2894.323144,0.189796
2891.703057,0.187755
2889.082969,0.179592
2886.462882,0.167347
2883.842795,0.159184
2881.222707,0.159184
2878.602620,0.157143
2875.982533,0.153061
2873.362445,0.142857
2870.742358,0.128571
2868.122271,0.118367
2865.502183,0.108163
2862.882096,0.100000
2860.262009,0.091837
2857.641921,0.083673
2855.021834,0.075510
2852.401747,0.071429
2849.781659,0.069388
2847.161572,0.069388
2844.541485,0.067347
2841.921397,0.065306
2839.301310,0.063265
2836.681223,0.059184
2834.061135,0.055102
2831.441048,0.051020
2828.820961,0.046939
2826.200873,0.044898
2823.580786,0.042857
2820.960699,0.042857
2818.340611,0.040816
2815.720524,0.040816
2813.100437,0.040816
2810.480349,0.042857
2807.860262,0.044898
2805.240175,0.046939
2802.620087,0.048980
2800.000000,0.048980
2797.379913,0.046939
2794.759825,0.044898
2792.139738,0.042857
2789.519651,0.038776
2786.899563,0.036735
2784.279476,0.032653
2781.659389,0.030612
2779.039301,0.028571
2776.419214,0.026531
2773.799127,0.026531
2771.179039,0.026531
2768.558952,0.024490
2765.938865,0.022449
2763.318777,0.022449
2760.698690,0.022449
2758.078603,0.022449
2755.458515,0.022449
2752.838428,0.022449
2750.218341,0.020408
2747.598253,0.020408
2744.978166,0.020408
2742.358079,0.020408
2739.737991,0.020408
2737.117904,0.020408
2734.497817,0.020408
2731.877729,0.020408
2729.257642,0.018367
2726.637555,0.018367
2724.017467,0.018367
2721.397380,0.018367
2718.777293,0.018367
2716.157205,0.018367
2713.537118,0.018367
2710.917031,0.018367
2708.296943,0.018367
2705.676856,0.020408
2703.056769,0.020408
2700.436681,0.020408
2697.816594,0.018367
2695.196507,0.018367
2692.576419,0.018367
2689.956332,0.018367
2687.336245,0.018367
2684.716157,0.018367
2682.096070,0.018367
2679.475983,0.018367
2676.855895,0.018367
2674.235808,0.018367
2671.615721,0.018367
2668.995633,0.020408
2666.375546,0.020408
2663.755459,0.020408
2661.135371,0.018367
2658.515284,0.018367
2655.895197,0.018367
2653.275109,0.020408
2650.655022,0.020408
2648.034934,0.020408
2645.414847,0.020408
2642.794760,0.018367
2640.174672,0.018367
2637.554585,0.018367
2634.934498,0.016327
2632.314410,0.016327
2629.694323,0.016327
2627.074236,0.016327
2624.454148,0.016327
2621.834061,0.016327
2619.213974,0.016327
2616.593886,0.016327
2613.973799,0.016327
2611.353712,0.016327
2608.733624,0.016327
2606.113537,0.016327
2603.493450,0.016327
2600.873362,0.016327
2598.253275,0.016327
2595.633188,0.016327
2593.013100,0.016327
2590.393013,0.016327
2587.772926,0.016327
2585.152838,0.016327
2582.532751,0.016327
2579.912664,0.016327
2577.292576,0.016327
2574.672489,0.016327
2572.052402,0.016327
2569.432314,0.016327
2566.812227,0.016327
2564.192140,0.016327
2561.572052,0.016327
2558.951965,0.016327
2556.331878,0.016327
2553.711790,0.016327
2551.091703,0.016327
2548.471616,0.016327
2545.851528,0.016327
2543.231441,0.016327
2540.611354,0.016327
2537.991266,0.016327
2535.371179,0.016327
2532.751092,0.014286
2530.131004,0.014286
2527.510917,0.014286
2524.890830,0.016327
2522.270742,0.016327
2519.650655,0.014286
2517.030568,0.014286
2514.410480,0.014286
2511.790393,0.014286
2509.170306,0.016327
2506.550218,0.016327
2503.930131,0.016327
2501.310044,0.016327
2498.689956,0.016327
2496.069869,0.016327
2493.449782,0.016327
2490.829694,0.016327
2488.209607,0.018367
2485.589520,0.018367
2482.969432,0.018367
2480.349345,0.018367
2477.729258,0.018367
2475.109170,0.018367
2472.489083,0.016327
2469.868996,0.016327
2467.248908,0.016327
2464.628821,0.016327
2462.008734,0.016327
2459.388646,0.016327
2456.768559,0.016327
2454.148472,0.016327
2451.528384,0.016327
2448.908297,0.016327
2446.288210,0.018367
2443.668122,0.016327
2441.048035,0.016327
2438.427948,0.016327
2435.807860,0.016327
2433.187773,0.016327
2430.567686,0.016327
2427.947598,0.016327
2425.327511,0.016327
2422.707424,0.016327
2420.087336,0.016327
2417.467249,0.016327
2414.847162,0.016327
2412.227074,0.016327
2409.606987,0.016327
2406.986900,0.016327
2404.366812,0.016327
2401.746725,0.016327
2399.126638,0.016327
2396.506550,0.016327
2393.886463,0.016327
2391.266376,0.016327
2388.646288,0.016327
2386.026201,0.016327
2383.406114,0.016327
2380.786026,0.016327
2378.165939,0.018367
2375.545852,0.020408
2372.925764,0.022449
2370.305677,0.022449
2367.685590,0.022449
2365.065502,0.022449
2362.445415,0.022449
2359.825328,0.022449
2357.205240,0.020408
2354.585153,0.018367
2351.965066,0.016327
2349.344978,0.014286
2346.724891,0.020408
2344.104803,0.022449
2341.484716,0.022449
2338.864629,0.022449
2336.244541,0.020408
2333.624454,0.018367
2331.004367,0.018367
2328.384279,0.018367
2325.764192,0.018367
2323.144105,0.016327
2320.524017,0.016327
2317.903930,0.016327
2315.283843,0.016327
2312.663755,0.016327
2310.043668,0.016327
2307.423581,0.016327
2304.803493,0.016327
2302.183406,0.016327
2299.563319,0.016327
2296.943231,0.016327
2294.323144,0.016327
2291.703057,0.016327
2289.082969,0.016327
2286.462882,0.016327
2283.842795,0.016327
2281.222707,0.016327
2278.602620,0.016327
2275.982533,0.016327
2273.362445,0.016327
2270.742358,0.016327
2268.122271,0.016327
2265.502183,0.016327
2262.882096,0.016327
2260.262009,0.018367
2257.641921,0.018367
2255.021834,0.016327
2252.401747,0.016327
2249.781659,0.016327
2247.161572,0.016327
2244.541485,0.016327
2241.921397,0.016327
2239.301310,0.016327
2236.681223,0.016327
2234.061135,0.016327
2231.441048,0.016327
2228.820961,0.016327
2226.200873,0.018367
2223.580786,0.018367
2220.960699,0.018367
2218.340611,0.018367
2215.720524,0.018367
2213.100437,0.018367
2210.480349,0.020408
2207.860262,0.020408
2205.240175,0.020408
2202.620087,0.022449
2200.000000,0.022449
2197.379913,0.024490
2194.759825,0.024490
2192.139738,0.026531
2189.519651,0.028571
2186.899563,0.030612
2184.279476,0.032653
2181.659389,0.034694
2179.039301,0.038776
2176.419214,0.040816
2173.799127,0.042857
2171.179039,0.044898
2168.558952,0.044898
2165.938865,0.046939
2163.318777,0.044898
2160.698690,0.044898
2158.078603,0.042857
2155.458515,0.040816
2152.838428,0.036735
2150.218341,0.034694
2147.598253,0.032653
2144.978166,0.028571
2142.358079,0.026531
2139.737991,0.024490
2137.117904,0.024490
2134.497817,0.022449
2131.877729,0.020408
2129.257642,0.020408
2126.637555,0.020408
2124.017467,0.018367
2121.397380,0.018367
2118.777293,0.018367
2116.157205,0.018367
2113.537118,0.018367
2110.917031,0.018367
2108.296943,0.018367
2105.676856,0.018367
2103.056769,0.018367
2100.436681,0.018367
2097.816594,0.018367
2095.196507,0.018367
2092.576419,0.020408
2089.956332,0.018367
2087.336245,0.018367
2084.716157,0.018367
2082.096070,0.018367
2079.475983,0.018367
2076.855895,0.018367
2074.235808,0.018367
2071.615721,0.016327
2068.995633,0.016327
2066.375546,0.016327
2063.755459,0.016327
2061.135371,0.016327
2058.515284,0.016327
2055.895197,0.016327
2053.275109,0.016327
2050.655022,0.016327
2048.034934,0.016327
2045.414847,0.016327
2042.794760,0.016327
2040.174672,0.016327
2037.554585,0.016327
2034.934498,0.016327
2032.314410,0.016327
2029.694323,0.016327
2027.074236,0.016327
2024.454148,0.016327
2021.834061,0.016327
2019.213974,0.016327
2016.593886,0.016327
2013.973799,0.016327
2011.353712,0.016327
2008.733624,0.016327
2006.113537,0.016327
2003.493450,0.016327
2000.873362,0.016327
1998.253275,0.016327
1995.633188,0.018367
1993.013100,0.018367
1990.393013,0.016327
1987.772926,0.016327
1985.152838,0.016327
1982.532751,0.016327
1979.912664,0.016327
1977.292576,0.016327
1974.672489,0.016327
1972.052402,0.016327
1969.432314,0.016327
1966.812227,0.016327
1964.192140,0.016327
1961.572052,0.016327
1958.951965,0.016327
1956.331878,0.016327
1953.711790,0.018367
1951.091703,0.018367
1948.471616,0.018367
1945.851528,0.020408
1943.231441,0.020408
1940.611354,0.020408
1937.991266,0.020408
1935.371179,0.020408
1932.751092,0.020408
1930.131004,0.020408
1927.510917,0.018367
1924.890830,0.018367
1922.270742,0.018367
1919.650655,0.016327
1917.030568,0.016327
1914.410480,0.016327
1911.790393,0.016327
1909.170306,0.016327
1906.550218,0.016327
1903.930131,0.016327
1901.310044,0.016327
1898.689956,0.016327
1896.069869,0.016327
1893.449782,0.014286
1890.829694,0.014286
1888.209607,0.014286
1885.589520,0.014286
1882.969432,0.014286
1880.349345,0.014286
1877.729258,0.014286
1875.109170,0.014286
1872.489083,0.014286
1869.868996,0.014286
1867.248908,0.014286
1864.628821,0.014286
1862.008734,0.014286
1859.388646,0.016327
1856.768559,0.016327
1854.148472,0.018367
1851.528384,0.018367
1848.908297,0.018367
1846.288210,0.018367
1843.668122,0.018367
1841.048035,0.016327
1838.427948,0.016327
1835.807860,0.016327
1833.187773,0.016327
1830.567686,0.014286
1827.947598,0.014286
1825.327511,0.012245
1822.707424,0.012245
1820.087336,0.014286
1817.467249,0.014286
1814.847162,0.014286
1812.227074,0.012245
1809.606987,0.014286
1806.986900,0.014286
1804.366812,0.014286
1801.746725,0.014286
1799.126638,0.014286
1796.506550,0.012245
1793.886463,0.014286
1791.266376,0.014286
1788.646288,0.010204
1786.026201,0.012245
1783.406114,0.012245
1780.786026,0.012245
1778.165939,0.012245
1775.545852,0.014286
1772.925764,0.014286
1770.305677,0.014286
1767.685590,0.010204
1765.065502,0.012245
1762.445415,0.014286
1759.825328,0.014286
1757.205240,0.012245
1754.585153,0.012245
1751.965066,0.014286
1749.344978,0.014286
1746.724891,0.010204
1744.104803,0.012245
1741.484716,0.012245
1738.864629,0.012245
1736.244541,0.014286
1733.624454,0.014286
1731.004367,0.012245
1728.384279,0.010204
1725.764192,0.012245
1723.144105,0.012245
1720.524017,0.014286
1717.903930,0.016327
1715.283843,0.014286
1712.663755,0.010204
1710.043668,0.012245
1707.423581,0.012245
1704.803493,0.012245
1702.183406,0.014286
1699.563319,0.014286
1696.943231,0.010204
1694.323144,0.008163
1691.703057,0.012245
1689.082969,0.014286
1686.462882,0.016327
1683.842795,0.016327
1681.222707,0.012245
1678.602620,0.012245
1675.982533,0.014286
1673.362445,0.014286
1670.742358,0.012245
1668.122271,0.012245
1665.502183,0.012245
1662.882096,0.014286
1660.262009,0.014286
1657.641921,0.016327
1655.021834,0.018367
1652.401747,0.018367
1649.781659,0.012245
1647.161572,0.012245
1644.541485,0.012245
1641.921397,0.014286
1639.301310,0.016327
1636.681223,0.016327
1634.061135,0.016327
1631.441048,0.014286
1628.820961,0.016327
1626.200873,0.016327
1623.580786,0.014286
1620.960699,0.014286
1618.340611,0.016327
1615.720524,0.016327
1613.100437,0.014286
1610.480349,0.016327
1607.860262,0.016327
1605.240175,0.014286
1602.620087,0.014286
1600.000000,0.014286
1597.379913,0.014286
1594.759825,0.014286
1592.139738,0.014286
1589.519651,0.014286
1586.899563,0.014286
1584.279476,0.016327
1581.659389,0.016327
1579.039301,0.016327
1576.419214,0.016327
1573.799127,0.016327
1571.179039,0.016327
1568.558952,0.016327
1565.938865,0.014286
1563.318777,0.018367
1560.698690,0.018367
1558.078603,0.018367
1555.458515,0.008163
1552.838428,0.010204
1550.218341,0.012245
1547.598253,0.014286
1544.978166,0.014286
1542.358079,0.014286
1539.737991,0.014286
1537.117904,0.010204
1534.497817,0.014286
1531.877729,0.014286
1529.257642,0.014286
1526.637555,0.016327
1524.017467,0.014286
1521.397380,0.014286
1518.777293,0.014286
1516.157205,0.014286
1513.537118,0.016327
1510.917031,0.018367
1508.296943,0.018367
1505.676856,0.018367
1503.056769,0.016327
1500.436681,0.020408
1497.816594,0.020408
1495.196507,0.020408
1492.576419,0.016327
1489.956332,0.016327
1487.336245,0.016327
1484.716157,0.018367
1482.096070,0.020408
1479.475983,0.022449
1476.855895,0.022449
1474.235808,0.024490
1471.615721,0.024490
1468.995633,0.032653
1466.375546,0.036735
1463.755459,0.044898
1461.135371,0.065306
1458.515284,0.073469
1455.895197,0.073469
1453.275109,0.069388
1450.655022,0.057143
1448.034934,0.069388
1445.414847,0.085714
1442.794760,0.089796
1440.174672,0.089796
1437.554585,0.097959
1434.934498,0.097959
1432.314410,0.097959
1429.694323,0.085714
1427.074236,0.069388
1424.454148,0.067347
1421.834061,0.075510
1419.213974,0.077551
1416.593886,0.085714
1413.973799,0.089796
1411.353712,0.089796
1408.733624,0.087755
1406.113537,0.081633
1403.493450,0.071429
1400.873362,0.061224
1398.253275,0.053061
1395.633188,0.044898
1393.013100,0.038776
1390.393013,0.032653
1387.772926,0.032653
1385.152838,0.030612
1382.532751,0.028571
1379.912664,0.028571
1377.292576,0.028571
1374.672489,0.028571
1372.052402,0.026531
1369.432314,0.026531
1366.812227,0.026531
1364.192140,0.026531
1361.572052,0.026531
1358.951965,0.026531
1356.331878,0.028571
1353.711790,0.030612
1351.091703,0.036735
1348.471616,0.044898
1345.851528,0.051020
1343.231441,0.053061
1340.611354,0.053061
1337.991266,0.048980
1335.371179,0.040816
1332.751092,0.042857
1330.131004,0.044898
1327.510917,0.044898
1324.890830,0.044898
1322.270742,0.051020
1319.650655,0.059184
1317.030568,0.077551
1314.410480,0.104082
1311.790393,0.118367
1309.170306,0.120408
1306.550218,0.118367
1303.930131,0.102041
1301.310044,0.081633
1298.689956,0.071429
1296.069869,0.071429
1293.449782,0.071429
1290.829694,0.071429
1288.209607,0.069388
1285.589520,0.065306
1282.969432,0.069388
1280.349345,0.079592
1277.729258,0.093878
1275.109170,0.116327
1272.489083,0.153061
1269.868996,0.204082
1267.248908,0.263265
1264.628821,0.314286
1262.008734,0.346939
1259.388646,0.351020
1256.768559,0.389796
1254.148472,0.563265
1251.528384,0.685714
1248.908297,0.685714
1246.288210,0.683673
1243.668122,0.512245
1241.048035,0.291837
1238.427948,0.167347
1235.807860,0.108163
1233.187773,0.075510
1230.567686,0.059184
1227.947598,0.055102
1225.327511,0.053061
1222.707424,0.048980
1220.087336,0.038776
1217.467249,0.032653
1214.847162,0.028571
1212.227074,0.026531
1209.606987,0.024490
1206.986900,0.024490
1204.366812,0.022449
1201.746725,0.022449
1199.126638,0.022449
1196.506550,0.020408
1193.886463,0.020408
1191.266376,0.020408
1188.646288,0.022449
1186.026201,0.024490
1183.406114,0.030612
1180.786026,0.042857
1178.165939,0.061224
1175.545852,0.077551
1172.925764,0.081633
1170.305677,0.081633
1167.685590,0.077551
1165.065502,0.071429
1162.445415,0.089796
1159.825328,0.093878
1157.205240,0.093878
1154.585153,0.089796
1151.965066,0.069388
1149.344978,0.048980
1146.724891,0.038776
1144.104803,0.034694
1141.484716,0.030612
1138.864629,0.032653
1136.244541,0.032653
1133.624454,0.036735
1131.004367,0.040816
1128.384279,0.042857
1125.764192,0.046939
1123.144105,0.055102
1120.524017,0.061224
1117.903930,0.063265
1115.283843,0.063265
1112.663755,0.063265
1110.043668,0.059184
1107.423581,0.059184
1104.803493,0.059184
1102.183406,0.061224
1099.563319,0.061224
1096.943231,0.059184
1094.323144,0.059184
1091.703057,0.059184
1089.082969,0.057143
1086.462882,0.055102
1083.842795,0.055102
1081.222707,0.055102
1078.602620,0.057143
1075.982533,0.059184
1073.362445,0.061224
1070.742358,0.063265
1068.122271,0.063265
1065.502183,0.063265
1062.882096,0.063265
1060.262009,0.063265
1057.641921,0.067347
1055.021834,0.073469
1052.401747,0.081633
1049.781659,0.089796
1047.161572,0.091837
1044.541485,0.091837
1041.921397,0.089796
1039.301310,0.085714
1036.681223,0.085714
1034.061135,0.083673
1031.441048,0.073469
1028.820961,0.061224
1026.200873,0.053061
1023.580786,0.046939
1020.960699,0.044898
1018.340611,0.044898
1015.720524,0.048980
1013.100437,0.067347
1010.480349,0.087755
1007.860262,0.091837
1005.240175,0.091837
1002.620087,0.083673
1000.000000,0.083673
997.379913,0.091837
994.759825,0.093878
992.139738,0.091837
989.519651,0.079592
986.899563,0.063265
984.279476,0.048980
981.659389,0.040816
979.039301,0.038776
976.419214,0.042857
973.799127,0.057143
971.179039,0.079592
968.558952,0.093878
965.938865,0.093878
963.318777,0.091837
960.698690,0.073469
958.078603,0.048980
955.458515,0.036735
952.838428,0.028571
950.218341,0.024490
947.598253,0.022449
944.978166,0.022449
942.358079,0.022449
939.737991,0.024490
937.117904,0.030612
934.497817,0.032653
931.877729,0.036735
929.257642,0.040816
926.637555,0.046939
924.017467,0.053061
921.397380,0.063265
918.777293,0.079592
916.157205,0.093878
913.537118,0.097959
910.917031,0.100000
908.296943,0.097959
905.676856,0.091837
903.056769,0.091837
900.436681,0.100000
897.816594,0.110204
895.196507,0.120408
892.576419,0.132653
889.956332,0.148980
887.336245,0.173469
884.716157,0.216327
882.096070,0.281633
879.475983,0.385714
876.855895,0.522449
874.235808,0.589796
871.615721,0.593878
868.995633,0.593878
866.375546,0.597959
863.755459,0.610204
861.135371,0.612245
858.515284,0.610204
855.895197,0.593878
853.275109,0.640816
850.655022,0.708163
848.034934,0.781633
845.414847,0.869388
842.794760,0.963265
840.174672,0.997959
837.554585,1.000000
834.934498,0.995918
832.314410,0.928571
829.694323,0.795918
827.074236,0.655102
824.454148,0.510204
821.834061,0.373469
819.213974,0.275510
816.593886,0.212245
813.973799,0.169388
811.353712,0.142857
808.733624,0.122449
806.113537,0.108163
803.493450,0.095918
800.873362,0.087755
798.253275,0.079592
795.633188,0.075510
793.013100,0.075510
790.393013,0.073469
787.772926,0.075510
785.152838,0.081633
782.532751,0.093878
779.912664,0.110204
777.292576,0.130612
774.672489,0.155102
772.052402,0.189796
769.432314,0.224490
766.812227,0.234694
764.192140,0.234694
761.572052,0.232653
758.951965,0.222449
756.331878,0.220408
753.711790,0.214286
751.091703,0.195918
748.471616,0.212245
745.851528,0.234694
743.231441,0.255102
740.611354,0.273469
737.991266,0.275510
735.371179,0.273469
732.751092,0.259184
730.131004,0.214286
727.510917,0.167347
724.890830,0.132653
722.270742,0.108163
719.650655,0.093878
717.030568,0.087755
714.410480,0.085714
711.790393,0.089796
709.170306,0.095918
706.550218,0.108163
703.930131,0.130612
701.310044,0.171429
698.689956,0.216327
696.069869,0.236735
693.449782,0.236735
690.829694,0.236735
688.209607,0.218367
685.589520,0.181633
682.969432,0.153061
680.349345,0.136735
677.729258,0.128571
675.109170,0.130612
672.489083,0.142857
669.868996,0.157143
667.248908,0.185714
664.628821,0.212245
662.008734,0.216327
659.388646,0.216327
656.768559,0.210204
654.148472,0.187755
651.528384,0.169388
648.908297,0.163265
646.288210,0.167347
643.668122,0.175510
641.048035,0.181633
638.427948,0.183673
635.807860,0.185714
633.187773,0.187755
630.567686,0.195918
627.947598,0.202041
625.327511,0.208163
622.707424,0.218367
620.087336,0.234694
617.467249,0.242857
614.847162,0.257143
612.227074,0.273469
609.606987,0.287755
606.986900,0.308163
604.366812,0.322449
601.746725,0.338776
599.126638,0.340816
596.506550,0.340816
593.886463,0.334694
591.266376,0.322449
588.646288,0.297959
586.026201,0.263265
583.406114,0.226531
580.786026,0.189796
578.165939,0.148980
575.545852,0.116327
572.925764,0.085714
570.305677,0.061224
567.685590,0.042857
565.065502,0.028571
562.445415,0.018367
559.825328,0.012245
557.205240,0.008163
554.585153,0.006122
551.965066,0.004082
549.344978,0.004082
546.724891,0.002041
544.104803,0.002041
541.484716,0.002041
538.864629,0.002041
536.244541,0.002041
533.624454,0.002041
531.004367,0.002041
528.384279,0.002041
525.764192,0.002041
523.144105,0.002041
520.524017,0.002041
517.903930,0.002041
515.283843,0.002041
512.663755,0.002041
510.043668,0.002041
507.423581,0.002041
504.803493,0.002041
502.183406,0.002041
499.563319,0.002041
496.943231,0.002041
494.323144,0.002041
491.703057,0.002041
489.082969,0.002041
486.462882,0.002041
483.842795,0.002041
481.222707,0.002041
478.602620,0.002041
475.982533,0.002041
473.362445,0.002041
470.742358,0.002041
468.122271,0.002041
465.502183,0.002041
462.882096,0.002041
460.262009,0.002041
457.641921,0.002041
455.021834,0.002041
452.401747,0.002041
449.781659,0.002041
447.161572,nan
444.541485,nan
441.921397,nan
439.301310,nan
436.681223,nan
434.061135,nan
431.441048,nan
428.820961,nan
426.200873,nan
423.580786,nan
420.960699,nan
418.340611,nan
415.720524,nan
413.100437,nan
410.480349,nan
407.860262,nan
405.240175,nan
402.620087,nan
400.000000,nan
