4000.000000,0.018367
3997.379913,0.018367
3994.759825,0.018367
3992.139738,0.018367
3989.519651,0.018367
3986.899563,0.018367
3984.279476,0.018367
3981.659389,0.018367
3979.039301,0.018367
3976.419214,0.018367
3973.799127,0.018367
3971.179039,0.018367
3968.558952,0.018367
3965.938865,0.018367
3963.318777,0.018367
3960.698690,0.018367
3958.078603,0.018367
3955.458515,0.018367
3952.838428,0.018367
3950.218341,0.018367
3947.598253,0.018367
3944.978166,0.018367
3942.358079,0.016327
3939.737991,0.016327
3937.117904,0.018367
3934.497817,0.018367
3931.877729,0.018367
3929.257642,0.018367
3926.637555,0.018367
3924.017467,0.018367
3921.397380,0.018367
3918.777293,0.018367
3916.157205,0.018367
3913.537118,0.018367
3910.917031,0.018367
3908.296943,0.018367
3905.676856,0.018367
3903.056769,0.016327
3900.436681,0.016327
3897.816594,0.016327
3895.196507,0.016327
3892.576419,0.016327
3889.956332,0.016327
3887.336245,0.016327
3884.716157,0.016327
3882.096070,0.016327
3879.475983,0.016327
3876.855895,0.016327
3874.235808,0.016327
3871.615721,0.016327
3868.995633,0.016327
3866.375546,0.016327
3863.755459,0.016327
3861.135371,0.016327
3858.515284,0.016327
3855.895197,0.016327
3853.275109,0.016327
3850.655022,0.016327
3848.034934,0.016327
3845.414847,0.016327
3842.794760,0.016327
3840.174672,0.016327
3837.554585,0.016327
3834.934498,0.014286
3832.314410,0.014286
3829.694323,0.016327
3827.074236,0.016327
3824.454148,0.016327
3821.834061,0.016327
3819.213974,0.016327
3816.593886,0.016327
3813.973799,0.016327
3811.353712,0.014286
3808.733624,0.016327
3806.113537,0.016327
3803.493450,0.014286
3800.873362,0.014286
3798.253275,0.014286
3795.633188,0.014286
3793.013100,0.016327
3790.393013,0.016327
3787.772926,0.016327
3785.152838,0.016327
3782.532751,0.016327
3779.912664,0.016327
3777.292576,0.016327
3774.672489,0.016327
3772.052402,0.016327
3769.432314,0.016327
3766.812227,0.014286
3764.192140,0.016327
3761.572052,0.016327
3758.951965,0.016327
3756.331878,0.016327
3753.711790,0.016327
3751.091703,0.014286
3748.471616,0.014286
3745.851528,0.014286
3743.231441,0.014286
3740.611354,0.014286
3737.991266,0.016327
3735.371179,0.016327
3732.751092,0.016327
3730.131004,0.014286
3727.510917,0.014286
3724.890830,0.014286
3722.270742,0.016327
3719.650655,0.016327
3717.030568,0.016327
3714.410480,0.016327
3711.790393,0.016327
3709.170306,0.016327
3706.550218,0.016327
3703.930131,0.016327
3701.310044,0.016327
3698.689956,0.016327
3696.069869,0.016327
3693.449782,0.018367
3690.829694,0.018367
3688.209607,0.018367
3685.589520,0.016327
3682.969432,0.018367
3680.349345,0.018367
3677.729258,0.016327
3675.109170,0.016327
3672.489083,0.016327
3669.868996,0.018367
3667.248908,0.018367
3664.628821,0.018367
3662.008734,0.018367
3659.388646,0.018367
3656.768559,0.020408
3654.148472,0.020408
3651.528384,0.020408
3648.908297,0.020408
3646.288210,0.020408
3643.668122,0.018367
3641.048035,0.018367
3638.427948,0.018367
3635.807860,0.018367
3633.187773,0.018367
3630.567686,0.018367
3627.947598,0.018367
3625.327511,0.016327
3622.707424,0.016327
3620.087336,0.016327
3617.467249,0.016327
3614.847162,0.016327
3612.227074,0.016327
3609.606987,0.016327
3606.986900,0.016327
3604.366812,0.016327
3601.746725,0.016327
3599.126638,0.016327
3596.506550,0.018367
3593.886463,0.018367
3591.266376,0.018367
3588.646288,0.016327
3586.026201,0.016327
3583.406114,0.018367
3580.786026,0.018367
3578.165939,0.018367
3575.545852,0.018367
3572.925764,0.018367
3570.305677,0.018367
3567.685590,0.018367
3565.065502,0.018367
3562.445415,0.018367
3559.825328,0.018367
3557.205240,0.018367
3554.585153,0.020408
3551.965066,0.020408
3549.344978,0.020408
3546.724891,0.020408
3544.104803,0.020408
3541.484716,0.020408
3538.864629,0.020408
3536.244541,0.020408
3533.624454,0.020408
3531.004367,0.020408
3528.384279,0.020408
3525.764192,0.022449
3523.144105,0.022449
3520.524017,0.020408
3517.903930,0.020408
3515.283843,0.022449
3512.663755,0.022449
3510.043668,0.022449
3507.423581,0.022449
3504.803493,0.022449
3502.183406,0.022449
3499.563319,0.022449
3496.943231,0.022449
3494.323144,0.022449
3491.703057,0.022449
3489.082969,0.024490
3486.462882,0.024490
3483.842795,0.024490
3481.222707,0.024490
3478.602620,0.024490
3475.982533,0.024490
3473.362445,0.024490
3470.742358,0.024490
3468.122271,0.024490
3465.502183,0.024490
3462.882096,0.024490
3460.262009,0.024490
3457.641921,0.024490
3455.021834,0.024490
3452.401747,0.024490
3449.781659,0.024490
3447.161572,0.024490
3444.541485,0.024490
3441.921397,0.024490
3439.301310,0.026531
3436.681223,0.026531
3434.061135,0.026531
3431.441048,0.026531
3428.820961,0.026531
3426.200873,0.026531
3423.580786,0.024490
3420.960699,0.026531
3418.340611,0.026531
3415.720524,0.026531
3413.100437,0.026531
3410.480349,0.026531
3407.860262,0.026531
3405.240175,0.026531
3402.620087,0.026531
3400.000000,0.026531
3397.379913,0.026531
3394.759825,0.026531
3392.139738,0.026531
3389.519651,0.026531
3386.899563,0.026531
3384.279476,0.026531
3381.659389,0.026531
3379.039301,0.026531
3376.419214,0.026531
3373.799127,0.026531
3371.179039,0.026531
3368.558952,0.026531
3365.938865,0.026531
3363.318777,0.026531
3360.698690,0.026531
3358.078603,0.026531
3355.458515,0.026531
3352.838428,0.026531
3350.218341,0.026531
3347.598253,0.026531
3344.978166,0.026531
3342.358079,0.026531
3339.737991,0.026531
3337.117904,0.026531
3334.497817,0.026531
3331.877729,0.026531
3329.257642,0.026531
3326.637555,0.024490
3324.017467,0.026531
3321.397380,0.026531
3318.777293,0.026531
3316.157205,0.026531
3313.537118,0.026531
3310.917031,0.026531
3308.296943,0.026531
3305.676856,0.024490
3303.056769,0.024490
3300.436681,0.024490
3297.816594,0.024490
3295.196507,0.024490
3292.576419,0.024490
3289.956332,0.024490
3287.336245,0.024490
3284.716157,0.024490
3282.096070,0.024490
3279.475983,0.024490
3276.855895,0.024490
3274.235808,0.022449
3271.615721,0.022449
3268.995633,0.022449
3266.375546,0.022449
3263.755459,0.022449
3261.135371,0.022449
3258.515284,0.022449
3255.895197,0.022449
3253.275109,0.022449
3250.655022,0.022449
3248.034934,0.022449
3245.414847,0.022449
3242.794760,0.024490
3240.174672,0.024490
3237.554585,0.022449
3234.934498,0.022449
3232.314410,0.022449
3229.694323,0.022449
3227.074236,0.022449
3224.454148,0.022449
3221.834061,0.022449
3219.213974,0.022449
3216.593886,0.022449
3213.973799,0.022449
3211.353712,0.022449
3208.733624,0.022449
3206.113537,0.022449
3203.493450,0.022449
3200.873362,0.022449
3198.253275,0.022449
3195.633188,0.022449
3193.013100,0.022449
3190.393013,0.022449
3187.772926,0.022449
3185.152838,0.022449
3182.532751,0.022449
3179.912664,0.022449
3177.292576,0.022449
3174.672489,0.022449
3172.052402,0.022449
3169.432314,0.022449
3166.812227,0.022449
3164.192140,0.022449
3161.572052,0.022449
3158.951965,0.022449
3156.331878,0.022449
3153.711790,0.022449
3151.091703,0.022449
3148.471616,0.022449
3145.851528,0.022449
3143.231441,0.022449
3140.611354,0.024490
3137.991266,0.024490
3135.371179,0.024490
3132.751092,0.024490
3130.131004,0.024490
3127.510917,0.024490
3124.890830,0.024490
3122.270742,0.024490
3119.650655,0.024490
3117.030568,0.024490
3114.410480,0.026531
3111.790393,0.026531
3109.170306,0.026531
3106.550218,0.028571
3103.930131,0.032653
3101.310044,0.036735
3098.689956,0.046939
3096.069869,0.063265
3093.449782,0.089796
3090.829694,0.116327
3088.209607,0.124490
3085.589520,0.126531
3082.969432,0.122449
3080.349345,0.104082
3077.729258,0.079592
3075.109170,0.063265
3072.489083,0.053061
3069.868996,0.057143
3067.248908,0.061224
3064.628821,0.063265
3062.008734,0.061224
3059.388646,0.057143
3056.768559,0.046939
3054.148472,0.038776
3051.528384,0.032653
3048.908297,0.030612
3046.288210,0.028571
3043.668122,0.028571
3041.048035,0.028571
3038.427948,0.028571
3035.807860,0.028571
3033.187773,0.030612
3030.567686,0.032653
3027.947598,0.036735
3025.327511,0.038776
3022.707424,0.042857
3020.087336,0.048980
3017.467249,0.055102
3014.847162,0.061224
3012.227074,0.061224
3009.606987,0.061224
3006.986900,0.057143
3004.366812,0.048980
3001.746725,0.042857
2999.126638,0.038776
2996.506550,0.036735
2993.886463,0.038776
2991.266376,0.044898
2988.646288,0.059184
2986.026201,0.079592
2983.406114,0.089796
2980.786026,0.089796
2978.165939,0.089796
2975.545852,0.077551
2972.925764,0.059184
2970.305677,0.048980
2967.685590,0.040816
2965.065502,0.036735
2962.445415,0.034694
2959.825328,0.034694
2957.205240,0.032653
2954.585153,0.032653
2951.965066,0.030612
2949.344978,0.030612
2946.724891,0.028571
2944.104803,0.030612
2941.484716,0.030612
2938.864629,0.032653
2936.244541,0.032653
2933.624454,0.034694
2931.004367,0.034694
2928.384279,0.036735
2925.764192,0.034694
2923.144105,0.034694
2920.524017,0.034694
2917.903930,0.036735
2915.283843,0.036735
2912.663755,0.036735
2910.043668,0.036735
2907.423581,0.036735
2904.803493,0.038776
2902.183406,0.042857
2899.563319,0.046939
2896.943231,0.053061
2894.323144,0.059184
2891.703057,0.063265
2889.082969,0.065306
2886.462882,0.063265
2883.842795,0.061224
2881.222707,0.055102
2878.602620,0.046939
2875.982533,0.038776
2873.362445,0.034694
2870.742358,0.030612
2868.122271,0.026531
2865.502183,0.024490
2862.882096,0.022449
2860.262009,0.022449
2857.641921,0.020408
2855.021834,0.020408
2852.401747,0.018367
2849.781659,0.018367
2847.161572,0.018367
2844.541485,0.016327
2841.921397,0.016327
2839.301310,0.016327
2836.681223,0.014286
2834.061135,0.014286
2831.441048,0.014286
2828.820961,0.014286
2826.200873,0.014286
2823.580786,0.014286
2820.960699,0.014286
2818.340611,0.014286
2815.720524,0.014286
2813.100437,0.014286
2810.480349,0.014286
2807.860262,0.014286
2805.240175,0.014286
2802.620087,0.014286
2800.000000,0.014286
2797.379913,0.012245
2794.759825,0.012245
2792.139738,0.012245
2789.519651,0.012245
2786.899563,0.012245
2784.279476,0.012245
2781.659389,0.012245
2779.039301,0.012245
2776.419214,0.012245
2773.799127,0.012245
2771.179039,0.012245
2768.558952,0.012245
2765.938865,0.012245
2763.318777,0.012245
2760.698690,0.012245
2758.078603,0.012245
2755.458515,0.012245
2752.838428,0.012245
2750.218341,0.010204
2747.598253,0.012245
2744.978166,0.010204
2742.358079,0.010204
2739.737991,0.010204
2737.117904,0.010204
2734.497817,0.010204
2731.877729,0.010204
2729.257642,0.010204
2726.637555,0.010204
2724.017467,0.010204
2721.397380,0.010204
2718.777293,0.010204
2716.157205,0.010204
2713.537118,0.010204
2710.917031,0.010204
2708.296943,0.010204
2705.676856,0.010204
2703.056769,0.010204
2700.436681,0.010204
2697.816594,0.010204
2695.196507,0.010204
2692.576419,0.010204
2689.956332,0.010204
2687.336245,0.010204
2684.716157,0.010204
2682.096070,0.010204
2679.475983,0.010204
2676.855895,0.010204
2674.235808,0.010204
2671.615721,0.010204
2668.995633,0.010204
2666.375546,0.010204
2663.755459,0.010204
2661.135371,0.008163
2658.515284,0.010204
2655.895197,0.010204
2653.275109,0.010204
2650.655022,0.010204
2648.034934,0.010204
2645.414847,0.008163
2642.794760,0.008163
2640.174672,0.008163
2637.554585,0.010204
2634.934498,0.010204
2632.314410,0.010204
2629.694323,0.010204
2627.074236,0.008163
2624.454148,0.008163
2621.834061,0.010204
2619.213974,0.008163
2616.593886,0.010204
2613.973799,0.010204
2611.353712,0.010204
2608.733624,0.010204
2606.113537,0.010204
2603.493450,0.010204
2600.873362,0.010204
2598.253275,0.010204
2595.633188,0.010204
2593.013100,0.010204
2590.393013,0.010204
2587.772926,0.010204
2585.152838,0.010204
2582.532751,0.010204
2579.912664,0.010204
2577.292576,0.010204
2574.672489,0.010204
2572.052402,0.010204
2569.432314,0.010204
2566.812227,0.010204
2564.192140,0.010204
2561.572052,0.010204
2558.951965,0.012245
2556.331878,0.012245
2553.711790,0.010204
2551.091703,0.010204
2548.471616,0.010204
2545.851528,0.008163
2543.231441,0.008163
2540.611354,0.008163
2537.991266,0.008163
2535.371179,0.008163
2532.751092,0.008163
2530.131004,0.008163
2527.510917,0.008163
2524.890830,0.008163
2522.270742,0.008163
2519.650655,0.008163
2517.030568,0.008163
2514.410480,0.008163
2511.790393,0.008163
2509.170306,0.008163
2506.550218,0.008163
2503.930131,0.008163
2501.310044,0.008163
2498.689956,0.008163
2496.069869,0.008163
2493.449782,0.008163
2490.829694,0.008163
2488.209607,0.008163
2485.589520,0.008163
2482.969432,0.008163
2480.349345,0.008163
2477.729258,0.008163
2475.109170,0.008163
2472.489083,0.008163
2469.868996,0.008163
2467.248908,0.008163
2464.628821,0.008163
2462.008734,0.008163
2459.388646,0.008163
2456.768559,0.008163
2454.148472,0.008163
2451.528384,0.008163
2448.908297,0.008163
2446.288210,0.008163
2443.668122,0.008163
2441.048035,0.008163
2438.427948,0.008163
2435.807860,0.008163
2433.187773,0.008163
2430.567686,0.008163
2427.947598,0.008163
2425.327511,0.008163
2422.707424,0.008163
2420.087336,0.008163
2417.467249,0.008163
2414.847162,0.008163
2412.227074,0.008163
2409.606987,0.008163
2406.986900,0.008163
2404.366812,0.008163
2401.746725,0.008163
2399.126638,0.008163
2396.506550,0.008163
2393.886463,0.008163
2391.266376,0.008163
2388.646288,0.008163
2386.026201,0.008163
2383.406114,0.008163
2380.786026,0.008163
2378.165939,0.008163
2375.545852,0.008163
2372.925764,0.008163
2370.305677,0.008163
2367.685590,0.008163
2365.065502,0.008163
2362.445415,0.008163
2359.825328,0.008163
2357.205240,0.008163
2354.585153,0.008163
2351.965066,0.008163
2349.344978,0.008163
2346.724891,0.008163
2344.104803,0.010204
2341.484716,0.010204
2338.864629,0.010204
2336.244541,0.010204
2333.624454,0.008163
2331.004367,0.008163
2328.384279,0.008163
2325.764192,0.008163
2323.144105,0.008163
2320.524017,0.008163
2317.903930,0.008163
2315.283843,0.008163
2312.663755,0.008163
2310.043668,0.008163
2307.423581,0.008163
2304.803493,0.008163
2302.183406,0.008163
2299.563319,0.006122
2296.943231,0.006122
2294.323144,0.006122
2291.703057,0.006122
2289.082969,0.006122
2286.462882,0.008163
2283.842795,0.008163
2281.222707,0.006122
2278.602620,0.006122
2275.982533,0.006122
2273.362445,0.006122
2270.742358,0.006122
2268.122271,0.006122
2265.502183,0.006122
2262.882096,0.006122
2260.262009,0.008163
2257.641921,0.008163
2255.021834,0.006122
2252.401747,0.008163
2249.781659,0.008163
2247.161572,0.008163
2244.541485,0.008163
2241.921397,0.006122
2239.301310,0.006122
2236.681223,0.008163
2234.061135,0.008163
2231.441048,0.006122
2228.820961,0.008163
2226.200873,0.008163
2223.580786,0.008163
2220.960699,0.008163
2218.340611,0.008163
2215.720524,0.008163
2213.100437,0.008163
2210.480349,0.008163
2207.860262,0.008163
2205.240175,0.008163
2202.620087,0.008163
2200.000000,0.008163
2197.379913,0.008163
2194.759825,0.008163
2192.139738,0.008163
2189.519651,0.008163
2186.899563,0.008163
2184.279476,0.008163
2181.659389,0.008163
2179.039301,0.008163
2176.419214,0.008163
2173.799127,0.008163
2171.179039,0.008163
2168.558952,0.008163
2165.938865,0.008163
2163.318777,0.008163
2160.698690,0.008163
2158.078603,0.008163
2155.458515,0.010204
2152.838428,0.010204
2150.218341,0.010204
2147.598253,0.010204
2144.978166,0.010204
2142.358079,0.008163
2139.737991,0.008163
2137.117904,0.008163
2134.497817,0.006122
2131.877729,0.006122
2129.257642,0.006122
2126.637555,0.006122
2124.017467,0.006122
2121.397380,0.006122
2118.777293,0.006122
2116.157205,0.006122
2113.537118,0.008163
2110.917031,0.008163
2108.296943,0.008163
2105.676856,0.008163
2103.056769,0.006122
2100.436681,0.006122
2097.816594,0.006122
2095.196507,0.006122
2092.576419,0.006122
2089.956332,0.006122
2087.336245,0.006122
2084.716157,0.006122
2082.096070,0.006122
2079.475983,0.006122
2076.855895,0.006122
2074.235808,0.006122
2071.615721,0.006122
2068.995633,0.006122
2066.375546,0.006122
2063.755459,0.006122
2061.135371,0.006122
2058.515284,0.006122
2055.895197,0.006122
2053.275109,0.006122
2050.655022,0.004082
2048.034934,0.004082
2045.414847,0.006122
2042.794760,0.006122
2040.174672,0.006122
2037.554585,0.006122
2034.934498,0.006122
2032.314410,0.006122
2029.694323,0.006122
2027.074236,0.006122
2024.454148,0.006122
2021.834061,0.006122
2019.213974,0.006122
2016.593886,0.006122
2013.973799,0.006122
2011.353712,0.006122
2008.733624,0.004082
2006.113537,0.004082
2003.493450,0.006122
2000.873362,0.006122
1998.253275,0.006122
1995.633188,0.006122
1993.013100,0.006122
1990.393013,0.006122
1987.772926,0.006122
1985.152838,0.006122
1982.532751,0.006122
1979.912664,0.008163
1977.292576,0.008163
1974.672489,0.010204
1972.052402,0.010204
1969.432314,0.012245
1966.812227,0.012245
1964.192140,0.012245
1961.572052,0.012245
1958.951965,0.010204
1956.331878,0.010204
1953.711790,0.010204
1951.091703,0.010204
1948.471616,0.010204
1945.851528,0.010204
1943.231441,0.010204
1940.611354,0.010204
1937.991266,0.010204
1935.371179,0.010204
1932.751092,0.010204
1930.131004,0.010204
1927.510917,0.010204
1924.890830,0.008163
1922.270742,0.008163
1919.650655,0.008163
1917.030568,0.006122
1914.410480,0.006122
1911.790393,0.006122
1909.170306,0.006122
1906.550218,0.006122
1903.930131,0.006122
1901.310044,0.006122
1898.689956,0.006122
1896.069869,0.006122
1893.449782,0.004082
1890.829694,0.004082
1888.209607,0.004082
1885.589520,0.004082
1882.969432,0.004082
1880.349345,0.004082
1877.729258,0.006122
1875.109170,0.006122
1872.489083,0.006122
1869.868996,0.006122
1867.248908,0.006122
1864.628821,0.006122
1862.008734,0.008163
1859.388646,0.008163
1856.768559,0.010204
1854.148472,0.012245
1851.528384,0.016327
1848.908297,0.020408
1846.288210,0.024490
1843.668122,0.028571
1841.048035,0.030612
1838.427948,0.032653
1835.807860,0.032653
1833.187773,0.032653
1830.567686,0.030612
1827.947598,0.026531
1825.327511,0.022449
1822.707424,0.018367
1820.087336,0.016327
1817.467249,0.012245
1814.847162,0.012245
1812.227074,0.010204
1809.606987,0.008163
1806.986900,0.008163
1804.366812,0.006122
1801.746725,0.006122
1799.126638,0.006122
1796.506550,0.006122
1793.886463,0.006122
1791.266376,0.006122
1788.646288,0.006122
1786.026201,0.006122
1783.406114,0.006122
1780.786026,0.004082
1778.165939,0.004082
1775.545852,0.004082
1772.925764,0.004082
1770.305677,0.004082
1767.685590,0.004082
1765.065502,0.006122
1762.445415,0.006122
1759.825328,0.008163
1757.205240,0.008163
1754.585153,0.010204
1751.965066,0.012245
1749.344978,0.014286
1746.724891,0.020408
1744.104803,0.024490
1741.484716,0.026531
1738.864629,0.026531
1736.244541,0.026531
1733.624454,0.024490
1731.004367,0.020408
1728.384279,0.018367
1725.764192,0.016327
1723.144105,0.016327
1720.524017,0.016327
1717.903930,0.018367
1715.283843,0.018367
1712.663755,0.020408
1710.043668,0.020408
1707.423581,0.020408
1704.803493,0.020408
1702.183406,0.018367
1699.563319,0.016327
1696.943231,0.014286
1694.323144,0.012245
1691.703057,0.012245
1689.082969,0.012245
1686.462882,0.012245
1683.842795,0.010204
1681.222707,0.010204
1678.602620,0.010204
1675.982533,0.010204
1673.362445,0.008163
1670.742358,0.008163
1668.122271,0.008163
1665.502183,0.010204
1662.882096,0.010204
1660.262009,0.010204
1657.641921,0.012245
1655.021834,0.012245
1652.401747,0.014286
1649.781659,0.020408
1647.161572,0.028571
1644.541485,0.046939
1641.921397,0.106122
1639.301310,0.248980
1636.681223,0.340816
1634.061135,0.340816
1631.441048,0.324490
1628.820961,0.163265
1626.200873,0.073469
1623.580786,0.040816
1620.960699,0.026531
1618.340611,0.018367
1615.720524,0.016327
1613.100437,0.018367
1610.480349,0.020408
1607.860262,0.020408
1605.240175,0.018367
1602.620087,0.014286
1600.000000,0.012245
1597.379913,0.012245
1594.759825,0.010204
1592.139738,0.008163
1589.519651,0.008163
1586.899563,0.006122
1584.279476,0.006122
1581.659389,0.006122
1579.039301,0.006122
1576.419214,0.006122
1573.799127,0.004082
1571.179039,0.006122
1568.558952,0.004082
1565.938865,0.004082
1563.318777,0.004082
1560.698690,0.004082
1558.078603,0.004082
1555.458515,0.004082
1552.838428,0.004082
1550.218341,0.006122
1547.598253,0.006122
1544.978166,0.008163
1542.358079,0.008163
1539.737991,0.008163
1537.117904,0.010204
1534.497817,0.010204
1531.877729,0.010204
1529.257642,0.010204
1526.637555,0.010204
1524.017467,0.010204
1521.397380,0.008163
1518.777293,0.008163
1516.157205,0.008163
1513.537118,0.008163
1510.917031,0.006122
1508.296943,0.006122
1505.676856,0.006122
1503.056769,0.006122
1500.436681,0.006122
1497.816594,0.006122
1495.196507,0.006122
1492.576419,0.006122
1489.956332,0.004082
1487.336245,0.004082
1484.716157,0.004082
1482.096070,0.006122
1479.475983,0.006122
1476.855895,0.006122
1474.235808,0.006122
1471.615721,0.008163
1468.995633,0.008163
1466.375546,0.008163
1463.755459,0.010204
1461.135371,0.010204
1458.515284,0.010204
1455.895197,0.010204
1453.275109,0.010204
1450.655022,0.010204
1448.034934,0.012245
1445.414847,0.014286
1442.794760,0.014286
1440.174672,0.016327
1437.554585,0.016327
1434.934498,0.018367
1432.314410,0.022449
1429.694323,0.026531
1427.074236,0.036735
1424.454148,0.063265
1421.834061,0.138776
1419.213974,0.179592
1416.593886,0.181633
1413.973799,0.171429
1411.353712,0.104082
1408.733624,0.057143
1406.113537,0.040816
1403.493450,0.036735
1400.873362,0.046939
1398.253275,0.073469
1395.633188,0.108163
1393.013100,0.146939
1390.393013,0.177551
1387.772926,0.181633
1385.152838,0.179592
1382.532751,0.163265
1379.912664,0.122449
1377.292576,0.079592
1374.672489,0.053061
1372.052402,0.038776
1369.432314,0.030612
1366.812227,0.024490
1364.192140,0.022449
1361.572052,0.022449
1358.951965,0.018367
1356.331878,0.016327
1353.711790,0.014286
1351.091703,0.012245
1348.471616,0.012245
1345.851528,0.012245
1343.231441,0.012245
1340.611354,0.012245
1337.991266,0.012245
1335.371179,0.010204
1332.751092,0.010204
1330.131004,0.010204
1327.510917,0.010204
1324.890830,0.010204
1322.270742,0.010204
1319.650655,0.010204
1317.030568,0.010204
1314.410480,0.012245
1311.790393,0.012245
1309.170306,0.018367
1306.550218,0.028571
1303.930131,0.042857
1301.310044,0.042857
1298.689956,0.042857
1296.069869,0.032653
1293.449782,0.020408
1290.829694,0.014286
1288.209607,0.016327
1285.589520,0.016327
1282.969432,0.016327
1280.349345,0.018367
1277.729258,0.020408
1275.109170,0.022449
1272.489083,0.024490
1269.868996,0.028571
1267.248908,0.030612
1264.628821,0.032653
1262.008734,0.034694
1259.388646,0.034694
1256.768559,0.032653
1254.148472,0.030612
1251.528384,0.028571
1248.908297,0.028571
1246.288210,0.028571
1243.668122,0.028571
1241.048035,0.028571
1238.427948,0.028571
1235.807860,0.028571
1233.187773,0.026531
1230.567686,0.024490
1227.947598,0.022449
1225.327511,0.024490
1222.707424,0.026531
1220.087336,0.030612
1217.467249,0.034694
1214.847162,0.038776
1212.227074,0.042857
1209.606987,0.046939
1206.986900,0.048980
1204.366812,0.055102
1201.746725,0.061224
1199.126638,0.073469
1196.506550,0.093878
1193.886463,0.126531
1191.266376,0.169388
1188.646288,0.208163
1186.026201,0.224490
1183.406114,0.240816
1180.786026,0.261224
1178.165939,0.265306
1175.545852,0.265306
1172.925764,0.257143
1170.305677,0.222449
1167.685590,0.175510
1165.065502,0.134694
1162.445415,0.108163
1159.825328,0.089796
1157.205240,0.075510
1154.585153,0.067347
1151.965066,0.061224
1149.344978,0.059184
1146.724891,0.057143
1144.104803,0.057143
1141.484716,0.055102
1138.864629,0.055102
1136.244541,0.057143
1133.624454,0.057143
1131.004367,0.059184
1128.384279,0.061224
1125.764192,0.063265
1123.144105,0.067347
1120.524017,0.069388
1117.903930,0.073469
1115.283843,0.077551
1112.663755,0.081633
1110.043668,0.085714
1107.423581,0.089796
1104.803493,0.091837
1102.183406,0.093878
1099.563319,0.093878
1096.943231,0.093878
1094.323144,0.093878
1091.703057,0.093878
1089.082969,0.093878
1086.462882,0.093878
1083.842795,0.093878
1081.222707,0.091837
1078.602620,0.089796
1075.982533,0.087755
1073.362445,0.085714
1070.742358,0.085714
1068.122271,0.087755
1065.502183,0.091837
1062.882096,0.093878
1060.262009,0.097959
1057.641921,0.104082
1055.021834,0.110204
1052.401747,0.120408
1049.781659,0.134694
1047.161572,0.151020
1044.541485,0.177551
1041.921397,0.204082
1039.301310,0.226531
1036.681223,0.232653
1034.061135,0.232653
1031.441048,0.228571
1028.820961,0.202041
1026.200873,0.167347
1023.580786,0.132653
1020.960699,0.110204
1018.340611,0.095918
1015.720524,0.085714
1013.100437,0.077551
1010.480349,0.071429
1007.860262,0.065306
1005.240175,0.063265
1002.620087,0.067347
1000.000000,0.083673
997.379913,0.120408
994.759825,0.202041
992.139738,0.300000
989.519651,0.324490
986.899563,0.324490
984.279476,0.300000
981.659389,0.197959
979.039301,0.120408
976.419214,0.081633
973.799127,0.061224
971.179039,0.051020
968.558952,0.044898
965.938865,0.038776
963.318777,0.036735
960.698690,0.034694
958.078603,0.032653
955.458515,0.032653
952.838428,0.034694
950.218341,0.038776
947.598253,0.044898
944.978166,0.053061
942.358079,0.067347
939.737991,0.089796
937.117904,0.130612
934.497817,0.202041
931.877729,0.283673
929.257642,0.326531
926.637555,0.377551
924.017467,0.495918
921.397380,0.634694
918.777293,0.681633
916.157205,0.681633
913.537118,0.663265
910.917031,0.538776
908.296943,0.373469
905.676856,0.236735
903.056769,0.155102
900.436681,0.106122
897.816594,0.077551
895.196507,0.059184
892.576419,0.048980
889.956332,0.040816
887.336245,0.036735
884.716157,0.034694
882.096070,0.034694
879.475983,0.032653
876.855895,0.030612
874.235808,0.028571
871.615721,0.026531
868.995633,0.024490
866.375546,0.024490
863.755459,0.022449
861.135371,0.020408
858.515284,0.020408
855.895197,0.018367
853.275109,0.018367
850.655022,0.018367
848.034934,0.018367
845.414847,0.018367
842.794760,0.018367
840.174672,0.018367
837.554585,0.016327
834.934498,0.016327
832.314410,0.018367
829.694323,0.016327
827.074236,0.018367
824.454148,0.018367
821.834061,0.018367
819.213974,0.020408
816.593886,0.020408
813.973799,0.022449
811.353712,0.024490
808.733624,0.028571
806.113537,0.032653
803.493450,0.038776
800.873362,0.042857
798.253275,0.046939
795.633188,0.051020
793.013100,0.059184
790.393013,0.073469
787.772926,0.093878
785.152838,0.128571
782.532751,0.197959
779.912664,0.332653
777.292576,0.567347
774.672489,0.814286
772.052402,0.881633
769.432314,0.881633
766.812227,0.859184
764.192140,0.808163
761.572052,0.808163
758.951965,0.795918
756.331878,0.632653
753.711790,0.408163
751.091703,0.275510
748.471616,0.195918
745.851528,0.142857
743.231441,0.112245
740.611354,0.089796
737.991266,0.073469
735.371179,0.061224
732.751092,0.051020
730.131004,0.046939
727.510917,0.040816
724.890830,0.038776
722.270742,0.036735
719.650655,0.032653
717.030568,0.028571
714.410480,0.026531
711.790393,0.022449
709.170306,0.020408
706.550218,0.018367
703.930131,0.018367
701.310044,0.020408
698.689956,0.020408
696.069869,0.018367
693.449782,0.018367
690.829694,0.018367
688.209607,0.016327
685.589520,0.018367
682.969432,0.018367
680.349345,0.020408
677.729258,0.020408
675.109170,0.020408
672.489083,0.020408
669.868996,0.026531
667.248908,0.030612
664.628821,0.032653
662.008734,0.034694
659.388646,0.036735
656.768559,0.042857
654.148472,0.046939
651.528384,0.055102
648.908297,0.063265
646.288210,0.079592
643.668122,0.097959
641.048035,0.122449
638.427948,0.159184
635.807860,0.212245
633.187773,0.285714
630.567686,0.379592
627.947598,0.500000
625.327511,0.657143
622.707424,0.830612
620.087336,0.961224
617.467249,0.997959
614.847162,1.000000
612.227074,0.987755
609.606987,0.873469
606.986900,0.722449
604.366812,0.602041
601.746725,0.628571
599.126638,0.630612
596.506550,0.630612
593.886463,0.618367
591.266376,0.591837
588.646288,0.548980
586.026201,0.485714
583.406114,0.418367
580.786026,0.346939
578.165939,0.275510
575.545852,0.212245
572.925764,0.159184
570.305677,0.112245
567.685590,0.077551
565.065502,0.053061
562.445415,0.034694
559.825328,0.020408
557.205240,0.014286
554.585153,0.008163
551.965066,0.006122
549.344978,0.004082
546.724891,0.004082
544.104803,0.004082
541.484716,0.002041
538.864629,0.002041
536.244541,0.002041
533.624454,0.002041
531.004367,0.002041
528.384279,0.002041
525.764192,0.002041
523.144105,0.002041
520.524017,0.002041
517.903930,0.002041
515.283843,0.002041
512.663755,0.002041
510.043668,0.002041
507.423581,0.002041
504.803493,0.002041
502.183406,0.002041
499.563319,0.002041
496.943231,0.002041
494.323144,0.002041
491.703057,0.002041
489.082969,0.002041
486.462882,0.002041
483.842795,0.002041
481.222707,0.002041
478.602620,0.002041
475.982533,0.002041
473.362445,0.002041
470.742358,0.002041
468.122271,0.002041
465.502183,0.002041
462.882096,0.002041
460.262009,0.002041
457.641921,0.002041
455.021834,0.002041
452.401747,0.002041
449.781659,0.002041
447.161572,nan
444.541485,nan
441.921397,nan
439.301310,nan
436.681223,nan
434.061135,nan
431.441048,nan
428.820961,nan
426.200873,nan
423.580786,nan
420.960699,nan
418.340611,nan
415.720524,nan
413.100437,nan
410.480349,nan
407.860262,nan
405.240175,nan
402.620087,nan
400.000000,nan
