4000.000000,0.014286
3997.379913,0.016327
3994.759825,0.014286
3992.139738,0.016327
3989.519651,0.016327
3986.899563,0.016327
3984.279476,0.016327
3981.659389,0.016327
3979.039301,0.016327
3976.419214,0.014286
3973.799127,0.014286
3971.179039,0.014286
3968.558952,0.014286
3965.938865,0.014286
3963.318777,0.014286
3960.698690,0.014286
3958.078603,0.014286
3955.458515,0.014286
3952.838428,0.014286
3950.218341,0.014286
3947.598253,0.014286
3944.978166,0.014286
3942.358079,0.014286
3939.737991,0.014286
3937.117904,0.014286
3934.497817,0.014286
3931.877729,0.014286
3929.257642,0.014286
3926.637555,0.014286
3924.017467,0.014286
3921.397380,0.014286
3918.777293,0.014286
3916.157205,0.012245
3913.537118,0.012245
3910.917031,0.012245
3908.296943,0.012245
3905.676856,0.014286
3903.056769,0.014286
3900.436681,0.014286
3897.816594,0.012245
3895.196507,0.012245
3892.576419,0.014286
3889.956332,0.014286
3887.336245,0.014286
3884.716157,0.014286
3882.096070,0.014286
3879.475983,0.012245
3876.855895,0.012245
3874.235808,0.012245
3871.615721,0.012245
3868.995633,0.012245
3866.375546,0.012245
3863.755459,0.012245
3861.135371,0.012245
3858.515284,0.012245
3855.895197,0.012245
3853.275109,0.012245
3850.655022,0.012245
3848.034934,0.012245
3845.414847,0.012245
3842.794760,0.012245
3840.174672,0.012245
3837.554585,0.012245
3834.934498,0.012245
3832.314410,0.012245
3829.694323,0.012245
3827.074236,0.012245
3824.454148,0.012245
3821.834061,0.012245
3819.213974,0.014286
3816.593886,0.014286
3813.973799,0.014286
3811.353712,0.014286
3808.733624,0.014286
3806.113537,0.014286
3803.493450,0.014286
3800.873362,0.014286
3798.253275,0.014286
3795.633188,0.012245
3793.013100,0.012245
3790.393013,0.012245
3787.772926,0.012245
3785.152838,0.012245
3782.532751,0.012245
3779.912664,0.014286
3777.292576,0.014286
3774.672489,0.014286
3772.052402,0.012245
3769.432314,0.014286
3766.812227,0.014286
3764.192140,0.014286
3761.572052,0.012245
3758.951965,0.012245
3756.331878,0.014286
3753.711790,0.014286
3751.091703,0.014286
3748.471616,0.014286
3745.851528,0.014286
3743.231441,0.016327
3740.611354,0.016327
3737.991266,0.014286
3735.371179,0.014286
3732.751092,0.014286
3730.131004,0.014286
3727.510917,0.014286
3724.890830,0.014286
3722.270742,0.014286
3719.650655,0.014286
3717.030568,0.014286
3714.410480,0.014286
3711.790393,0.014286
3709.170306,0.014286
3706.550218,0.014286
3703.930131,0.014286
3701.310044,0.014286
3698.689956,0.014286
3696.069869,0.014286
3693.449782,0.014286
3690.829694,0.014286
3688.209607,0.014286
3685.589520,0.014286
3682.969432,0.012245
3680.349345,0.012245
3677.729258,0.012245
3675.109170,0.012245
3672.489083,0.012245
3669.868996,0.012245
3667.248908,0.012245
3664.628821,0.012245
3662.008734,0.012245
3659.388646,0.012245
3656.768559,0.012245
3654.148472,0.012245
3651.528384,0.012245
3648.908297,0.012245
3646.288210,0.012245
3643.668122,0.012245
3641.048035,0.012245
3638.427948,0.012245
3635.807860,0.012245
3633.187773,0.012245
3630.567686,0.012245
3627.947598,0.012245
3625.327511,0.012245
3622.707424,0.012245
3620.087336,0.012245
3617.467249,0.012245
3614.847162,0.012245
3612.227074,0.012245
3609.606987,0.012245
3606.986900,0.012245
3604.366812,0.012245
3601.746725,0.012245
3599.126638,0.012245
3596.506550,0.012245
3593.886463,0.012245
3591.266376,0.012245
3588.646288,0.012245
3586.026201,0.012245
3583.406114,0.012245
3580.786026,0.012245
3578.165939,0.012245
3575.545852,0.012245
3572.925764,0.012245
3570.305677,0.012245
3567.685590,0.012245
3565.065502,0.012245
3562.445415,0.012245
3559.825328,0.012245
3557.205240,0.012245
3554.585153,0.012245
3551.965066,0.012245
3549.344978,0.012245
3546.724891,0.012245
3544.104803,0.012245
3541.484716,0.012245
3538.864629,0.012245
3536.244541,0.012245
3533.624454,0.012245
3531.004367,0.012245
3528.384279,0.012245
3525.764192,0.012245
3523.144105,0.012245
3520.524017,0.012245
3517.903930,0.012245
3515.283843,0.012245
3512.663755,0.012245
3510.043668,0.012245
3507.423581,0.014286
3504.803493,0.014286
3502.183406,0.014286
3499.563319,0.014286
3496.943231,0.014286
3494.323144,0.014286
3491.703057,0.014286
3489.082969,0.014286
3486.462882,0.014286
3483.842795,0.014286
3481.222707,0.014286
3478.602620,0.014286
3475.982533,0.014286
3473.362445,0.014286
3470.742358,0.014286
3468.122271,0.014286
3465.502183,0.014286
3462.882096,0.014286
3460.262009,0.014286
3457.641921,0.014286
3455.021834,0.014286
3452.401747,0.014286
3449.781659,0.014286
3447.161572,0.014286
3444.541485,0.014286
3441.921397,0.014286
3439.301310,0.014286
3436.681223,0.014286
3434.061135,0.014286
3431.441048,0.014286
3428.820961,0.014286
3426.200873,0.014286
3423.580786,0.014286
3420.960699,0.014286
3418.340611,0.014286
3415.720524,0.014286
3413.100437,0.014286
3410.480349,0.014286
3407.860262,0.016327
3405.240175,0.016327
3402.620087,0.016327
3400.000000,0.016327
3397.379913,0.016327
3394.759825,0.016327
3392.139738,0.016327
3389.519651,0.016327
3386.899563,0.016327
3384.279476,0.016327
3381.659389,0.016327
3379.039301,0.016327
3376.419214,0.018367
3373.799127,0.018367
3371.179039,0.018367
3368.558952,0.016327
3365.938865,0.016327
3363.318777,0.016327
3360.698690,0.016327
3358.078603,0.016327
3355.458515,0.018367
3352.838428,0.018367
3350.218341,0.018367
3347.598253,0.018367
3344.978166,0.018367
3342.358079,0.018367
3339.737991,0.018367
3337.117904,0.018367
3334.497817,0.020408
3331.877729,0.020408
3329.257642,0.020408
3326.637555,0.022449
3324.017467,0.022449
3321.397380,0.022449
3318.777293,0.022449
3316.157205,0.022449
3313.537118,0.022449
3310.917031,0.022449
3308.296943,0.020408
3305.676856,0.020408
3303.056769,0.018367
3300.436681,0.018367
3297.816594,0.018367
3295.196507,0.018367
3292.576419,0.018367
3289.956332,0.018367
3287.336245,0.018367
3284.716157,0.018367
3282.096070,0.018367
3279.475983,0.018367
3276.855895,0.018367
3274.235808,0.018367
3271.615721,0.018367
3268.995633,0.018367
3266.375546,0.018367
3263.755459,0.018367
3261.135371,0.018367
3258.515284,0.018367
3255.895197,0.018367
3253.275109,0.018367
3250.655022,0.018367
3248.034934,0.018367
3245.414847,0.018367
3242.794760,0.018367
3240.174672,0.018367
3237.554585,0.018367
3234.934498,0.018367
3232.314410,0.018367
3229.694323,0.018367
3227.074236,0.018367
3224.454148,0.016327
3221.834061,0.016327
3219.213974,0.016327
3216.593886,0.016327
3213.973799,0.016327
3211.353712,0.016327
3208.733624,0.016327
3206.113537,0.016327
3203.493450,0.016327
3200.873362,0.016327
3198.253275,0.016327
3195.633188,0.016327
3193.013100,0.016327
3190.393013,0.016327
3187.772926,0.016327
3185.152838,0.016327
3182.532751,0.016327
3179.912664,0.016327
3177.292576,0.016327
3174.672489,0.016327
3172.052402,0.016327
3169.432314,0.016327
3166.812227,0.016327
3164.192140,0.016327
3161.572052,0.016327
3158.951965,0.016327
3156.331878,0.016327
3153.711790,0.016327
3151.091703,0.016327
3148.471616,0.016327
3145.851528,0.016327
3143.231441,0.016327
3140.611354,0.016327
3137.991266,0.016327
3135.371179,0.016327
3132.751092,0.016327
3130.131004,0.016327
3127.510917,0.016327
3124.890830,0.016327
3122.270742,0.016327
3119.650655,0.016327
3117.030568,0.016327
3114.410480,0.016327
3111.790393,0.016327
3109.170306,0.016327
3106.550218,0.016327
3103.930131,0.016327
3101.310044,0.016327
3098.689956,0.016327
3096.069869,0.016327
3093.449782,0.018367
3090.829694,0.018367
3088.209607,0.018367
3085.589520,0.018367
3082.969432,0.018367
3080.349345,0.018367
3077.729258,0.018367
3075.109170,0.018367
3072.489083,0.018367
3069.868996,0.018367
3067.248908,0.020408
3064.628821,0.020408
3062.008734,0.020408
3059.388646,0.020408
3056.768559,0.020408
3054.148472,0.020408
3051.528384,0.022449
3048.908297,0.022449
3046.288210,0.022449
3043.668122,0.022449
3041.048035,0.024490
3038.427948,0.024490
3035.807860,0.026531
3033.187773,0.026531
3030.567686,0.026531
3027.947598,0.028571
3025.327511,0.028571
3022.707424,0.030612
3020.087336,0.032653
3017.467249,0.034694
3014.847162,0.036735
3012.227074,0.038776
3009.606987,0.040816
3006.986900,0.044898
3004.366812,0.048980
3001.746725,0.053061
2999.126638,0.059184
2996.506550,0.067347
2993.886463,0.079592
2991.266376,0.093878
2988.646288,0.112245
2986.026201,0.140816
2983.406114,0.175510
2980.786026,0.216327
2978.165939,0.261224
2975.545852,0.304082
2972.925764,0.332653
2970.305677,0.342857
2967.685590,0.344898
2965.065502,0.344898
2962.445415,0.340816
2959.825328,0.340816
2957.205240,0.344898
2954.585153,0.346939
2951.965066,0.353061
2949.344978,0.371429
2946.724891,0.408163
2944.104803,0.471429
2941.484716,0.565306
2938.864629,0.677551
2936.244541,0.793878
2933.624454,0.906122
2931.004367,0.975510
2928.384279,0.997959
2925.764192,1.000000
2923.144105,0.997959
2920.524017,0.963265
2917.903930,0.889796
2915.283843,0.787755
2912.663755,0.685714
2910.043668,0.614286
2907.423581,0.569388
2904.803493,0.540816
2902.183406,0.522449
2899.563319,0.504082
2896.943231,0.481633
2894.323144,0.457143
2891.703057,0.430612
2889.082969,0.404082
2886.462882,0.375510
2883.842795,0.351020
2881.222707,0.332653
2878.602620,0.318367
2875.982533,0.314286
2873.362445,0.316327
2870.742358,0.324490
2868.122271,0.336735
2865.502183,0.361224
2862.882096,0.400000
2860.262009,0.465306
2857.641921,0.555102
2855.021834,0.612245
2852.401747,0.616327
2849.781659,0.616327
2847.161572,0.589796
2844.541485,0.504082
2841.921397,0.414286
2839.301310,0.338776
2836.681223,0.275510
2834.061135,0.228571
2831.441048,0.195918
2828.820961,0.169388
2826.200873,0.153061
2823.580786,0.140816
2820.960699,0.130612
2818.340611,0.122449
2815.720524,0.118367
2813.100437,0.118367
2810.480349,0.118367
2807.860262,0.116327
2805.240175,0.118367
2802.620087,0.122449
2800.000000,0.128571
2797.379913,0.138776
2794.759825,0.148980
2792.139738,0.161224
2789.519651,0.171429
2786.899563,0.181633
2784.279476,0.189796
2781.659389,0.195918
2779.039301,0.200000
2776.419214,0.206122
2773.799127,0.212245
2771.179039,0.216327
2768.558952,0.218367
2765.938865,0.218367
2763.318777,0.218367
2760.698690,0.214286
2758.078603,0.206122
2755.458515,0.193878
2752.838428,0.177551
2750.218341,0.161224
2747.598253,0.144898
2744.978166,0.128571
2742.358079,0.112245
2739.737991,0.100000
2737.117904,0.087755
2734.497817,0.079592
2731.877729,0.075510
2729.257642,0.071429
2726.637555,0.065306
2724.017467,0.061224
2721.397380,0.055102
2718.777293,0.048980
2716.157205,0.042857
2713.537118,0.040816
2710.917031,0.036735
2708.296943,0.034694
2705.676856,0.032653
2703.056769,0.030612
2700.436681,0.028571
2697.816594,0.026531
2695.196507,0.026531
2692.576419,0.026531
2689.956332,0.026531
2687.336245,0.026531
2684.716157,0.026531
2682.096070,0.026531
2679.475983,0.026531
2676.855895,0.028571
2674.235808,0.030612
2671.615721,0.034694
2668.995633,0.038776
2666.375546,0.042857
2663.755459,0.044898
2661.135371,0.044898
2658.515284,0.046939
2655.895197,0.046939
2653.275109,0.042857
2650.655022,0.038776
2648.034934,0.034694
2645.414847,0.032653
2642.794760,0.032653
2640.174672,0.032653
2637.554585,0.032653
2634.934498,0.032653
2632.314410,0.030612
2629.694323,0.028571
2627.074236,0.026531
2624.454148,0.024490
2621.834061,0.024490
2619.213974,0.022449
2616.593886,0.022449
2613.973799,0.022449
2611.353712,0.022449
2608.733624,0.020408
2606.113537,0.022449
2603.493450,0.022449
2600.873362,0.022449
2598.253275,0.022449
2595.633188,0.022449
2593.013100,0.024490
2590.393013,0.024490
2587.772926,0.024490
2585.152838,0.022449
2582.532751,0.020408
2579.912664,0.018367
2577.292576,0.016327
2574.672489,0.016327
2572.052402,0.014286
2569.432314,0.014286
2566.812227,0.012245
2564.192140,0.012245
2561.572052,0.012245
2558.951965,0.010204
2556.331878,0.010204
2553.711790,0.010204
2551.091703,0.010204
2548.471616,0.008163
2545.851528,0.008163
2543.231441,0.008163
2540.611354,0.008163
2537.991266,0.008163
2535.371179,0.008163
2532.751092,0.008163
2530.131004,0.008163
2527.510917,0.008163
2524.890830,0.008163
2522.270742,0.008163
2519.650655,0.008163
2517.030568,0.008163
2514.410480,0.008163
2511.790393,0.008163
2509.170306,0.008163
2506.550218,0.008163
2503.930131,0.006122
2501.310044,0.006122
2498.689956,0.006122
2496.069869,0.006122
2493.449782,0.008163
2490.829694,0.008163
2488.209607,0.008163
2485.589520,0.008163
2482.969432,0.008163
2480.349345,0.008163
2477.729258,0.008163
2475.109170,0.008163
2472.489083,0.008163
2469.868996,0.008163
2467.248908,0.008163
2464.628821,0.008163
2462.008734,0.008163
2459.388646,0.006122
2456.768559,0.006122
2454.148472,0.006122
2451.528384,0.006122
2448.908297,0.006122
2446.288210,0.006122
2443.668122,0.006122
2441.048035,0.006122
2438.427948,0.006122
2435.807860,0.006122
2433.187773,0.006122
2430.567686,0.006122
2427.947598,0.006122
2425.327511,0.006122
2422.707424,0.006122
2420.087336,0.006122
2417.467249,0.006122
2414.847162,0.006122
2412.227074,0.006122
2409.606987,0.006122
2406.986900,0.006122
2404.366812,0.006122
2401.746725,0.006122
2399.126638,0.006122
2396.506550,0.006122
2393.886463,0.006122
2391.266376,0.006122
2388.646288,0.006122
2386.026201,0.006122
2383.406114,0.006122
2380.786026,0.006122
2378.165939,0.006122
2375.545852,0.006122
2372.925764,0.006122
2370.305677,0.006122
2367.685590,0.006122
2365.065502,0.006122
2362.445415,0.008163
2359.825328,0.008163
2357.205240,0.006122
2354.585153,0.006122
2351.965066,0.006122
2349.344978,0.006122
2346.724891,0.006122
2344.104803,0.006122
2341.484716,0.006122
2338.864629,0.006122
2336.244541,0.006122
2333.624454,0.006122
2331.004367,0.006122
2328.384279,0.006122
2325.764192,0.006122
2323.144105,0.006122
2320.524017,0.006122
2317.903930,0.004082
2315.283843,0.004082
2312.663755,0.004082
2310.043668,0.004082
2307.423581,0.004082
2304.803493,0.004082
2302.183406,0.004082
2299.563319,0.004082
2296.943231,0.004082
2294.323144,0.004082
2291.703057,0.004082
2289.082969,0.004082
2286.462882,0.004082
2283.842795,0.004082
2281.222707,0.004082
2278.602620,0.004082
2275.982533,0.004082
2273.362445,0.004082
2270.742358,0.004082
2268.122271,0.004082
2265.502183,0.004082
2262.882096,0.004082
2260.262009,0.004082
2257.641921,0.004082
2255.021834,0.004082
2252.401747,0.004082
2249.781659,0.004082
2247.161572,0.004082
2244.541485,0.004082
2241.921397,0.004082
2239.301310,0.004082
2236.681223,0.006122
2234.061135,0.006122
2231.441048,0.006122
2228.820961,0.006122
2226.200873,0.006122
2223.580786,0.006122
2220.960699,0.004082
2218.340611,0.004082
2215.720524,0.004082
2213.100437,0.004082
2210.480349,0.004082
2207.860262,0.004082
2205.240175,0.004082
2202.620087,0.004082
2200.000000,0.006122
2197.379913,0.006122
2194.759825,0.006122
2192.139738,0.006122
2189.519651,0.006122
2186.899563,0.006122
2184.279476,0.006122
2181.659389,0.006122
2179.039301,0.006122
2176.419214,0.006122
2173.799127,0.006122
2171.179039,0.006122
2168.558952,0.006122
2165.938865,0.006122
2163.318777,0.006122
2160.698690,0.006122
2158.078603,0.006122
2155.458515,0.006122
2152.838428,0.004082
2150.218341,0.004082
2147.598253,0.004082
2144.978166,0.006122
2142.358079,0.004082
2139.737991,0.004082
2137.117904,0.004082
2134.497817,0.004082
2131.877729,0.004082
2129.257642,0.004082
2126.637555,0.004082
2124.017467,0.004082
2121.397380,0.004082
2118.777293,0.004082
2116.157205,0.004082
2113.537118,0.004082
2110.917031,0.004082
2108.296943,0.004082
2105.676856,0.004082
2103.056769,0.004082
2100.436681,0.004082
2097.816594,0.004082
2095.196507,0.004082
2092.576419,0.004082
2089.956332,0.004082
2087.336245,0.004082
2084.716157,0.004082
2082.096070,0.004082
2079.475983,0.004082
2076.855895,0.004082
2074.235808,0.004082
2071.615721,0.004082
2068.995633,0.004082
2066.375546,0.004082
2063.755459,0.004082
2061.135371,0.004082
2058.515284,0.004082
2055.895197,0.004082
2053.275109,0.004082
2050.655022,0.004082
2048.034934,0.004082
2045.414847,0.004082
2042.794760,0.004082
2040.174672,0.004082
2037.554585,0.004082
2034.934498,0.004082
2032.314410,0.004082
2029.694323,0.004082
2027.074236,0.004082
2024.454148,0.004082
2021.834061,0.004082
2019.213974,0.004082
2016.593886,0.004082
2013.973799,0.004082
2011.353712,0.004082
2008.733624,0.004082
2006.113537,0.004082
2003.493450,0.004082
2000.873362,0.004082
1998.253275,0.004082
1995.633188,0.004082
1993.013100,0.004082
1990.393013,0.004082
1987.772926,0.004082
1985.152838,0.004082
1982.532751,0.004082
1979.912664,0.004082
1977.292576,0.004082
1974.672489,0.004082
1972.052402,0.004082
1969.432314,0.004082
1966.812227,0.004082
1964.192140,0.004082
1961.572052,0.006122
1958.951965,0.006122
1956.331878,0.006122
1953.711790,0.006122
1951.091703,0.006122
1948.471616,0.006122
1945.851528,0.006122
1943.231441,0.006122
1940.611354,0.006122
1937.991266,0.006122
1935.371179,0.008163
1932.751092,0.008163
1930.131004,0.006122
1927.510917,0.006122
1924.890830,0.006122
1922.270742,0.006122
1919.650655,0.006122
1917.030568,0.006122
1914.410480,0.006122
1911.790393,0.004082
1909.170306,0.004082
1906.550218,0.004082
1903.930131,0.004082
1901.310044,0.004082
1898.689956,0.004082
1896.069869,0.004082
1893.449782,0.004082
1890.829694,0.004082
1888.209607,0.004082
1885.589520,0.004082
1882.969432,0.004082
1880.349345,0.004082
1877.729258,0.006122
1875.109170,0.006122
1872.489083,0.006122
1869.868996,0.006122
1867.248908,0.006122
1864.628821,0.006122
1862.008734,0.006122
1859.388646,0.006122
1856.768559,0.006122
1854.148472,0.006122
1851.528384,0.006122
1848.908297,0.006122
1846.288210,0.006122
1843.668122,0.006122
1841.048035,0.006122
1838.427948,0.006122
1835.807860,0.008163
1833.187773,0.008163
1830.567686,0.008163
1827.947598,0.008163
1825.327511,0.008163
1822.707424,0.008163
1820.087336,0.008163
1817.467249,0.008163
1814.847162,0.008163
1812.227074,0.008163
1809.606987,0.008163
1806.986900,0.008163
1804.366812,0.008163
1801.746725,0.008163
1799.126638,0.008163
1796.506550,0.008163
1793.886463,0.006122
1791.266376,0.006122
1788.646288,0.006122
1786.026201,0.006122
1783.406114,0.006122
1780.786026,0.004082
1778.165939,0.004082
1775.545852,0.004082
1772.925764,0.004082
1770.305677,0.004082
1767.685590,0.004082
1765.065502,0.002041
1762.445415,0.004082
1759.825328,0.004082
1757.205240,0.004082
1754.585153,0.004082
1751.965066,0.002041
1749.344978,0.002041
1746.724891,0.002041
1744.104803,0.002041
1741.484716,0.002041
1738.864629,0.004082
1736.244541,0.004082
1733.624454,0.004082
1731.004367,0.004082
1728.384279,0.004082
1725.764192,0.004082
1723.144105,0.004082
1720.524017,0.004082
1717.903930,0.004082
1715.283843,0.004082
1712.663755,0.004082
1710.043668,0.004082
1707.423581,0.004082
1704.803493,0.004082
1702.183406,0.006122
1699.563319,0.006122
1696.943231,0.006122
1694.323144,0.006122
1691.703057,0.006122
1689.082969,0.006122
1686.462882,0.006122
1683.842795,0.006122
1681.222707,0.006122
1678.602620,0.006122
1675.982533,0.006122
1673.362445,0.006122
1670.742358,0.006122
1668.122271,0.006122
1665.502183,0.006122
1662.882096,0.006122
1660.262009,0.006122
1657.641921,0.004082
1655.021834,0.006122
1652.401747,0.006122
1649.781659,0.004082
1647.161572,0.004082
1644.541485,0.004082
1641.921397,0.004082
1639.301310,0.004082
1636.681223,0.004082
1634.061135,0.004082
1631.441048,0.004082
1628.820961,0.004082
1626.200873,0.004082
1623.580786,0.004082
1620.960699,0.004082
1618.340611,0.004082
1615.720524,0.004082
1613.100437,0.004082
1610.480349,0.004082
1607.860262,0.004082
1605.240175,0.004082
1602.620087,0.004082
1600.000000,0.004082
1597.379913,0.006122
1594.759825,0.006122
1592.139738,0.006122
1589.519651,0.006122
1586.899563,0.006122
1584.279476,0.006122
1581.659389,0.006122
1579.039301,0.006122
1576.419214,0.006122
1573.799127,0.006122
1571.179039,0.006122
1568.558952,0.006122
1565.938865,0.006122
1563.318777,0.008163
1560.698690,0.008163
1558.078603,0.008163
1555.458515,0.006122
1552.838428,0.008163
1550.218341,0.008163
1547.598253,0.008163
1544.978166,0.008163
1542.358079,0.008163
1539.737991,0.010204
1537.117904,0.008163
1534.497817,0.010204
1531.877729,0.010204
1529.257642,0.010204
1526.637555,0.012245
1524.017467,0.012245
1521.397380,0.012245
1518.777293,0.012245
1516.157205,0.014286
1513.537118,0.014286
1510.917031,0.016327
1508.296943,0.018367
1505.676856,0.018367
1503.056769,0.020408
1500.436681,0.022449
1497.816594,0.026531
1495.196507,0.028571
1492.576419,0.034694
1489.956332,0.042857
1487.336245,0.053061
1484.716157,0.065306
1482.096070,0.075510
1479.475983,0.083673
1476.855895,0.093878
1474.235808,0.104082
1471.615721,0.114286
1468.995633,0.130612
1466.375546,0.153061
1463.755459,0.157143
1461.135371,0.157143
1458.515284,0.165306
1455.895197,0.197959
1453.275109,0.248980
1450.655022,0.265306
1448.034934,0.265306
1445.414847,0.261224
1442.794760,0.228571
1440.174672,0.187755
1437.554585,0.155102
1434.934498,0.124490
1432.314410,0.104082
1429.694323,0.093878
1427.074236,0.087755
1424.454148,0.083673
1421.834061,0.079592
1419.213974,0.075510
1416.593886,0.073469
1413.973799,0.069388
1411.353712,0.069388
1408.733624,0.067347
1406.113537,0.067347
1403.493450,0.069388
1400.873362,0.077551
1398.253275,0.097959
1395.633188,0.126531
1393.013100,0.159184
1390.393013,0.167347
1387.772926,0.167347
1385.152838,0.155102
1382.532751,0.118367
1379.912664,0.087755
1377.292576,0.073469
1374.672489,0.093878
1372.052402,0.130612
1369.432314,0.157143
1366.812227,0.157143
1364.192140,0.155102
1361.572052,0.136735
1358.951965,0.104082
1356.331878,0.077551
1353.711790,0.067347
1351.091703,0.085714
1348.471616,0.089796
1345.851528,0.089796
1343.231441,0.081633
1340.611354,0.063265
1337.991266,0.053061
1335.371179,0.046939
1332.751092,0.044898
1330.131004,0.048980
1327.510917,0.048980
1324.890830,0.048980
1322.270742,0.046939
1319.650655,0.042857
1317.030568,0.038776
1314.410480,0.042857
1311.790393,0.053061
1309.170306,0.059184
1306.550218,0.063265
1303.930131,0.063265
1301.310044,0.061224
1298.689956,0.059184
1296.069869,0.061224
1293.449782,0.061224
1290.829694,0.061224
1288.209607,0.059184
1285.589520,0.053061
1282.969432,0.048980
1280.349345,0.046939
1277.729258,0.051020
1275.109170,0.059184
1272.489083,0.071429
1269.868996,0.091837
1267.248908,0.130612
1264.628821,0.193878
1262.008734,0.281633
1259.388646,0.359184
1256.768559,0.420408
1254.148472,0.487755
1251.528384,0.518367
1248.908297,0.518367
1246.288210,0.506122
1243.668122,0.381633
1241.048035,0.228571
1238.427948,0.142857
1235.807860,0.102041
1233.187773,0.081633
1230.567686,0.069388
1227.947598,0.059184
1225.327511,0.051020
1222.707424,0.044898
1220.087336,0.040816
1217.467249,0.038776
1214.847162,0.040816
1212.227074,0.042857
1209.606987,0.046939
1206.986900,0.051020
1204.366812,0.057143
1201.746725,0.061224
1199.126638,0.063265
1196.506550,0.065306
1193.886463,0.065306
1191.266376,0.065306
1188.646288,0.065306
1186.026201,0.065306
1183.406114,0.071429
1180.786026,0.083673
1178.165939,0.106122
1175.545852,0.140816
1172.925764,0.187755
1170.305677,0.224490
1167.685590,0.230612
1165.065502,0.228571
1162.445415,0.222449
1159.825328,0.195918
1157.205240,0.165306
1154.585153,0.142857
1151.965066,0.128571
1149.344978,0.128571
1146.724891,0.132653
1144.104803,0.136735
1141.484716,0.142857
1138.864629,0.157143
1136.244541,0.181633
1133.624454,0.218367
1131.004367,0.267347
1128.384279,0.328571
1125.764192,0.391837
1123.144105,0.455102
1120.524017,0.524490
1117.903930,0.589796
1115.283843,0.655102
1112.663755,0.704082
1110.043668,0.714286
1107.423581,0.714286
1104.803493,0.704082
1102.183406,0.638776
1099.563319,0.524490
1096.943231,0.424490
1094.323144,0.379592
1091.703057,0.428571
1089.082969,0.485714
1086.462882,0.534694
1083.842795,0.563265
1081.222707,0.571429
1078.602620,0.571429
1075.982533,0.565306
1073.362445,0.528571
1070.742358,0.459184
1068.122271,0.379592
1065.502183,0.302041
1062.882096,0.248980
1060.262009,0.210204
1057.641921,0.183673
1055.021834,0.165306
1052.401747,0.153061
1049.781659,0.140816
1047.161572,0.126531
1044.541485,0.114286
1041.921397,0.104082
1039.301310,0.097959
1036.681223,0.091837
1034.061135,0.087755
1031.441048,0.081633
1028.820961,0.073469
1026.200873,0.069388
1023.580786,0.063265
1020.960699,0.059184
1018.340611,0.055102
1015.720524,0.048980
1013.100437,0.042857
1010.480349,0.036735
1007.860262,0.032653
1005.240175,0.028571
1002.620087,0.028571
1000.000000,0.028571
997.379913,0.028571
994.759825,0.030612
992.139738,0.032653
989.519651,0.034694
986.899563,0.034694
984.279476,0.034694
981.659389,0.036735
979.039301,0.040816
976.419214,0.048980
973.799127,0.061224
971.179039,0.079592
968.558952,0.097959
965.938865,0.108163
963.318777,0.118367
960.698690,0.144898
958.078603,0.189796
955.458515,0.246939
952.838428,0.304082
950.218341,0.334694
947.598253,0.338776
944.978166,0.338776
942.358079,0.332653
939.737991,0.308163
937.117904,0.277551
934.497817,0.244898
931.877729,0.212245
929.257642,0.177551
926.637555,0.146939
924.017467,0.120408
921.397380,0.095918
918.777293,0.075510
916.157205,0.063265
913.537118,0.053061
910.917031,0.046939
908.296943,0.046939
905.676856,0.051020
903.056769,0.059184
900.436681,0.075510
897.816594,0.100000
895.196507,0.118367
892.576419,0.122449
889.956332,0.122449
887.336245,0.122449
884.716157,0.118367
882.096070,0.110204
879.475983,0.126531
876.855895,0.151020
874.235808,0.179592
871.615721,0.208163
868.995633,0.240816
866.375546,0.291837
863.755459,0.367347
861.135371,0.461224
858.515284,0.557143
855.895197,0.632653
853.275109,0.685714
850.655022,0.726531
848.034934,0.763265
845.414847,0.773469
842.794760,0.771429
840.174672,0.755102
837.554585,0.685714
834.934498,0.608163
832.314410,0.528571
829.694323,0.457143
827.074236,0.406122
824.454148,0.373469
821.834061,0.353061
819.213974,0.342857
816.593886,0.353061
813.973799,0.363265
811.353712,0.365306
808.733624,0.365306
806.113537,0.363265
803.493450,0.346939
800.873362,0.314286
798.253275,0.273469
795.633188,0.234694
793.013100,0.232653
790.393013,0.261224
787.772926,0.273469
785.152838,0.273469
782.532751,0.267347
779.912664,0.218367
777.292576,0.171429
774.672489,0.151020
772.052402,0.167347
769.432314,0.183673
766.812227,0.197959
764.192140,0.206122
761.572052,0.212245
758.951965,0.216327
756.331878,0.216327
753.711790,0.216327
751.091703,0.214286
748.471616,0.202041
745.851528,0.183673
743.231441,0.165306
740.611354,0.151020
737.991266,0.138776
735.371179,0.134694
732.751092,0.136735
730.131004,0.138776
727.510917,0.138776
724.890830,0.138776
722.270742,0.134694
719.650655,0.128571
717.030568,0.120408
714.410480,0.112245
711.790393,0.104082
709.170306,0.100000
706.550218,0.095918
703.930131,0.091837
701.310044,0.087755
698.689956,0.083673
696.069869,0.079592
693.449782,0.075510
690.829694,0.071429
688.209607,0.073469
685.589520,0.075510
682.969432,0.075510
680.349345,0.075510
677.729258,0.073469
675.109170,0.071429
672.489083,0.069388
669.868996,0.069388
667.248908,0.069388
664.628821,0.067347
662.008734,0.063265
659.388646,0.061224
656.768559,0.055102
654.148472,0.051020
651.528384,0.044898
648.908297,0.040816
646.288210,0.036735
643.668122,0.036735
641.048035,0.036735
638.427948,0.036735
635.807860,0.040816
633.187773,0.044898
630.567686,0.051020
627.947598,0.057143
625.327511,0.063265
622.707424,0.067347
620.087336,0.071429
617.467249,0.073469
614.847162,0.073469
612.227074,0.067347
609.606987,0.059184
606.986900,0.051020
604.366812,0.044898
601.746725,0.040816
599.126638,0.036735
596.506550,0.036735
593.886463,0.034694
591.266376,0.034694
588.646288,0.030612
586.026201,0.028571
583.406114,0.024490
580.786026,0.020408
578.165939,0.016327
575.545852,0.012245
572.925764,0.010204
570.305677,0.008163
567.685590,0.006122
565.065502,0.004082
562.445415,0.004082
559.825328,0.004082
557.205240,0.004082
554.585153,0.002041
551.965066,0.002041
549.344978,0.002041
546.724891,0.002041
544.104803,0.002041
541.484716,0.002041
538.864629,0.002041
536.244541,0.002041
533.624454,0.002041
531.004367,0.002041
528.384279,0.002041
525.764192,0.002041
523.144105,0.002041
520.524017,0.002041
517.903930,0.002041
515.283843,0.002041
512.663755,0.002041
510.043668,0.002041
507.423581,0.002041
504.803493,0.002041
502.183406,0.002041
499.563319,0.002041
496.943231,0.002041
494.323144,0.002041
491.703057,0.002041
489.082969,0.002041
486.462882,0.002041
483.842795,0.002041
481.222707,0.002041
478.602620,0.002041
475.982533,0.002041
473.362445,0.002041
470.742358,0.002041
468.122271,0.002041
465.502183,0.002041
462.882096,0.002041
460.262009,0.002041
457.641921,0.002041
455.021834,0.002041
452.401747,0.002041
449.781659,0.002041
447.161572,nan
444.541485,nan
441.921397,nan
439.301310,nan
436.681223,nan
434.061135,nan
431.441048,nan
428.820961,nan
426.200873,nan
423.580786,nan
420.960699,nan
418.340611,nan
415.720524,nan
413.100437,nan
410.480349,nan
407.860262,nan
405.240175,nan
402.620087,nan
400.000000,nan
