4000.000000,0.010204
3997.379913,0.012245
3994.759825,0.012245
3992.139738,0.010204
3989.519651,0.012245
3986.899563,0.012245
3984.279476,0.012245
3981.659389,0.010204
3979.039301,0.010204
3976.419214,0.010204
3973.799127,0.012245
3971.179039,0.012245
3968.558952,0.012245
3965.938865,0.012245
3963.318777,0.014286
3960.698690,0.014286
3958.078603,0.014286
3955.458515,0.014286
3952.838428,0.014286
3950.218341,0.014286
3947.598253,0.014286
3944.978166,0.014286
3942.358079,0.012245
3939.737991,0.012245
3937.117904,0.012245
3934.497817,0.012245
3931.877729,0.014286
3929.257642,0.014286
3926.637555,0.014286
3924.017467,0.014286
3921.397380,0.014286
3918.777293,0.012245
3916.157205,0.012245
3913.537118,0.012245
3910.917031,0.010204
3908.296943,0.012245
3905.676856,0.012245
3903.056769,0.012245
3900.436681,0.010204
3897.816594,0.010204
3895.196507,0.010204
3892.576419,0.012245
3889.956332,0.012245
3887.336245,0.010204
3884.716157,0.010204
3882.096070,0.010204
3879.475983,0.010204
3876.855895,0.010204
3874.235808,0.010204
3871.615721,0.010204
3868.995633,0.012245
3866.375546,0.012245
3863.755459,0.010204
3861.135371,0.010204
3858.515284,0.010204
3855.895197,0.012245
3853.275109,0.014286
3850.655022,0.014286
3848.034934,0.012245
3845.414847,0.010204
3842.794760,0.010204
3840.174672,0.012245
3837.554585,0.012245
3834.934498,0.012245
3832.314410,0.010204
3829.694323,0.010204
3827.074236,0.010204
3824.454148,0.010204
3821.834061,0.012245
3819.213974,0.012245
3816.593886,0.012245
3813.973799,0.010204
3811.353712,0.010204
3808.733624,0.010204
3806.113537,0.012245
3803.493450,0.012245
3800.873362,0.010204
3798.253275,0.010204
3795.633188,0.008163
3793.013100,0.010204
3790.393013,0.010204
3787.772926,0.010204
3785.152838,0.010204
3782.532751,0.010204
3779.912664,0.010204
3777.292576,0.010204
3774.672489,0.010204
3772.052402,0.010204
3769.432314,0.012245
3766.812227,0.012245
3764.192140,0.010204
3761.572052,0.010204
3758.951965,0.012245
3756.331878,0.012245
3753.711790,0.012245
3751.091703,0.014286
3748.471616,0.014286
3745.851528,0.012245
3743.231441,0.012245
3740.611354,0.012245
3737.991266,0.010204
3735.371179,0.010204
3732.751092,0.010204
3730.131004,0.010204
3727.510917,0.010204
3724.890830,0.010204
3722.270742,0.010204
3719.650655,0.010204
3717.030568,0.010204
3714.410480,0.010204
3711.790393,0.010204
3709.170306,0.010204
3706.550218,0.010204
3703.930131,0.010204
3701.310044,0.010204
3698.689956,0.010204
3696.069869,0.010204
3693.449782,0.010204
3690.829694,0.010204
3688.209607,0.010204
3685.589520,0.010204
3682.969432,0.008163
3680.349345,0.010204
3677.729258,0.010204
3675.109170,0.012245
3672.489083,0.012245
3669.868996,0.010204
3667.248908,0.010204
3664.628821,0.008163
3662.008734,0.008163
3659.388646,0.008163
3656.768559,0.010204
3654.148472,0.010204
3651.528384,0.010204
3648.908297,0.010204
3646.288210,0.010204
3643.668122,0.008163
3641.048035,0.008163
3638.427948,0.010204
3635.807860,0.010204
3633.187773,0.010204
3630.567686,0.010204
3627.947598,0.010204
3625.327511,0.010204
3622.707424,0.008163
3620.087336,0.008163
3617.467249,0.010204
3614.847162,0.008163
3612.227074,0.008163
3609.606987,0.008163
3606.986900,0.008163
3604.366812,0.008163
3601.746725,0.008163
3599.126638,0.010204
3596.506550,0.010204
3593.886463,0.010204
3591.266376,0.010204
3588.646288,0.010204
3586.026201,0.010204
3583.406114,0.012245
3580.786026,0.010204
3578.165939,0.010204
3575.545852,0.010204
3572.925764,0.010204
3570.305677,0.010204
3567.685590,0.010204
3565.065502,0.010204
3562.445415,0.010204
3559.825328,0.008163
3557.205240,0.008163
3554.585153,0.010204
3551.965066,0.010204
3549.344978,0.010204
3546.724891,0.010204
3544.104803,0.010204
3541.484716,0.010204
3538.864629,0.010204
3536.244541,0.010204
3533.624454,0.010204
3531.004367,0.010204
3528.384279,0.010204
3525.764192,0.010204
3523.144105,0.010204
3520.524017,0.010204
3517.903930,0.010204
3515.283843,0.010204
3512.663755,0.010204
3510.043668,0.010204
3507.423581,0.010204
3504.803493,0.010204
3502.183406,0.010204
3499.563319,0.010204
3496.943231,0.010204
3494.323144,0.010204
3491.703057,0.010204
3489.082969,0.012245
3486.462882,0.012245
3483.842795,0.010204
3481.222707,0.010204
3478.602620,0.012245
3475.982533,0.012245
3473.362445,0.012245
3470.742358,0.012245
3468.122271,0.012245
3465.502183,0.012245
3462.882096,0.012245
3460.262009,0.014286
3457.641921,0.014286
3455.021834,0.012245
3452.401747,0.012245
3449.781659,0.014286
3447.161572,0.014286
3444.541485,0.014286
3441.921397,0.012245
3439.301310,0.012245
3436.681223,0.012245
3434.061135,0.012245
3431.441048,0.012245
3428.820961,0.014286
3426.200873,0.012245
3423.580786,0.012245
3420.960699,0.012245
3418.340611,0.012245
3415.720524,0.012245
3413.100437,0.012245
3410.480349,0.012245
3407.860262,0.012245
3405.240175,0.012245
3402.620087,0.012245
3400.000000,0.012245
3397.379913,0.014286
3394.759825,0.014286
3392.139738,0.014286
3389.519651,0.014286
3386.899563,0.012245
3384.279476,0.014286
3381.659389,0.014286
3379.039301,0.014286
3376.419214,0.014286
3373.799127,0.014286
3371.179039,0.014286
3368.558952,0.014286
3365.938865,0.014286
3363.318777,0.014286
3360.698690,0.014286
3358.078603,0.014286
3355.458515,0.014286
3352.838428,0.014286
3350.218341,0.014286
3347.598253,0.014286
3344.978166,0.014286
3342.358079,0.014286
3339.737991,0.012245
3337.117904,0.012245
3334.497817,0.014286
3331.877729,0.014286
3329.257642,0.012245
3326.637555,0.012245
3324.017467,0.012245
3321.397380,0.012245
3318.777293,0.012245
3316.157205,0.012245
3313.537118,0.012245
3310.917031,0.012245
3308.296943,0.012245
3305.676856,0.012245
3303.056769,0.010204
3300.436681,0.010204
3297.816594,0.010204
3295.196507,0.012245
3292.576419,0.010204
3289.956332,0.010204
3287.336245,0.010204
3284.716157,0.012245
3282.096070,0.012245
3279.475983,0.012245
3276.855895,0.012245
3274.235808,0.012245
3271.615721,0.012245
3268.995633,0.012245
3266.375546,0.012245
3263.755459,0.012245
3261.135371,0.012245
3258.515284,0.012245
3255.895197,0.012245
3253.275109,0.012245
3250.655022,0.012245
3248.034934,0.012245
3245.414847,0.012245
3242.794760,0.012245
3240.174672,0.012245
3237.554585,0.012245
3234.934498,0.012245
3232.314410,0.012245
3229.694323,0.012245
3227.074236,0.010204
3224.454148,0.012245
3221.834061,0.012245
3219.213974,0.010204
3216.593886,0.010204
3213.973799,0.010204
3211.353712,0.010204
3208.733624,0.010204
3206.113537,0.010204
3203.493450,0.010204
3200.873362,0.010204
3198.253275,0.010204
3195.633188,0.010204
3193.013100,0.010204
3190.393013,0.010204
3187.772926,0.010204
3185.152838,0.010204
3182.532751,0.012245
3179.912664,0.012245
3177.292576,0.012245
3174.672489,0.012245
3172.052402,0.012245
3169.432314,0.012245
3166.812227,0.010204
3164.192140,0.012245
3161.572052,0.012245
3158.951965,0.012245
3156.331878,0.012245
3153.711790,0.012245
3151.091703,0.012245
3148.471616,0.010204
3145.851528,0.010204
3143.231441,0.010204
3140.611354,0.010204
3137.991266,0.010204
3135.371179,0.010204
3132.751092,0.012245
3130.131004,0.012245
3127.510917,0.010204
3124.890830,0.010204
3122.270742,0.010204
3119.650655,0.010204
3117.030568,0.010204
3114.410480,0.010204
3111.790393,0.010204
3109.170306,0.010204
3106.550218,0.010204
3103.930131,0.010204
3101.310044,0.010204
3098.689956,0.010204
3096.069869,0.010204
3093.449782,0.010204
3090.829694,0.010204
3088.209607,0.012245
3085.589520,0.010204
3082.969432,0.010204
3080.349345,0.010204
3077.729258,0.010204
3075.109170,0.010204
3072.489083,0.010204
3069.868996,0.010204
3067.248908,0.010204
3064.628821,0.010204
3062.008734,0.010204
3059.388646,0.010204
3056.768559,0.010204
3054.148472,0.012245
3051.528384,0.012245
3048.908297,0.012245
3046.288210,0.010204
3043.668122,0.012245
3041.048035,0.012245
3038.427948,0.012245
3035.807860,0.012245
3033.187773,0.012245
3030.567686,0.014286
3027.947598,0.014286
3025.327511,0.016327
3022.707424,0.016327
3020.087336,0.016327
3017.467249,0.016327
3014.847162,0.018367
3012.227074,0.018367
3009.606987,0.018367
3006.986900,0.018367
3004.366812,0.020408
3001.746725,0.020408
2999.126638,0.022449
2996.506550,0.022449
2993.886463,0.024490
2991.266376,0.026531
2988.646288,0.030612
2986.026201,0.032653
2983.406114,0.036735
2980.786026,0.040816
2978.165939,0.046939
2975.545852,0.053061
2972.925764,0.061224
2970.305677,0.069388
2967.685590,0.081633
2965.065502,0.093878
2962.445415,0.112245
2959.825328,0.134694
2957.205240,0.167347
2954.585153,0.208163
2951.965066,0.267347
2949.344978,0.340816
2946.724891,0.438776
2944.104803,0.561224
2941.484716,0.704082
2938.864629,0.840816
2936.244541,0.948980
2933.624454,0.997959
2931.004367,1.000000
2928.384279,0.997959
2925.764192,0.975510
2923.144105,0.912245
2920.524017,0.820408
2917.903930,0.716327
2915.283843,0.610204
2912.663755,0.504082
2910.043668,0.418367
2907.423581,0.353061
2904.803493,0.302041
2902.183406,0.279592
2899.563319,0.279592
2896.943231,0.275510
2894.323144,0.244898
2891.703057,0.202041
2889.082969,0.169388
2886.462882,0.144898
2883.842795,0.124490
2881.222707,0.110204
2878.602620,0.100000
2875.982533,0.097959
2873.362445,0.110204
2870.742358,0.132653
2868.122271,0.173469
2865.502183,0.236735
2862.882096,0.334694
2860.262009,0.467347
2857.641921,0.600000
2855.021834,0.638776
2852.401747,0.638776
2849.781659,0.628571
2847.161572,0.526531
2844.541485,0.377551
2841.921397,0.267347
2839.301310,0.193878
2836.681223,0.140816
2834.061135,0.108163
2831.441048,0.085714
2828.820961,0.065306
2826.200873,0.055102
2823.580786,0.044898
2820.960699,0.038776
2818.340611,0.036735
2815.720524,0.034694
2813.100437,0.032653
2810.480349,0.028571
2807.860262,0.026531
2805.240175,0.028571
2802.620087,0.030612
2800.000000,0.030612
2797.379913,0.032653
2794.759825,0.034694
2792.139738,0.034694
2789.519651,0.032653
2786.899563,0.030612
2784.279476,0.026531
2781.659389,0.022449
2779.039301,0.020408
2776.419214,0.018367
2773.799127,0.018367
2771.179039,0.018367
2768.558952,0.016327
2765.938865,0.014286
2763.318777,0.014286
2760.698690,0.012245
2758.078603,0.012245
2755.458515,0.012245
2752.838428,0.012245
2750.218341,0.010204
2747.598253,0.010204
2744.978166,0.010204
2742.358079,0.010204
2739.737991,0.010204
2737.117904,0.010204
2734.497817,0.010204
2731.877729,0.010204
2729.257642,0.010204
2726.637555,0.010204
2724.017467,0.010204
2721.397380,0.010204
2718.777293,0.010204
2716.157205,0.010204
2713.537118,0.010204
2710.917031,0.012245
2708.296943,0.012245
2705.676856,0.014286
2703.056769,0.014286
2700.436681,0.014286
2697.816594,0.016327
2695.196507,0.014286
2692.576419,0.014286
2689.956332,0.014286
2687.336245,0.014286
2684.716157,0.018367
2682.096070,0.020408
2679.475983,0.020408
2676.855895,0.018367
2674.235808,0.022449
2671.615721,0.028571
2668.995633,0.028571
2666.375546,0.028571
2663.755459,0.026531
2661.135371,0.022449
2658.515284,0.020408
2655.895197,0.020408
2653.275109,0.020408
2650.655022,0.016327
2648.034934,0.018367
2645.414847,0.018367
2642.794760,0.016327
2640.174672,0.014286
2637.554585,0.012245
2634.934498,0.012245
2632.314410,0.012245
2629.694323,0.012245
2627.074236,0.014286
2624.454148,0.014286
2621.834061,0.014286
2619.213974,0.014286
2616.593886,0.014286
2613.973799,0.014286
2611.353712,0.014286
2608.733624,0.012245
2606.113537,0.012245
2603.493450,0.010204
2600.873362,0.010204
2598.253275,0.010204
2595.633188,0.010204
2593.013100,0.010204
2590.393013,0.008163
2587.772926,0.008163
2585.152838,0.008163
2582.532751,0.008163
2579.912664,0.008163
2577.292576,0.008163
2574.672489,0.008163
2572.052402,0.006122
2569.432314,0.006122
2566.812227,0.008163
2564.192140,0.008163
2561.572052,0.006122
2558.951965,0.006122
2556.331878,0.006122
2553.711790,0.006122
2551.091703,0.006122
2548.471616,0.006122
2545.851528,0.008163
2543.231441,0.008163
2540.611354,0.006122
2537.991266,0.006122
2535.371179,0.008163
2532.751092,0.006122
2530.131004,0.006122
2527.510917,0.008163
2524.890830,0.008163
2522.270742,0.008163
2519.650655,0.010204
2517.030568,0.010204
2514.410480,0.010204
2511.790393,0.008163
2509.170306,0.008163
2506.550218,0.008163
2503.930131,0.008163
2501.310044,0.008163
2498.689956,0.006122
2496.069869,0.006122
2493.449782,0.006122
2490.829694,0.008163
2488.209607,0.008163
2485.589520,0.008163
2482.969432,0.008163
2480.349345,0.008163
2477.729258,0.008163
2475.109170,0.008163
2472.489083,0.008163
2469.868996,0.008163
2467.248908,0.008163
2464.628821,0.008163
2462.008734,0.008163
2459.388646,0.008163
2456.768559,0.008163
2454.148472,0.008163
2451.528384,0.008163
2448.908297,0.008163
2446.288210,0.008163
2443.668122,0.008163
2441.048035,0.008163
2438.427948,0.008163
2435.807860,0.008163
2433.187773,0.008163
2430.567686,0.008163
2427.947598,0.008163
2425.327511,0.008163
2422.707424,0.008163
2420.087336,0.006122
2417.467249,0.006122
2414.847162,0.006122
2412.227074,0.006122
2409.606987,0.006122
2406.986900,0.006122
2404.366812,0.006122
2401.746725,0.006122
2399.126638,0.006122
2396.506550,0.006122
2393.886463,0.006122
2391.266376,0.006122
2388.646288,0.008163
2386.026201,0.008163
2383.406114,0.008163
2380.786026,0.008163
2378.165939,0.008163
2375.545852,0.008163
2372.925764,0.008163
2370.305677,0.008163
2367.685590,0.010204
2365.065502,0.010204
2362.445415,0.010204
2359.825328,0.010204
2357.205240,0.008163
2354.585153,0.008163
2351.965066,0.008163
2349.344978,0.008163
2346.724891,0.008163
2344.104803,0.008163
2341.484716,0.008163
2338.864629,0.008163
2336.244541,0.008163
2333.624454,0.008163
2331.004367,0.008163
2328.384279,0.008163
2325.764192,0.008163
2323.144105,0.008163
2320.524017,0.008163
2317.903930,0.008163
2315.283843,0.006122
2312.663755,0.006122
2310.043668,0.006122
2307.423581,0.006122
2304.803493,0.006122
2302.183406,0.006122
2299.563319,0.006122
2296.943231,0.006122
2294.323144,0.008163
2291.703057,0.008163
2289.082969,0.008163
2286.462882,0.008163
2283.842795,0.008163
2281.222707,0.008163
2278.602620,0.006122
2275.982533,0.006122
2273.362445,0.006122
2270.742358,0.006122
2268.122271,0.008163
2265.502183,0.008163
2262.882096,0.008163
2260.262009,0.008163
2257.641921,0.008163
2255.021834,0.008163
2252.401747,0.008163
2249.781659,0.008163
2247.161572,0.008163
2244.541485,0.008163
2241.921397,0.008163
2239.301310,0.008163
2236.681223,0.008163
2234.061135,0.008163
2231.441048,0.010204
2228.820961,0.010204
2226.200873,0.010204
2223.580786,0.008163
2220.960699,0.008163
2218.340611,0.008163
2215.720524,0.006122
2213.100437,0.008163
2210.480349,0.008163
2207.860262,0.008163
2205.240175,0.008163
2202.620087,0.010204
2200.000000,0.010204
2197.379913,0.008163
2194.759825,0.008163
2192.139738,0.008163
2189.519651,0.008163
2186.899563,0.008163
2184.279476,0.008163
2181.659389,0.008163
2179.039301,0.010204
2176.419214,0.010204
2173.799127,0.010204
2171.179039,0.010204
2168.558952,0.008163
2165.938865,0.008163
2163.318777,0.006122
2160.698690,0.006122
2158.078603,0.006122
2155.458515,0.006122
2152.838428,0.006122
2150.218341,0.006122
2147.598253,0.006122
2144.978166,0.006122
2142.358079,0.006122
2139.737991,0.006122
2137.117904,0.006122
2134.497817,0.006122
2131.877729,0.006122
2129.257642,0.006122
2126.637555,0.006122
2124.017467,0.006122
2121.397380,0.006122
2118.777293,0.006122
2116.157205,0.006122
2113.537118,0.006122
2110.917031,0.006122
2108.296943,0.006122
2105.676856,0.006122
2103.056769,0.006122
2100.436681,0.006122
2097.816594,0.006122
2095.196507,0.006122
2092.576419,0.006122
2089.956332,0.006122
2087.336245,0.006122
2084.716157,0.006122
2082.096070,0.006122
2079.475983,0.006122
2076.855895,0.006122
2074.235808,0.006122
2071.615721,0.006122
2068.995633,0.006122
2066.375546,0.006122
2063.755459,0.006122
2061.135371,0.006122
2058.515284,0.006122
2055.895197,0.006122
2053.275109,0.006122
2050.655022,0.006122
2048.034934,0.004082
2045.414847,0.004082
2042.794760,0.004082
2040.174672,0.004082
2037.554585,0.004082
2034.934498,0.004082
2032.314410,0.006122
2029.694323,0.006122
2027.074236,0.004082
2024.454148,0.006122
2021.834061,0.006122
2019.213974,0.006122
2016.593886,0.006122
2013.973799,0.008163
2011.353712,0.008163
2008.733624,0.008163
2006.113537,0.008163
2003.493450,0.006122
2000.873362,0.006122
1998.253275,0.006122
1995.633188,0.008163
1993.013100,0.008163
1990.393013,0.008163
1987.772926,0.006122
1985.152838,0.006122
1982.532751,0.006122
1979.912664,0.006122
1977.292576,0.006122
1974.672489,0.006122
1972.052402,0.004082
1969.432314,0.004082
1966.812227,0.004082
1964.192140,0.004082
1961.572052,0.004082
1958.951965,0.004082
1956.331878,0.004082
1953.711790,0.004082
1951.091703,0.004082
1948.471616,0.004082
1945.851528,0.004082
1943.231441,0.006122
1940.611354,0.006122
1937.991266,0.006122
1935.371179,0.006122
1932.751092,0.006122
1930.131004,0.006122
1927.510917,0.006122
1924.890830,0.006122
1922.270742,0.006122
1919.650655,0.006122
1917.030568,0.006122
1914.410480,0.006122
1911.790393,0.006122
1909.170306,0.006122
1906.550218,0.006122
1903.930131,0.006122
1901.310044,0.006122
1898.689956,0.004082
1896.069869,0.004082
1893.449782,0.004082
1890.829694,0.006122
1888.209607,0.004082
1885.589520,0.006122
1882.969432,0.006122
1880.349345,0.006122
1877.729258,0.006122
1875.109170,0.006122
1872.489083,0.006122
1869.868996,0.006122
1867.248908,0.006122
1864.628821,0.004082
1862.008734,0.004082
1859.388646,0.004082
1856.768559,0.004082
1854.148472,0.004082
1851.528384,0.004082
1848.908297,0.004082
1846.288210,0.006122
1843.668122,0.006122
1841.048035,0.006122
1838.427948,0.004082
1835.807860,0.004082
1833.187773,0.004082
1830.567686,0.004082
1827.947598,0.004082
1825.327511,0.004082
1822.707424,0.004082
1820.087336,0.004082
1817.467249,0.006122
1814.847162,0.006122
1812.227074,0.006122
1809.606987,0.004082
1806.986900,0.004082
1804.366812,0.004082
1801.746725,0.004082
1799.126638,0.004082
1796.506550,0.004082
1793.886463,0.004082
1791.266376,0.004082
1788.646288,0.004082
1786.026201,0.004082
1783.406114,0.006122
1780.786026,0.006122
1778.165939,0.006122
1775.545852,0.006122
1772.925764,0.006122
1770.305677,0.006122
1767.685590,0.004082
1765.065502,0.004082
1762.445415,0.004082
1759.825328,0.004082
1757.205240,0.004082
1754.585153,0.004082
1751.965066,0.006122
1749.344978,0.006122
1746.724891,0.004082
1744.104803,0.004082
1741.484716,0.006122
1738.864629,0.004082
1736.244541,0.006122
1733.624454,0.006122
1731.004367,0.006122
1728.384279,0.004082
1725.764192,0.004082
1723.144105,0.004082
1720.524017,0.006122
1717.903930,0.006122
1715.283843,0.004082
1712.663755,0.004082
1710.043668,0.004082
1707.423581,0.006122
1704.803493,0.006122
1702.183406,0.006122
1699.563319,0.006122
1696.943231,0.006122
1694.323144,0.004082
1691.703057,0.004082
1689.082969,0.006122
1686.462882,0.006122
1683.842795,0.008163
1681.222707,0.006122
1678.602620,0.006122
1675.982533,0.006122
1673.362445,0.006122
1670.742358,0.006122
1668.122271,0.006122
1665.502183,0.006122
1662.882096,0.006122
1660.262009,0.006122
1657.641921,0.006122
1655.021834,0.008163
1652.401747,0.008163
1649.781659,0.006122
1647.161572,0.006122
1644.541485,0.006122
1641.921397,0.006122
1639.301310,0.006122
1636.681223,0.008163
1634.061135,0.008163
1631.441048,0.006122
1628.820961,0.008163
1626.200873,0.008163
1623.580786,0.008163
1620.960699,0.008163
1618.340611,0.008163
1615.720524,0.008163
1613.100437,0.006122
1610.480349,0.006122
1607.860262,0.006122
1605.240175,0.006122
1602.620087,0.006122
1600.000000,0.006122
1597.379913,0.006122
1594.759825,0.006122
1592.139738,0.006122
1589.519651,0.006122
1586.899563,0.006122
1584.279476,0.006122
1581.659389,0.006122
1579.039301,0.006122
1576.419214,0.006122
1573.799127,0.006122
1571.179039,0.006122
1568.558952,0.006122
1565.938865,0.006122
1563.318777,0.006122
1560.698690,0.008163
1558.078603,0.008163
1555.458515,0.006122
1552.838428,0.004082
1550.218341,0.004082
1547.598253,0.004082
1544.978166,0.004082
1542.358079,0.006122
1539.737991,0.006122
1537.117904,0.004082
1534.497817,0.006122
1531.877729,0.006122
1529.257642,0.006122
1526.637555,0.006122
1524.017467,0.006122
1521.397380,0.006122
1518.777293,0.006122
1516.157205,0.006122
1513.537118,0.008163
1510.917031,0.008163
1508.296943,0.010204
1505.676856,0.010204
1503.056769,0.008163
1500.436681,0.010204
1497.816594,0.012245
1495.196507,0.010204
1492.576419,0.010204
1489.956332,0.008163
1487.336245,0.008163
1484.716157,0.008163
1482.096070,0.010204
1479.475983,0.012245
1476.855895,0.014286
1474.235808,0.016327
1471.615721,0.018367
1468.995633,0.026531
1466.375546,0.040816
1463.755459,0.059184
1461.135371,0.063265
1458.515284,0.077551
1455.895197,0.142857
1453.275109,0.291837
1450.655022,0.400000
1448.034934,0.404082
1445.414847,0.400000
1442.794760,0.324490
1440.174672,0.214286
1437.554585,0.110204
1434.934498,0.061224
1432.314410,0.040816
1429.694323,0.030612
1427.074236,0.024490
1424.454148,0.018367
1421.834061,0.016327
1419.213974,0.014286
1416.593886,0.012245
1413.973799,0.012245
1411.353712,0.012245
1408.733624,0.012245
1406.113537,0.010204
1403.493450,0.010204
1400.873362,0.010204
1398.253275,0.010204
1395.633188,0.008163
1393.013100,0.008163
1390.393013,0.008163
1387.772926,0.010204
1385.152838,0.008163
1382.532751,0.008163
1379.912664,0.010204
1377.292576,0.010204
1374.672489,0.010204
1372.052402,0.008163
1369.432314,0.008163
1366.812227,0.010204
1364.192140,0.012245
1361.572052,0.022449
1358.951965,0.032653
1356.331878,0.032653
1353.711790,0.030612
1351.091703,0.026531
1348.471616,0.026531
1345.851528,0.026531
1343.231441,0.020408
1340.611354,0.014286
1337.991266,0.012245
1335.371179,0.012245
1332.751092,0.014286
1330.131004,0.028571
1327.510917,0.034694
1324.890830,0.034694
1322.270742,0.028571
1319.650655,0.016327
1317.030568,0.012245
1314.410480,0.010204
1311.790393,0.010204
1309.170306,0.010204
1306.550218,0.010204
1303.930131,0.010204
1301.310044,0.014286
1298.689956,0.028571
1296.069869,0.055102
1293.449782,0.061224
1290.829694,0.061224
1288.209607,0.051020
1285.589520,0.028571
1282.969432,0.022449
1280.349345,0.034694
1277.729258,0.038776
1275.109170,0.038776
1272.489083,0.036735
1269.868996,0.038776
1267.248908,0.040816
1264.628821,0.038776
1262.008734,0.028571
1259.388646,0.020408
1256.768559,0.018367
1254.148472,0.016327
1251.528384,0.014286
1248.908297,0.012245
1246.288210,0.010204
1243.668122,0.008163
1241.048035,0.006122
1238.427948,0.006122
1235.807860,0.006122
1233.187773,0.006122
1230.567686,0.006122
1227.947598,0.008163
1225.327511,0.008163
1222.707424,0.008163
1220.087336,0.008163
1217.467249,0.010204
1214.847162,0.010204
1212.227074,0.010204
1209.606987,0.012245
1206.986900,0.014286
1204.366812,0.016327
1201.746725,0.020408
1199.126638,0.028571
1196.506550,0.040816
1193.886463,0.055102
1191.266376,0.057143
1188.646288,0.057143
1186.026201,0.053061
1183.406114,0.036735
1180.786026,0.028571
1178.165939,0.059184
1175.545852,0.130612
1172.925764,0.142857
1170.305677,0.142857
1167.685590,0.106122
1165.065502,0.042857
1162.445415,0.024490
1159.825328,0.020408
1157.205240,0.018367
1154.585153,0.016327
1151.965066,0.016327
1149.344978,0.016327
1146.724891,0.014286
1144.104803,0.014286
1141.484716,0.012245
1138.864629,0.014286
1136.244541,0.014286
1133.624454,0.014286
1131.004367,0.016327
1128.384279,0.016327
1125.764192,0.018367
1123.144105,0.020408
1120.524017,0.024490
1117.903930,0.028571
1115.283843,0.036735
1112.663755,0.057143
1110.043668,0.106122
1107.423581,0.171429
1104.803493,0.179592
1102.183406,0.179592
1099.563319,0.148980
1096.943231,0.085714
1094.323144,0.051020
1091.703057,0.036735
1089.082969,0.030612
1086.462882,0.032653
1083.842795,0.034694
1081.222707,0.034694
1078.602620,0.048980
1075.982533,0.065306
1073.362445,0.065306
1070.742358,0.065306
1068.122271,0.042857
1065.502183,0.026531
1062.882096,0.024490
1060.262009,0.024490
1057.641921,0.024490
1055.021834,0.024490
1052.401747,0.024490
1049.781659,0.024490
1047.161572,0.026531
1044.541485,0.040816
1041.921397,0.081633
1039.301310,0.106122
1036.681223,0.106122
1034.061135,0.100000
1031.441048,0.057143
1028.820961,0.042857
1026.200873,0.040816
1023.580786,0.036735
1020.960699,0.036735
1018.340611,0.036735
1015.720524,0.034694
1013.100437,0.030612
1010.480349,0.028571
1007.860262,0.032653
1005.240175,0.048980
1002.620087,0.100000
1000.000000,0.177551
997.379913,0.200000
994.759825,0.200000
992.139738,0.181633
989.519651,0.102041
986.899563,0.046939
984.279476,0.024490
981.659389,0.014286
979.039301,0.010204
976.419214,0.008163
973.799127,0.006122
971.179039,0.006122
968.558952,0.004082
965.938865,0.004082
963.318777,0.004082
960.698690,0.004082
958.078603,0.004082
955.458515,0.002041
952.838428,0.004082
950.218341,0.004082
947.598253,0.004082
944.978166,0.004082
942.358079,0.006122
939.737991,0.006122
937.117904,0.006122
934.497817,0.006122
931.877729,0.006122
929.257642,0.008163
926.637555,0.010204
924.017467,0.014286
921.397380,0.024490
918.777293,0.057143
916.157205,0.085714
913.537118,0.087755
910.917031,0.087755
908.296943,0.061224
905.676856,0.038776
903.056769,0.036735
900.436681,0.046939
897.816594,0.065306
895.196507,0.095918
892.576419,0.151020
889.956332,0.228571
887.336245,0.253061
884.716157,0.253061
882.096070,0.236735
879.475983,0.146939
876.855895,0.077551
874.235808,0.042857
871.615721,0.024490
868.995633,0.018367
866.375546,0.014286
863.755459,0.014286
861.135371,0.014286
858.515284,0.020408
855.895197,0.032653
853.275109,0.077551
850.655022,0.183673
848.034934,0.228571
845.414847,0.228571
842.794760,0.204082
840.174672,0.093878
837.554585,0.038776
834.934498,0.020408
832.314410,0.020408
829.694323,0.036735
827.074236,0.106122
824.454148,0.224490
821.834061,0.236735
819.213974,0.234694
816.593886,0.169388
813.973799,0.075510
811.353712,0.036735
808.733624,0.024490
806.113537,0.022449
803.493450,0.018367
800.873362,0.018367
798.253275,0.016327
795.633188,0.016327
793.013100,0.014286
790.393013,0.018367
787.772926,0.020408
785.152838,0.018367
782.532751,0.016327
779.912664,0.012245
777.292576,0.012245
774.672489,0.014286
772.052402,0.016327
769.432314,0.018367
766.812227,0.020408
764.192140,0.020408
761.572052,0.026531
758.951965,0.030612
756.331878,0.034694
753.711790,0.040816
751.091703,0.057143
748.471616,0.102041
745.851528,0.226531
743.231441,0.424490
740.611354,0.440816
737.991266,0.440816
735.371179,0.348980
732.751092,0.191837
730.131004,0.102041
727.510917,0.065306
724.890830,0.051020
722.270742,0.042857
719.650655,0.036735
717.030568,0.038776
714.410480,0.038776
711.790393,0.038776
709.170306,0.040816
706.550218,0.042857
703.930131,0.046939
701.310044,0.046939
698.689956,0.046939
696.069869,0.053061
693.449782,0.055102
690.829694,0.057143
688.209607,0.057143
685.589520,0.061224
682.969432,0.065306
680.349345,0.069388
677.729258,0.071429
675.109170,0.077551
672.489083,0.083673
669.868996,0.093878
667.248908,0.102041
664.628821,0.104082
662.008734,0.104082
659.388646,0.106122
656.768559,0.110204
654.148472,0.116327
651.528384,0.122449
648.908297,0.128571
646.288210,0.140816
643.668122,0.151020
641.048035,0.159184
638.427948,0.169388
635.807860,0.179592
633.187773,0.189796
630.567686,0.202041
627.947598,0.222449
625.327511,0.234694
622.707424,0.251020
620.087336,0.273469
617.467249,0.300000
614.847162,0.336735
612.227074,0.379592
609.606987,0.475510
606.986900,0.626531
604.366812,0.789796
601.746725,0.900000
599.126638,0.904082
596.506550,0.902041
593.886463,0.885714
591.266376,0.848980
588.646288,0.787755
586.026201,0.695918
583.406114,0.597959
580.786026,0.497959
578.165939,0.393878
575.545852,0.304082
572.925764,0.226531
570.305677,0.159184
567.685590,0.110204
565.065502,0.075510
562.445415,0.048980
559.825328,0.030612
557.205240,0.018367
554.585153,0.012245
551.965066,0.006122
549.344978,0.004082
546.724891,0.004082
544.104803,0.004082
541.484716,0.002041
538.864629,0.002041
536.244541,0.002041
533.624454,0.002041
531.004367,0.002041
528.384279,0.002041
525.764192,0.002041
523.144105,0.002041
520.524017,0.002041
517.903930,0.002041
515.283843,0.002041
512.663755,0.002041
510.043668,0.002041
507.423581,0.002041
504.803493,0.002041
502.183406,0.002041
499.563319,0.002041
496.943231,0.002041
494.323144,0.002041
491.703057,0.002041
489.082969,0.002041
486.462882,0.002041
483.842795,0.002041
481.222707,0.002041
478.602620,0.002041
475.982533,0.002041
473.362445,0.002041
470.742358,0.002041
468.122271,0.002041
465.502183,0.002041
462.882096,0.002041
460.262009,0.002041
457.641921,0.002041
455.021834,0.002041
452.401747,0.002041
449.781659,0.002041
447.161572,nan
444.541485,nan
441.921397,nan
439.301310,nan
436.681223,nan
434.061135,nan
431.441048,nan
428.820961,nan
426.200873,nan
423.580786,nan
420.960699,nan
418.340611,nan
415.720524,nan
413.100437,nan
410.480349,nan
407.860262,nan
405.240175,nan
402.620087,nan
400.000000,nan
