4000.000000,0.012245
3997.379913,0.012245
3994.759825,0.012245
3992.139738,0.012245
3989.519651,0.012245
3986.899563,0.012245
3984.279476,0.012245
3981.659389,0.012245
3979.039301,0.012245
3976.419214,0.012245
3973.799127,0.010204
3971.179039,0.012245
3968.558952,0.012245
3965.938865,0.012245
3963.318777,0.012245
3960.698690,0.012245
3958.078603,0.012245
3955.458515,0.012245
3952.838428,0.012245
3950.218341,0.012245
3947.598253,0.012245
3944.978166,0.012245
3942.358079,0.012245
3939.737991,0.012245
3937.117904,0.012245
3934.497817,0.012245
3931.877729,0.012245
3929.257642,0.012245
3926.637555,0.012245
3924.017467,0.012245
3921.397380,0.012245
3918.777293,0.012245
3916.157205,0.012245
3913.537118,0.012245
3910.917031,0.012245
3908.296943,0.012245
3905.676856,0.012245
3903.056769,0.012245
3900.436681,0.012245
3897.816594,0.012245
3895.196507,0.012245
3892.576419,0.012245
3889.956332,0.012245
3887.336245,0.012245
3884.716157,0.012245
3882.096070,0.012245
3879.475983,0.014286
3876.855895,0.014286
3874.235808,0.014286
3871.615721,0.014286
3868.995633,0.014286
3866.375546,0.014286
3863.755459,0.014286
3861.135371,0.014286
3858.515284,0.014286
3855.895197,0.014286
3853.275109,0.014286
3850.655022,0.014286
3848.034934,0.014286
3845.414847,0.014286
3842.794760,0.014286
3840.174672,0.014286
3837.554585,0.014286
3834.934498,0.014286
3832.314410,0.014286
3829.694323,0.016327
3827.074236,0.014286
3824.454148,0.016327
3821.834061,0.016327
3819.213974,0.016327
3816.593886,0.014286
3813.973799,0.016327
3811.353712,0.016327
3808.733624,0.014286
3806.113537,0.014286
3803.493450,0.016327
3800.873362,0.016327
3798.253275,0.016327
3795.633188,0.016327
3793.013100,0.016327
3790.393013,0.018367
3787.772926,0.018367
3785.152838,0.018367
3782.532751,0.018367
3779.912664,0.018367
3777.292576,0.018367
3774.672489,0.016327
3772.052402,0.016327
3769.432314,0.016327
3766.812227,0.016327
3764.192140,0.014286
3761.572052,0.014286
3758.951965,0.014286
3756.331878,0.014286
3753.711790,0.014286
3751.091703,0.014286
3748.471616,0.014286
3745.851528,0.012245
3743.231441,0.012245
3740.611354,0.012245
3737.991266,0.012245
3735.371179,0.012245
3732.751092,0.012245
3730.131004,0.012245
3727.510917,0.012245
3724.890830,0.012245
3722.270742,0.012245
3719.650655,0.012245
3717.030568,0.012245
3714.410480,0.012245
3711.790393,0.012245
3709.170306,0.012245
3706.550218,0.012245
3703.930131,0.012245
3701.310044,0.012245
3698.689956,0.014286
3696.069869,0.014286
3693.449782,0.014286
3690.829694,0.014286
3688.209607,0.014286
3685.589520,0.014286
3682.969432,0.014286
3680.349345,0.016327
3677.729258,0.016327
3675.109170,0.016327
3672.489083,0.016327
3669.868996,0.016327
3667.248908,0.016327
3664.628821,0.016327
3662.008734,0.016327
3659.388646,0.016327
3656.768559,0.018367
3654.148472,0.018367
3651.528384,0.018367
3648.908297,0.018367
3646.288210,0.018367
3643.668122,0.016327
3641.048035,0.016327
3638.427948,0.016327
3635.807860,0.016327
3633.187773,0.016327
3630.567686,0.016327
3627.947598,0.016327
3625.327511,0.016327
3622.707424,0.016327
3620.087336,0.016327
3617.467249,0.016327
3614.847162,0.016327
3612.227074,0.016327
3609.606987,0.016327
3606.986900,0.016327
3604.366812,0.016327
3601.746725,0.016327
3599.126638,0.016327
3596.506550,0.016327
3593.886463,0.014286
3591.266376,0.014286
3588.646288,0.014286
3586.026201,0.016327
3583.406114,0.016327
3580.786026,0.016327
3578.165939,0.016327
3575.545852,0.016327
3572.925764,0.016327
3570.305677,0.016327
3567.685590,0.016327
3565.065502,0.016327
3562.445415,0.016327
3559.825328,0.016327
3557.205240,0.016327
3554.585153,0.018367
3551.965066,0.018367
3549.344978,0.018367
3546.724891,0.016327
3544.104803,0.016327
3541.484716,0.016327
3538.864629,0.016327
3536.244541,0.016327
3533.624454,0.016327
3531.004367,0.016327
3528.384279,0.016327
3525.764192,0.016327
3523.144105,0.016327
3520.524017,0.016327
3517.903930,0.016327
3515.283843,0.016327
3512.663755,0.016327
3510.043668,0.014286
3507.423581,0.014286
3504.803493,0.014286
3502.183406,0.014286
3499.563319,0.014286
3496.943231,0.014286
3494.323144,0.012245
3491.703057,0.012245
3489.082969,0.012245
3486.462882,0.012245
3483.842795,0.012245
3481.222707,0.012245
3478.602620,0.012245
3475.982533,0.012245
3473.362445,0.012245
3470.742358,0.012245
3468.122271,0.012245
3465.502183,0.012245
3462.882096,0.012245
3460.262009,0.012245
3457.641921,0.012245
3455.021834,0.012245
3452.401747,0.012245
3449.781659,0.012245
3447.161572,0.012245
3444.541485,0.012245
3441.921397,0.012245
3439.301310,0.012245
3436.681223,0.012245
3434.061135,0.012245
3431.441048,0.012245
3428.820961,0.012245
3426.200873,0.012245
3423.580786,0.012245
3420.960699,0.012245
3418.340611,0.012245
3415.720524,0.012245
3413.100437,0.012245
3410.480349,0.012245
3407.860262,0.012245
3405.240175,0.012245
3402.620087,0.012245
3400.000000,0.012245
3397.379913,0.012245
3394.759825,0.012245
3392.139738,0.012245
3389.519651,0.012245
3386.899563,0.012245
3384.279476,0.012245
3381.659389,0.012245
3379.039301,0.012245
3376.419214,0.012245
3373.799127,0.012245
3371.179039,0.012245
3368.558952,0.012245
3365.938865,0.012245
3363.318777,0.012245
3360.698690,0.012245
3358.078603,0.012245
3355.458515,0.012245
3352.838428,0.012245
3350.218341,0.012245
3347.598253,0.012245
3344.978166,0.012245
3342.358079,0.012245
3339.737991,0.012245
3337.117904,0.012245
3334.497817,0.012245
3331.877729,0.012245
3329.257642,0.012245
3326.637555,0.012245
3324.017467,0.012245
3321.397380,0.012245
3318.777293,0.012245
3316.157205,0.012245
3313.537118,0.012245
3310.917031,0.012245
3308.296943,0.012245
3305.676856,0.012245
3303.056769,0.012245
3300.436681,0.012245
3297.816594,0.012245
3295.196507,0.012245
3292.576419,0.012245
3289.956332,0.012245
3287.336245,0.012245
3284.716157,0.012245
3282.096070,0.012245
3279.475983,0.014286
3276.855895,0.014286
3274.235808,0.012245
3271.615721,0.012245
3268.995633,0.014286
3266.375546,0.014286
3263.755459,0.012245
3261.135371,0.014286
3258.515284,0.014286
3255.895197,0.014286
3253.275109,0.014286
3250.655022,0.014286
3248.034934,0.014286
3245.414847,0.014286
3242.794760,0.014286
3240.174672,0.014286
3237.554585,0.014286
3234.934498,0.014286
3232.314410,0.016327
3229.694323,0.016327
3227.074236,0.016327
3224.454148,0.016327
3221.834061,0.016327
3219.213974,0.016327
3216.593886,0.016327
3213.973799,0.016327
3211.353712,0.016327
3208.733624,0.018367
3206.113537,0.018367
3203.493450,0.018367
3200.873362,0.018367
3198.253275,0.018367
3195.633188,0.018367
3193.013100,0.018367
3190.393013,0.018367
3187.772926,0.018367
3185.152838,0.018367
3182.532751,0.018367
3179.912664,0.018367
3177.292576,0.018367
3174.672489,0.018367
3172.052402,0.018367
3169.432314,0.018367
3166.812227,0.020408
3164.192140,0.020408
3161.572052,0.020408
3158.951965,0.020408
3156.331878,0.020408
3153.711790,0.020408
3151.091703,0.018367
3148.471616,0.018367
3145.851528,0.018367
3143.231441,0.018367
3140.611354,0.018367
3137.991266,0.018367
3135.371179,0.018367
3132.751092,0.018367
3130.131004,0.018367
3127.510917,0.018367
3124.890830,0.018367
3122.270742,0.018367
3119.650655,0.018367
3117.030568,0.018367
3114.410480,0.018367
3111.790393,0.018367
3109.170306,0.018367
3106.550218,0.018367
3103.930131,0.018367
3101.310044,0.018367
3098.689956,0.018367
3096.069869,0.018367
3093.449782,0.018367
3090.829694,0.018367
3088.209607,0.020408
3085.589520,0.020408
3082.969432,0.020408
3080.349345,0.020408
3077.729258,0.020408
3075.109170,0.020408
3072.489083,0.022449
3069.868996,0.022449
3067.248908,0.022449
3064.628821,0.022449
3062.008734,0.022449
3059.388646,0.024490
3056.768559,0.024490
3054.148472,0.024490
3051.528384,0.026531
3048.908297,0.026531
3046.288210,0.028571
3043.668122,0.028571
3041.048035,0.030612
3038.427948,0.030612
3035.807860,0.032653
3033.187773,0.034694
3030.567686,0.036735
3027.947598,0.038776
3025.327511,0.040816
3022.707424,0.044898
3020.087336,0.048980
3017.467249,0.053061
3014.847162,0.059184
3012.227074,0.069388
3009.606987,0.083673
3006.986900,0.102041
3004.366812,0.128571
3001.746725,0.161224
2999.126638,0.193878
2996.506550,0.218367
2993.886463,0.226531
2991.266376,0.228571
2988.646288,0.226531
2986.026201,0.220408
2983.406114,0.208163
2980.786026,0.197959
2978.165939,0.197959
2975.545852,0.208163
2972.925764,0.216327
2970.305677,0.224490
2967.685590,0.226531
2965.065502,0.226531
2962.445415,0.224490
2959.825328,0.218367
2957.205240,0.214286
2954.585153,0.230612
2951.965066,0.267347
2949.344978,0.316327
2946.724891,0.375510
2944.104803,0.422449
2941.484716,0.434694
2938.864629,0.434694
2936.244541,0.428571
2933.624454,0.397959
2931.004367,0.355102
2928.384279,0.304082
2925.764192,0.257143
2923.144105,0.214286
2920.524017,0.175510
2917.903930,0.146939
2915.283843,0.124490
2912.663755,0.106122
2910.043668,0.091837
2907.423581,0.081633
2904.803493,0.073469
2902.183406,0.069388
2899.563319,0.065306
2896.943231,0.061224
2894.323144,0.061224
2891.703057,0.061224
2889.082969,0.065306
2886.462882,0.071429
2883.842795,0.083673
2881.222707,0.102041
2878.602620,0.122449
2875.982533,0.136735
2873.362445,0.138776
2870.742358,0.136735
2868.122271,0.126531
2865.502183,0.104082
2862.882096,0.081633
2860.262009,0.067347
2857.641921,0.059184
2855.021834,0.055102
2852.401747,0.055102
2849.781659,0.055102
2847.161572,0.053061
2844.541485,0.046939
2841.921397,0.040816
2839.301310,0.034694
2836.681223,0.030612
2834.061135,0.028571
2831.441048,0.026531
2828.820961,0.026531
2826.200873,0.024490
2823.580786,0.024490
2820.960699,0.024490
2818.340611,0.024490
2815.720524,0.024490
2813.100437,0.024490
2810.480349,0.024490
2807.860262,0.024490
2805.240175,0.024490
2802.620087,0.022449
2800.000000,0.022449
2797.379913,0.022449
2794.759825,0.022449
2792.139738,0.022449
2789.519651,0.024490
2786.899563,0.026531
2784.279476,0.028571
2781.659389,0.028571
2779.039301,0.028571
2776.419214,0.026531
2773.799127,0.024490
2771.179039,0.022449
2768.558952,0.020408
2765.938865,0.018367
2763.318777,0.018367
2760.698690,0.016327
2758.078603,0.016327
2755.458515,0.016327
2752.838428,0.014286
2750.218341,0.014286
2747.598253,0.014286
2744.978166,0.014286
2742.358079,0.014286
2739.737991,0.014286
2737.117904,0.012245
2734.497817,0.012245
2731.877729,0.012245
2729.257642,0.012245
2726.637555,0.012245
2724.017467,0.012245
2721.397380,0.012245
2718.777293,0.012245
2716.157205,0.012245
2713.537118,0.012245
2710.917031,0.012245
2708.296943,0.012245
2705.676856,0.012245
2703.056769,0.012245
2700.436681,0.012245
2697.816594,0.014286
2695.196507,0.014286
2692.576419,0.014286
2689.956332,0.012245
2687.336245,0.012245
2684.716157,0.012245
2682.096070,0.012245
2679.475983,0.012245
2676.855895,0.012245
2674.235808,0.010204
2671.615721,0.010204
2668.995633,0.010204
2666.375546,0.010204
2663.755459,0.010204
2661.135371,0.010204
2658.515284,0.010204
2655.895197,0.010204
2653.275109,0.010204
2650.655022,0.010204
2648.034934,0.010204
2645.414847,0.010204
2642.794760,0.010204
2640.174672,0.008163
2637.554585,0.008163
2634.934498,0.008163
2632.314410,0.008163
2629.694323,0.008163
2627.074236,0.008163
2624.454148,0.008163
2621.834061,0.008163
2619.213974,0.008163
2616.593886,0.008163
2613.973799,0.008163
2611.353712,0.008163
2608.733624,0.008163
2606.113537,0.008163
2603.493450,0.008163
2600.873362,0.008163
2598.253275,0.008163
2595.633188,0.008163
2593.013100,0.008163
2590.393013,0.008163
2587.772926,0.008163
2585.152838,0.008163
2582.532751,0.008163
2579.912664,0.008163
2577.292576,0.008163
2574.672489,0.008163
2572.052402,0.008163
2569.432314,0.008163
2566.812227,0.008163
2564.192140,0.008163
2561.572052,0.008163
2558.951965,0.008163
2556.331878,0.008163
2553.711790,0.008163
2551.091703,0.008163
2548.471616,0.008163
2545.851528,0.006122
2543.231441,0.006122
2540.611354,0.008163
2537.991266,0.008163
2535.371179,0.006122
2532.751092,0.006122
2530.131004,0.008163
2527.510917,0.008163
2524.890830,0.008163
2522.270742,0.008163
2519.650655,0.008163
2517.030568,0.008163
2514.410480,0.008163
2511.790393,0.008163
2509.170306,0.008163
2506.550218,0.006122
2503.930131,0.008163
2501.310044,0.008163
2498.689956,0.006122
2496.069869,0.006122
2493.449782,0.006122
2490.829694,0.006122
2488.209607,0.006122
2485.589520,0.006122
2482.969432,0.006122
2480.349345,0.006122
2477.729258,0.006122
2475.109170,0.006122
2472.489083,0.006122
2469.868996,0.006122
2467.248908,0.006122
2464.628821,0.006122
2462.008734,0.008163
2459.388646,0.008163
2456.768559,0.008163
2454.148472,0.008163
2451.528384,0.006122
2448.908297,0.008163
2446.288210,0.008163
2443.668122,0.008163
2441.048035,0.008163
2438.427948,0.008163
2435.807860,0.008163
2433.187773,0.008163
2430.567686,0.006122
2427.947598,0.006122
2425.327511,0.006122
2422.707424,0.006122
2420.087336,0.006122
2417.467249,0.006122
2414.847162,0.006122
2412.227074,0.006122
2409.606987,0.006122
2406.986900,0.006122
2404.366812,0.006122
2401.746725,0.006122
2399.126638,0.006122
2396.506550,0.006122
2393.886463,0.006122
2391.266376,0.006122
2388.646288,0.006122
2386.026201,0.006122
2383.406114,0.006122
2380.786026,0.006122
2378.165939,0.006122
2375.545852,0.006122
2372.925764,0.006122
2370.305677,0.006122
2367.685590,0.006122
2365.065502,0.006122
2362.445415,0.006122
2359.825328,0.006122
2357.205240,0.006122
2354.585153,0.006122
2351.965066,0.006122
2349.344978,0.006122
2346.724891,0.006122
2344.104803,0.006122
2341.484716,0.008163
2338.864629,0.008163
2336.244541,0.008163
2333.624454,0.008163
2331.004367,0.006122
2328.384279,0.006122
2325.764192,0.006122
2323.144105,0.008163
2320.524017,0.008163
2317.903930,0.008163
2315.283843,0.008163
2312.663755,0.008163
2310.043668,0.008163
2307.423581,0.008163
2304.803493,0.008163
2302.183406,0.008163
2299.563319,0.008163
2296.943231,0.008163
2294.323144,0.008163
2291.703057,0.008163
2289.082969,0.008163
2286.462882,0.008163
2283.842795,0.008163
2281.222707,0.008163
2278.602620,0.008163
2275.982533,0.008163
2273.362445,0.008163
2270.742358,0.008163
2268.122271,0.008163
2265.502183,0.008163
2262.882096,0.008163
2260.262009,0.008163
2257.641921,0.008163
2255.021834,0.008163
2252.401747,0.008163
2249.781659,0.006122
2247.161572,0.006122
2244.541485,0.006122
2241.921397,0.006122
2239.301310,0.006122
2236.681223,0.006122
2234.061135,0.006122
2231.441048,0.006122
2228.820961,0.006122
2226.200873,0.006122
2223.580786,0.006122
2220.960699,0.006122
2218.340611,0.006122
2215.720524,0.006122
2213.100437,0.006122
2210.480349,0.006122
2207.860262,0.006122
2205.240175,0.006122
2202.620087,0.006122
2200.000000,0.006122
2197.379913,0.006122
2194.759825,0.008163
2192.139738,0.008163
2189.519651,0.008163
2186.899563,0.008163
2184.279476,0.008163
2181.659389,0.008163
2179.039301,0.010204
2176.419214,0.010204
2173.799127,0.010204
2171.179039,0.012245
2168.558952,0.012245
2165.938865,0.010204
2163.318777,0.010204
2160.698690,0.010204
2158.078603,0.010204
2155.458515,0.010204
2152.838428,0.010204
2150.218341,0.010204
2147.598253,0.010204
2144.978166,0.012245
2142.358079,0.012245
2139.737991,0.012245
2137.117904,0.012245
2134.497817,0.012245
2131.877729,0.012245
2129.257642,0.012245
2126.637555,0.010204
2124.017467,0.010204
2121.397380,0.010204
2118.777293,0.010204
2116.157205,0.010204
2113.537118,0.012245
2110.917031,0.012245
2108.296943,0.010204
2105.676856,0.010204
2103.056769,0.010204
2100.436681,0.010204
2097.816594,0.008163
2095.196507,0.008163
2092.576419,0.008163
2089.956332,0.008163
2087.336245,0.008163
2084.716157,0.006122
2082.096070,0.006122
2079.475983,0.006122
2076.855895,0.006122
2074.235808,0.006122
2071.615721,0.006122
2068.995633,0.006122
2066.375546,0.006122
2063.755459,0.006122
2061.135371,0.006122
2058.515284,0.006122
2055.895197,0.006122
2053.275109,0.006122
2050.655022,0.006122
2048.034934,0.006122
2045.414847,0.006122
2042.794760,0.006122
2040.174672,0.006122
2037.554585,0.006122
2034.934498,0.006122
2032.314410,0.008163
2029.694323,0.008163
2027.074236,0.008163
2024.454148,0.008163
2021.834061,0.008163
2019.213974,0.008163
2016.593886,0.010204
2013.973799,0.010204
2011.353712,0.012245
2008.733624,0.012245
2006.113537,0.012245
2003.493450,0.012245
2000.873362,0.012245
1998.253275,0.014286
1995.633188,0.014286
1993.013100,0.012245
1990.393013,0.012245
1987.772926,0.012245
1985.152838,0.012245
1982.532751,0.010204
1979.912664,0.010204
1977.292576,0.010204
1974.672489,0.010204
1972.052402,0.010204
1969.432314,0.010204
1966.812227,0.008163
1964.192140,0.008163
1961.572052,0.008163
1958.951965,0.008163
1956.331878,0.006122
1953.711790,0.006122
1951.091703,0.008163
1948.471616,0.008163
1945.851528,0.008163
1943.231441,0.008163
1940.611354,0.008163
1937.991266,0.008163
1935.371179,0.006122
1932.751092,0.006122
1930.131004,0.006122
1927.510917,0.006122
1924.890830,0.006122
1922.270742,0.006122
1919.650655,0.006122
1917.030568,0.006122
1914.410480,0.004082
1911.790393,0.004082
1909.170306,0.004082
1906.550218,0.004082
1903.930131,0.004082
1901.310044,0.004082
1898.689956,0.004082
1896.069869,0.004082
1893.449782,0.006122
1890.829694,0.006122
1888.209607,0.006122
1885.589520,0.008163
1882.969432,0.010204
1880.349345,0.010204
1877.729258,0.012245
1875.109170,0.012245
1872.489083,0.010204
1869.868996,0.010204
1867.248908,0.008163
1864.628821,0.006122
1862.008734,0.006122
1859.388646,0.006122
1856.768559,0.006122
1854.148472,0.006122
1851.528384,0.006122
1848.908297,0.006122
1846.288210,0.006122
1843.668122,0.006122
1841.048035,0.006122
1838.427948,0.006122
1835.807860,0.006122
1833.187773,0.006122
1830.567686,0.004082
1827.947598,0.004082
1825.327511,0.004082
1822.707424,0.004082
1820.087336,0.006122
1817.467249,0.006122
1814.847162,0.006122
1812.227074,0.006122
1809.606987,0.006122
1806.986900,0.004082
1804.366812,0.004082
1801.746725,0.004082
1799.126638,0.004082
1796.506550,0.006122
1793.886463,0.006122
1791.266376,0.006122
1788.646288,0.006122
1786.026201,0.006122
1783.406114,0.006122
1780.786026,0.006122
1778.165939,0.006122
1775.545852,0.006122
1772.925764,0.006122
1770.305677,0.006122
1767.685590,0.006122
1765.065502,0.004082
1762.445415,0.004082
1759.825328,0.004082
1757.205240,0.004082
1754.585153,0.004082
1751.965066,0.004082
1749.344978,0.004082
1746.724891,0.004082
1744.104803,0.004082
1741.484716,0.004082
1738.864629,0.004082
1736.244541,0.006122
1733.624454,0.004082
1731.004367,0.004082
1728.384279,0.004082
1725.764192,0.004082
1723.144105,0.004082
1720.524017,0.004082
1717.903930,0.004082
1715.283843,0.004082
1712.663755,0.004082
1710.043668,0.004082
1707.423581,0.004082
1704.803493,0.004082
1702.183406,0.004082
1699.563319,0.004082
1696.943231,0.004082
1694.323144,0.002041
1691.703057,0.004082
1689.082969,0.004082
1686.462882,0.004082
1683.842795,0.004082
1681.222707,0.004082
1678.602620,0.004082
1675.982533,0.004082
1673.362445,0.004082
1670.742358,0.004082
1668.122271,0.004082
1665.502183,0.004082
1662.882096,0.004082
1660.262009,0.004082
1657.641921,0.004082
1655.021834,0.004082
1652.401747,0.004082
1649.781659,0.004082
1647.161572,0.004082
1644.541485,0.004082
1641.921397,0.006122
1639.301310,0.006122
1636.681223,0.006122
1634.061135,0.006122
1631.441048,0.006122
1628.820961,0.006122
1626.200873,0.006122
1623.580786,0.006122
1620.960699,0.006122
1618.340611,0.006122
1615.720524,0.006122
1613.100437,0.006122
1610.480349,0.006122
1607.860262,0.006122
1605.240175,0.006122
1602.620087,0.006122
1600.000000,0.006122
1597.379913,0.006122
1594.759825,0.006122
1592.139738,0.006122
1589.519651,0.006122
1586.899563,0.006122
1584.279476,0.006122
1581.659389,0.006122
1579.039301,0.006122
1576.419214,0.006122
1573.799127,0.006122
1571.179039,0.006122
1568.558952,0.006122
1565.938865,0.006122
1563.318777,0.006122
1560.698690,0.006122
1558.078603,0.006122
1555.458515,0.006122
1552.838428,0.008163
1550.218341,0.008163
1547.598253,0.008163
1544.978166,0.008163
1542.358079,0.008163
1539.737991,0.006122
1537.117904,0.006122
1534.497817,0.006122
1531.877729,0.006122
1529.257642,0.006122
1526.637555,0.006122
1524.017467,0.008163
1521.397380,0.008163
1518.777293,0.008163
1516.157205,0.008163
1513.537118,0.008163
1510.917031,0.008163
1508.296943,0.010204
1505.676856,0.012245
1503.056769,0.014286
1500.436681,0.014286
1497.816594,0.014286
1495.196507,0.014286
1492.576419,0.014286
1489.956332,0.012245
1487.336245,0.014286
1484.716157,0.014286
1482.096070,0.016327
1479.475983,0.018367
1476.855895,0.020408
1474.235808,0.022449
1471.615721,0.024490
1468.995633,0.026531
1466.375546,0.028571
1463.755459,0.032653
1461.135371,0.036735
1458.515284,0.042857
1455.895197,0.051020
1453.275109,0.059184
1450.655022,0.061224
1448.034934,0.061224
1445.414847,0.059184
1442.794760,0.051020
1440.174672,0.042857
1437.554585,0.038776
1434.934498,0.036735
1432.314410,0.034694
1429.694323,0.036735
1427.074236,0.038776
1424.454148,0.040816
1421.834061,0.046939
1419.213974,0.055102
1416.593886,0.067347
1413.973799,0.085714
1411.353712,0.112245
1408.733624,0.132653
1406.113537,0.134694
1403.493450,0.134694
1400.873362,0.122449
1398.253275,0.148980
1395.633188,0.202041
1393.013100,0.295918
1390.393013,0.393878
1387.772926,0.404082
1385.152838,0.404082
1382.532751,0.338776
1379.912664,0.214286
1377.292576,0.126531
1374.672489,0.085714
1372.052402,0.063265
1369.432314,0.051020
1366.812227,0.044898
1364.192140,0.042857
1361.572052,0.040816
1358.951965,0.036735
1356.331878,0.030612
1353.711790,0.024490
1351.091703,0.020408
1348.471616,0.018367
1345.851528,0.016327
1343.231441,0.014286
1340.611354,0.014286
1337.991266,0.012245
1335.371179,0.010204
1332.751092,0.010204
1330.131004,0.010204
1327.510917,0.010204
1324.890830,0.010204
1322.270742,0.010204
1319.650655,0.010204
1317.030568,0.010204
1314.410480,0.010204
1311.790393,0.010204
1309.170306,0.010204
1306.550218,0.010204
1303.930131,0.010204
1301.310044,0.008163
1298.689956,0.010204
1296.069869,0.010204
1293.449782,0.008163
1290.829694,0.008163
1288.209607,0.008163
1285.589520,0.008163
1282.969432,0.008163
1280.349345,0.008163
1277.729258,0.008163
1275.109170,0.008163
1272.489083,0.008163
1269.868996,0.010204
1267.248908,0.012245
1264.628821,0.012245
1262.008734,0.012245
1259.388646,0.012245
1256.768559,0.012245
1254.148472,0.012245
1251.528384,0.014286
1248.908297,0.014286
1246.288210,0.014286
1243.668122,0.014286
1241.048035,0.014286
1238.427948,0.014286
1235.807860,0.014286
1233.187773,0.014286
1230.567686,0.014286
1227.947598,0.016327
1225.327511,0.016327
1222.707424,0.018367
1220.087336,0.018367
1217.467249,0.020408
1214.847162,0.020408
1212.227074,0.022449
1209.606987,0.024490
1206.986900,0.026531
1204.366812,0.028571
1201.746725,0.030612
1199.126638,0.030612
1196.506550,0.030612
1193.886463,0.032653
1191.266376,0.034694
1188.646288,0.036735
1186.026201,0.042857
1183.406114,0.053061
1180.786026,0.069388
1178.165939,0.089796
1175.545852,0.093878
1172.925764,0.093878
1170.305677,0.089796
1167.685590,0.065306
1165.065502,0.046939
1162.445415,0.040816
1159.825328,0.042857
1157.205240,0.048980
1154.585153,0.059184
1151.965066,0.073469
1149.344978,0.087755
1146.724891,0.108163
1144.104803,0.130612
1141.484716,0.153061
1138.864629,0.181633
1136.244541,0.226531
1133.624454,0.310204
1131.004367,0.473469
1128.384279,0.755102
1125.764192,0.936735
1123.144105,0.938776
1120.524017,0.922449
1117.903930,0.695918
1115.283843,0.440816
1112.663755,0.289796
1110.043668,0.197959
1107.423581,0.144898
1104.803493,0.118367
1102.183406,0.102041
1099.563319,0.091837
1096.943231,0.087755
1094.323144,0.087755
1091.703057,0.087755
1089.082969,0.089796
1086.462882,0.089796
1083.842795,0.089796
1081.222707,0.089796
1078.602620,0.089796
1075.982533,0.087755
1073.362445,0.087755
1070.742358,0.087755
1068.122271,0.087755
1065.502183,0.087755
1062.882096,0.087755
1060.262009,0.087755
1057.641921,0.087755
1055.021834,0.087755
1052.401747,0.087755
1049.781659,0.085714
1047.161572,0.083673
1044.541485,0.081633
1041.921397,0.081633
1039.301310,0.079592
1036.681223,0.077551
1034.061135,0.077551
1031.441048,0.077551
1028.820961,0.075510
1026.200873,0.075510
1023.580786,0.073469
1020.960699,0.071429
1018.340611,0.069388
1015.720524,0.065306
1013.100437,0.059184
1010.480349,0.055102
1007.860262,0.048980
1005.240175,0.042857
1002.620087,0.038776
1000.000000,0.034694
997.379913,0.028571
994.759825,0.026531
992.139738,0.022449
989.519651,0.020408
986.899563,0.020408
984.279476,0.018367
981.659389,0.018367
979.039301,0.018367
976.419214,0.020408
973.799127,0.022449
971.179039,0.022449
968.558952,0.024490
965.938865,0.026531
963.318777,0.026531
960.698690,0.026531
958.078603,0.026531
955.458515,0.028571
952.838428,0.028571
950.218341,0.028571
947.598253,0.028571
944.978166,0.028571
942.358079,0.030612
939.737991,0.030612
937.117904,0.030612
934.497817,0.034694
931.877729,0.038776
929.257642,0.042857
926.637555,0.053061
924.017467,0.067347
921.397380,0.095918
918.777293,0.167347
916.157205,0.302041
913.537118,0.387755
910.917031,0.389796
908.296943,0.377551
905.676856,0.271429
903.056769,0.193878
900.436681,0.210204
897.816594,0.271429
895.196507,0.336735
892.576419,0.359184
889.956332,0.359184
887.336245,0.348980
884.716157,0.297959
882.096070,0.240816
879.475983,0.197959
876.855895,0.175510
874.235808,0.187755
871.615721,0.218367
868.995633,0.273469
866.375546,0.353061
863.755459,0.475510
861.135371,0.655102
858.515284,0.844898
855.895197,0.916327
853.275109,0.918367
850.655022,0.908163
848.034934,0.769388
845.414847,0.581633
842.794760,0.432653
840.174672,0.332653
837.554585,0.269388
834.934498,0.236735
832.314410,0.220408
829.694323,0.220408
827.074236,0.220408
824.454148,0.220408
821.834061,0.208163
819.213974,0.187755
816.593886,0.161224
813.973799,0.134694
811.353712,0.114286
808.733624,0.100000
806.113537,0.087755
803.493450,0.079592
800.873362,0.071429
798.253275,0.067347
795.633188,0.063265
793.013100,0.059184
790.393013,0.059184
787.772926,0.057143
785.152838,0.055102
782.532751,0.055102
779.912664,0.055102
777.292576,0.057143
774.672489,0.059184
772.052402,0.063265
769.432314,0.067347
766.812227,0.075510
764.192140,0.083673
761.572052,0.093878
758.951965,0.104082
756.331878,0.112245
753.711790,0.118367
751.091703,0.126531
748.471616,0.136735
745.851528,0.151020
743.231441,0.175510
740.611354,0.208163
737.991266,0.255102
735.371179,0.334694
732.751092,0.463265
730.131004,0.661224
727.510917,0.889796
724.890830,0.997959
722.270742,1.000000
719.650655,0.991837
717.030568,0.871429
714.410480,0.704082
711.790393,0.563265
709.170306,0.479592
706.550218,0.467347
703.930131,0.532653
701.310044,0.642857
698.689956,0.775510
696.069869,0.897959
693.449782,0.955102
690.829694,0.957143
688.209607,0.955102
685.589520,0.881633
682.969432,0.767347
680.349345,0.640816
677.729258,0.522449
675.109170,0.440816
672.489083,0.379592
669.868996,0.328571
667.248908,0.293878
664.628821,0.267347
662.008734,0.246939
659.388646,0.230612
656.768559,0.216327
654.148472,0.208163
651.528384,0.202041
648.908297,0.197959
646.288210,0.195918
643.668122,0.195918
641.048035,0.197959
638.427948,0.202041
635.807860,0.210204
633.187773,0.222449
630.567686,0.232653
627.947598,0.248980
625.327511,0.267347
622.707424,0.289796
620.087336,0.320408
617.467249,0.357143
614.847162,0.408163
612.227074,0.471429
609.606987,0.555102
606.986900,0.663265
604.366812,0.793878
601.746725,0.914286
599.126638,0.918367
596.506550,0.916327
593.886463,0.897959
591.266376,0.861224
588.646288,0.800000
586.026201,0.706122
583.406114,0.608163
580.786026,0.506122
578.165939,0.397959
575.545852,0.308163
572.925764,0.230612
570.305677,0.161224
567.685590,0.112245
565.065502,0.075510
562.445415,0.048980
559.825328,0.030612
557.205240,0.018367
554.585153,0.012245
551.965066,0.006122
549.344978,0.004082
546.724891,0.004082
544.104803,0.004082
541.484716,0.002041
538.864629,0.002041
536.244541,0.002041
533.624454,0.002041
531.004367,0.002041
528.384279,0.002041
525.764192,0.002041
523.144105,0.002041
520.524017,0.002041
517.903930,0.002041
515.283843,0.002041
512.663755,0.002041
510.043668,0.002041
507.423581,0.002041
504.803493,0.002041
502.183406,0.002041
499.563319,0.002041
496.943231,0.002041
494.323144,0.002041
491.703057,0.002041
489.082969,0.002041
486.462882,0.002041
483.842795,0.002041
481.222707,0.002041
478.602620,0.002041
475.982533,0.002041
473.362445,0.002041
470.742358,0.002041
468.122271,0.002041
465.502183,0.002041
462.882096,0.002041
460.262009,0.002041
457.641921,0.002041
455.021834,0.002041
452.401747,0.002041
449.781659,0.002041
447.161572,nan
444.541485,nan
441.921397,nan
439.301310,nan
436.681223,nan
434.061135,nan
431.441048,nan
428.820961,nan
426.200873,nan
423.580786,nan
420.960699,nan
418.340611,nan
415.720524,nan
413.100437,nan
410.480349,nan
407.860262,nan
405.240175,nan
402.620087,nan
400.000000,nan
