4000.000000,0.012245
3997.379913,0.012245
3994.759825,0.012245
3992.139738,0.012245
3989.519651,0.012245
3986.899563,0.012245
3984.279476,0.012245
3981.659389,0.012245
3979.039301,0.012245
3976.419214,0.012245
3973.799127,0.012245
3971.179039,0.012245
3968.558952,0.010204
3965.938865,0.010204
3963.318777,0.010204
3960.698690,0.010204
3958.078603,0.010204
3955.458515,0.010204
3952.838428,0.010204
3950.218341,0.010204
3947.598253,0.010204
3944.978166,0.010204
3942.358079,0.010204
3939.737991,0.010204
3937.117904,0.010204
3934.497817,0.010204
3931.877729,0.010204
3929.257642,0.010204
3926.637555,0.010204
3924.017467,0.010204
3921.397380,0.010204
3918.777293,0.010204
3916.157205,0.010204
3913.537118,0.010204
3910.917031,0.008163
3908.296943,0.008163
3905.676856,0.010204
3903.056769,0.010204
3900.436681,0.010204
3897.816594,0.008163
3895.196507,0.008163
3892.576419,0.008163
3889.956332,0.010204
3887.336245,0.010204
3884.716157,0.010204
3882.096070,0.010204
3879.475983,0.008163
3876.855895,0.008163
3874.235808,0.008163
3871.615721,0.010204
3868.995633,0.010204
3866.375546,0.010204
3863.755459,0.008163
3861.135371,0.008163
3858.515284,0.008163
3855.895197,0.010204
3853.275109,0.012245
3850.655022,0.012245
3848.034934,0.008163
3845.414847,0.006122
3842.794760,0.008163
3840.174672,0.008163
3837.554585,0.010204
3834.934498,0.010204
3832.314410,0.008163
3829.694323,0.008163
3827.074236,0.008163
3824.454148,0.008163
3821.834061,0.010204
3819.213974,0.010204
3816.593886,0.008163
3813.973799,0.008163
3811.353712,0.008163
3808.733624,0.008163
3806.113537,0.008163
3803.493450,0.008163
3800.873362,0.008163
3798.253275,0.008163
3795.633188,0.006122
3793.013100,0.008163
3790.393013,0.008163
3787.772926,0.008163
3785.152838,0.008163
3782.532751,0.008163
3779.912664,0.008163
3777.292576,0.008163
3774.672489,0.008163
3772.052402,0.008163
3769.432314,0.008163
3766.812227,0.008163
3764.192140,0.008163
3761.572052,0.008163
3758.951965,0.008163
3756.331878,0.008163
3753.711790,0.010204
3751.091703,0.012245
3748.471616,0.012245
3745.851528,0.010204
3743.231441,0.010204
3740.611354,0.010204
3737.991266,0.010204
3735.371179,0.012245
3732.751092,0.012245
3730.131004,0.010204
3727.510917,0.010204
3724.890830,0.010204
3722.270742,0.010204
3719.650655,0.010204
3717.030568,0.010204
3714.410480,0.010204
3711.790393,0.012245
3709.170306,0.012245
3706.550218,0.010204
3703.930131,0.010204
3701.310044,0.010204
3698.689956,0.010204
3696.069869,0.010204
3693.449782,0.010204
3690.829694,0.012245
3688.209607,0.012245
3685.589520,0.012245
3682.969432,0.010204
3680.349345,0.010204
3677.729258,0.012245
3675.109170,0.012245
3672.489083,0.012245
3669.868996,0.010204
3667.248908,0.010204
3664.628821,0.010204
3662.008734,0.012245
3659.388646,0.012245
3656.768559,0.012245
3654.148472,0.012245
3651.528384,0.014286
3648.908297,0.014286
3646.288210,0.014286
3643.668122,0.012245
3641.048035,0.012245
3638.427948,0.014286
3635.807860,0.014286
3633.187773,0.016327
3630.567686,0.016327
3627.947598,0.016327
3625.327511,0.016327
3622.707424,0.014286
3620.087336,0.016327
3617.467249,0.016327
3614.847162,0.016327
3612.227074,0.016327
3609.606987,0.016327
3606.986900,0.016327
3604.366812,0.016327
3601.746725,0.016327
3599.126638,0.018367
3596.506550,0.018367
3593.886463,0.018367
3591.266376,0.018367
3588.646288,0.020408
3586.026201,0.020408
3583.406114,0.020408
3580.786026,0.020408
3578.165939,0.022449
3575.545852,0.022449
3572.925764,0.022449
3570.305677,0.024490
3567.685590,0.024490
3565.065502,0.024490
3562.445415,0.024490
3559.825328,0.026531
3557.205240,0.028571
3554.585153,0.028571
3551.965066,0.028571
3549.344978,0.030612
3546.724891,0.030612
3544.104803,0.032653
3541.484716,0.032653
3538.864629,0.034694
3536.244541,0.034694
3533.624454,0.034694
3531.004367,0.036735
3528.384279,0.036735
3525.764192,0.038776
3523.144105,0.038776
3520.524017,0.038776
3517.903930,0.040816
3515.283843,0.040816
3512.663755,0.040816
3510.043668,0.040816
3507.423581,0.042857
3504.803493,0.042857
3502.183406,0.042857
3499.563319,0.042857
3496.943231,0.042857
3494.323144,0.044898
3491.703057,0.044898
3489.082969,0.044898
3486.462882,0.044898
3483.842795,0.046939
3481.222707,0.046939
3478.602620,0.046939
3475.982533,0.046939
3473.362445,0.048980
3470.742358,0.048980
3468.122271,0.048980
3465.502183,0.048980
3462.882096,0.051020
3460.262009,0.051020
3457.641921,0.051020
3455.021834,0.051020
3452.401747,0.051020
3449.781659,0.053061
3447.161572,0.053061
3444.541485,0.053061
3441.921397,0.053061
3439.301310,0.053061
3436.681223,0.053061
3434.061135,0.055102
3431.441048,0.055102
3428.820961,0.055102
3426.200873,0.055102
3423.580786,0.055102
3420.960699,0.055102
3418.340611,0.055102
3415.720524,0.055102
3413.100437,0.055102
3410.480349,0.055102
3407.860262,0.055102
3405.240175,0.057143
3402.620087,0.057143
3400.000000,0.057143
3397.379913,0.057143
3394.759825,0.057143
3392.139738,0.057143
3389.519651,0.057143
3386.899563,0.057143
3384.279476,0.057143
3381.659389,0.057143
3379.039301,0.057143
3376.419214,0.057143
3373.799127,0.059184
3371.179039,0.059184
3368.558952,0.059184
3365.938865,0.059184
3363.318777,0.059184
3360.698690,0.059184
3358.078603,0.059184
3355.458515,0.059184
3352.838428,0.057143
3350.218341,0.057143
3347.598253,0.057143
3344.978166,0.057143
3342.358079,0.057143
3339.737991,0.057143
3337.117904,0.057143
3334.497817,0.057143
3331.877729,0.055102
3329.257642,0.055102
3326.637555,0.055102
3324.017467,0.055102
3321.397380,0.055102
3318.777293,0.055102
3316.157205,0.053061
3313.537118,0.053061
3310.917031,0.053061
3308.296943,0.051020
3305.676856,0.051020
3303.056769,0.051020
3300.436681,0.051020
3297.816594,0.051020
3295.196507,0.048980
3292.576419,0.048980
3289.956332,0.048980
3287.336245,0.046939
3284.716157,0.046939
3282.096070,0.046939
3279.475983,0.046939
3276.855895,0.044898
3274.235808,0.044898
3271.615721,0.044898
3268.995633,0.044898
3266.375546,0.042857
3263.755459,0.042857
3261.135371,0.042857
3258.515284,0.042857
3255.895197,0.042857
3253.275109,0.040816
3250.655022,0.040816
3248.034934,0.040816
3245.414847,0.040816
3242.794760,0.040816
3240.174672,0.040816
3237.554585,0.038776
3234.934498,0.038776
3232.314410,0.038776
3229.694323,0.038776
3227.074236,0.038776
3224.454148,0.038776
3221.834061,0.038776
3219.213974,0.036735
3216.593886,0.036735
3213.973799,0.036735
3211.353712,0.036735
3208.733624,0.036735
3206.113537,0.036735
3203.493450,0.036735
3200.873362,0.034694
3198.253275,0.034694
3195.633188,0.034694
3193.013100,0.034694
3190.393013,0.034694
3187.772926,0.034694
3185.152838,0.034694
3182.532751,0.032653
3179.912664,0.032653
3177.292576,0.032653
3174.672489,0.032653
3172.052402,0.032653
3169.432314,0.030612
3166.812227,0.030612
3164.192140,0.030612
3161.572052,0.030612
3158.951965,0.030612
3156.331878,0.030612
3153.711790,0.028571
3151.091703,0.028571
3148.471616,0.028571
3145.851528,0.028571
3143.231441,0.028571
3140.611354,0.028571
3137.991266,0.028571
3135.371179,0.026531
3132.751092,0.026531
3130.131004,0.026531
3127.510917,0.026531
3124.890830,0.026531
3122.270742,0.026531
3119.650655,0.026531
3117.030568,0.026531
3114.410480,0.026531
3111.790393,0.026531
3109.170306,0.026531
3106.550218,0.026531
3103.930131,0.026531
3101.310044,0.026531
3098.689956,0.026531
3096.069869,0.026531
3093.449782,0.026531
3090.829694,0.026531
3088.209607,0.026531
3085.589520,0.026531
3082.969432,0.026531
3080.349345,0.026531
3077.729258,0.026531
3075.109170,0.026531
3072.489083,0.026531
3069.868996,0.026531
3067.248908,0.026531
3064.628821,0.026531
3062.008734,0.026531
3059.388646,0.026531
3056.768559,0.026531
3054.148472,0.028571
3051.528384,0.028571
3048.908297,0.028571
3046.288210,0.028571
3043.668122,0.030612
3041.048035,0.030612
3038.427948,0.032653
3035.807860,0.032653
3033.187773,0.034694
3030.567686,0.036735
3027.947598,0.038776
3025.327511,0.040816
3022.707424,0.042857
3020.087336,0.046939
3017.467249,0.051020
3014.847162,0.057143
3012.227074,0.063265
3009.606987,0.071429
3006.986900,0.083673
3004.366812,0.095918
3001.746725,0.114286
2999.126638,0.134694
2996.506550,0.161224
2993.886463,0.197959
2991.266376,0.244898
2988.646288,0.302041
2986.026201,0.379592
2983.406114,0.469388
2980.786026,0.563265
2978.165939,0.653061
2975.545852,0.720408
2972.925764,0.746939
2970.305677,0.748980
2967.685590,0.748980
2965.065502,0.728571
2962.445415,0.663265
2959.825328,0.579592
2957.205240,0.491837
2954.585153,0.397959
2951.965066,0.324490
2949.344978,0.271429
2946.724891,0.238776
2944.104803,0.251020
2941.484716,0.281633
2938.864629,0.312245
2936.244541,0.338776
2933.624454,0.359184
2931.004367,0.373469
2928.384279,0.377551
2925.764192,0.377551
2923.144105,0.373469
2920.524017,0.357143
2917.903930,0.340816
2915.283843,0.324490
2912.663755,0.306122
2910.043668,0.289796
2907.423581,0.277551
2904.803493,0.273469
2902.183406,0.277551
2899.563319,0.281633
2896.943231,0.285714
2894.323144,0.285714
2891.703057,0.287755
2889.082969,0.287755
2886.462882,0.289796
2883.842795,0.289796
2881.222707,0.289796
2878.602620,0.287755
2875.982533,0.285714
2873.362445,0.275510
2870.742358,0.257143
2868.122271,0.240816
2865.502183,0.224490
2862.882096,0.206122
2860.262009,0.187755
2857.641921,0.167347
2855.021834,0.151020
2852.401747,0.138776
2849.781659,0.130612
2847.161572,0.124490
2844.541485,0.118367
2841.921397,0.112245
2839.301310,0.106122
2836.681223,0.100000
2834.061135,0.095918
2831.441048,0.089796
2828.820961,0.085714
2826.200873,0.081633
2823.580786,0.077551
2820.960699,0.073469
2818.340611,0.069388
2815.720524,0.067347
2813.100437,0.063265
2810.480349,0.059184
2807.860262,0.055102
2805.240175,0.051020
2802.620087,0.046939
2800.000000,0.042857
2797.379913,0.040816
2794.759825,0.038776
2792.139738,0.036735
2789.519651,0.034694
2786.899563,0.032653
2784.279476,0.030612
2781.659389,0.030612
2779.039301,0.030612
2776.419214,0.030612
2773.799127,0.030612
2771.179039,0.032653
2768.558952,0.032653
2765.938865,0.032653
2763.318777,0.032653
2760.698690,0.030612
2758.078603,0.030612
2755.458515,0.030612
2752.838428,0.030612
2750.218341,0.030612
2747.598253,0.030612
2744.978166,0.032653
2742.358079,0.034694
2739.737991,0.034694
2737.117904,0.036735
2734.497817,0.036735
2731.877729,0.036735
2729.257642,0.034694
2726.637555,0.034694
2724.017467,0.032653
2721.397380,0.032653
2718.777293,0.032653
2716.157205,0.030612
2713.537118,0.030612
2710.917031,0.028571
2708.296943,0.026531
2705.676856,0.024490
2703.056769,0.022449
2700.436681,0.022449
2697.816594,0.020408
2695.196507,0.020408
2692.576419,0.020408
2689.956332,0.020408
2687.336245,0.018367
2684.716157,0.018367
2682.096070,0.018367
2679.475983,0.018367
2676.855895,0.018367
2674.235808,0.018367
2671.615721,0.018367
2668.995633,0.016327
2666.375546,0.016327
2663.755459,0.016327
2661.135371,0.018367
2658.515284,0.018367
2655.895197,0.018367
2653.275109,0.018367
2650.655022,0.020408
2648.034934,0.022449
2645.414847,0.022449
2642.794760,0.022449
2640.174672,0.022449
2637.554585,0.022449
2634.934498,0.022449
2632.314410,0.022449
2629.694323,0.022449
2627.074236,0.020408
2624.454148,0.020408
2621.834061,0.020408
2619.213974,0.018367
2616.593886,0.018367
2613.973799,0.018367
2611.353712,0.016327
2608.733624,0.016327
2606.113537,0.016327
2603.493450,0.014286
2600.873362,0.014286
2598.253275,0.014286
2595.633188,0.014286
2593.013100,0.014286
2590.393013,0.012245
2587.772926,0.012245
2585.152838,0.012245
2582.532751,0.012245
2579.912664,0.012245
2577.292576,0.012245
2574.672489,0.012245
2572.052402,0.010204
2569.432314,0.010204
2566.812227,0.010204
2564.192140,0.010204
2561.572052,0.010204
2558.951965,0.010204
2556.331878,0.010204
2553.711790,0.010204
2551.091703,0.010204
2548.471616,0.010204
2545.851528,0.010204
2543.231441,0.010204
2540.611354,0.010204
2537.991266,0.010204
2535.371179,0.010204
2532.751092,0.010204
2530.131004,0.010204
2527.510917,0.010204
2524.890830,0.010204
2522.270742,0.010204
2519.650655,0.010204
2517.030568,0.010204
2514.410480,0.010204
2511.790393,0.010204
2509.170306,0.010204
2506.550218,0.010204
2503.930131,0.010204
2501.310044,0.010204
2498.689956,0.010204
2496.069869,0.010204
2493.449782,0.010204
2490.829694,0.010204
2488.209607,0.010204
2485.589520,0.010204
2482.969432,0.010204
2480.349345,0.010204
2477.729258,0.010204
2475.109170,0.010204
2472.489083,0.010204
2469.868996,0.010204
2467.248908,0.010204
2464.628821,0.010204
2462.008734,0.010204
2459.388646,0.010204
2456.768559,0.010204
2454.148472,0.010204
2451.528384,0.010204
2448.908297,0.010204
2446.288210,0.010204
2443.668122,0.010204
2441.048035,0.010204
2438.427948,0.010204
2435.807860,0.010204
2433.187773,0.010204
2430.567686,0.010204
2427.947598,0.010204
2425.327511,0.008163
2422.707424,0.008163
2420.087336,0.008163
2417.467249,0.008163
2414.847162,0.008163
2412.227074,0.008163
2409.606987,0.008163
2406.986900,0.008163
2404.366812,0.008163
2401.746725,0.008163
2399.126638,0.008163
2396.506550,0.008163
2393.886463,0.008163
2391.266376,0.008163
2388.646288,0.008163
2386.026201,0.008163
2383.406114,0.008163
2380.786026,0.008163
2378.165939,0.008163
2375.545852,0.010204
2372.925764,0.008163
2370.305677,0.008163
2367.685590,0.008163
2365.065502,0.008163
2362.445415,0.006122
2359.825328,0.006122
2357.205240,0.004082
2354.585153,0.004082
2351.965066,0.004082
2349.344978,0.004082
2346.724891,0.008163
2344.104803,0.008163
2341.484716,0.008163
2338.864629,0.006122
2336.244541,0.006122
2333.624454,0.006122
2331.004367,0.006122
2328.384279,0.006122
2325.764192,0.006122
2323.144105,0.006122
2320.524017,0.006122
2317.903930,0.006122
2315.283843,0.008163
2312.663755,0.008163
2310.043668,0.008163
2307.423581,0.008163
2304.803493,0.008163
2302.183406,0.008163
2299.563319,0.010204
2296.943231,0.010204
2294.323144,0.010204
2291.703057,0.010204
2289.082969,0.010204
2286.462882,0.010204
2283.842795,0.010204
2281.222707,0.010204
2278.602620,0.010204
2275.982533,0.010204
2273.362445,0.010204
2270.742358,0.008163
2268.122271,0.010204
2265.502183,0.008163
2262.882096,0.010204
2260.262009,0.010204
2257.641921,0.010204
2255.021834,0.010204
2252.401747,0.010204
2249.781659,0.010204
2247.161572,0.010204
2244.541485,0.010204
2241.921397,0.008163
2239.301310,0.008163
2236.681223,0.008163
2234.061135,0.008163
2231.441048,0.008163
2228.820961,0.008163
2226.200873,0.008163
2223.580786,0.008163
2220.960699,0.008163
2218.340611,0.008163
2215.720524,0.008163
2213.100437,0.008163
2210.480349,0.008163
2207.860262,0.008163
2205.240175,0.008163
2202.620087,0.008163
2200.000000,0.010204
2197.379913,0.010204
2194.759825,0.010204
2192.139738,0.010204
2189.519651,0.010204
2186.899563,0.010204
2184.279476,0.010204
2181.659389,0.010204
2179.039301,0.010204
2176.419214,0.010204
2173.799127,0.010204
2171.179039,0.010204
2168.558952,0.010204
2165.938865,0.010204
2163.318777,0.010204
2160.698690,0.010204
2158.078603,0.010204
2155.458515,0.010204
2152.838428,0.008163
2150.218341,0.008163
2147.598253,0.008163
2144.978166,0.008163
2142.358079,0.008163
2139.737991,0.008163
2137.117904,0.008163
2134.497817,0.008163
2131.877729,0.008163
2129.257642,0.008163
2126.637555,0.008163
2124.017467,0.008163
2121.397380,0.008163
2118.777293,0.008163
2116.157205,0.008163
2113.537118,0.008163
2110.917031,0.008163
2108.296943,0.008163
2105.676856,0.008163
2103.056769,0.008163
2100.436681,0.008163
2097.816594,0.008163
2095.196507,0.008163
2092.576419,0.008163
2089.956332,0.008163
2087.336245,0.008163
2084.716157,0.008163
2082.096070,0.008163
2079.475983,0.008163
2076.855895,0.008163
2074.235808,0.008163
2071.615721,0.008163
2068.995633,0.008163
2066.375546,0.008163
2063.755459,0.008163
2061.135371,0.008163
2058.515284,0.008163
2055.895197,0.008163
2053.275109,0.008163
2050.655022,0.008163
2048.034934,0.008163
2045.414847,0.008163
2042.794760,0.008163
2040.174672,0.008163
2037.554585,0.008163
2034.934498,0.008163
2032.314410,0.008163
2029.694323,0.008163
2027.074236,0.008163
2024.454148,0.008163
2021.834061,0.008163
2019.213974,0.008163
2016.593886,0.008163
2013.973799,0.008163
2011.353712,0.008163
2008.733624,0.008163
2006.113537,0.008163
2003.493450,0.008163
2000.873362,0.008163
1998.253275,0.008163
1995.633188,0.008163
1993.013100,0.010204
1990.393013,0.010204
1987.772926,0.010204
1985.152838,0.010204
1982.532751,0.010204
1979.912664,0.010204
1977.292576,0.012245
1974.672489,0.012245
1972.052402,0.012245
1969.432314,0.012245
1966.812227,0.012245
1964.192140,0.012245
1961.572052,0.012245
1958.951965,0.012245
1956.331878,0.012245
1953.711790,0.012245
1951.091703,0.012245
1948.471616,0.012245
1945.851528,0.012245
1943.231441,0.012245
1940.611354,0.012245
1937.991266,0.012245
1935.371179,0.012245
1932.751092,0.014286
1930.131004,0.014286
1927.510917,0.014286
1924.890830,0.014286
1922.270742,0.014286
1919.650655,0.014286
1917.030568,0.014286
1914.410480,0.014286
1911.790393,0.016327
1909.170306,0.016327
1906.550218,0.016327
1903.930131,0.016327
1901.310044,0.016327
1898.689956,0.016327
1896.069869,0.016327
1893.449782,0.016327
1890.829694,0.016327
1888.209607,0.016327
1885.589520,0.016327
1882.969432,0.016327
1880.349345,0.016327
1877.729258,0.016327
1875.109170,0.016327
1872.489083,0.016327
1869.868996,0.016327
1867.248908,0.016327
1864.628821,0.014286
1862.008734,0.014286
1859.388646,0.014286
1856.768559,0.014286
1854.148472,0.014286
1851.528384,0.014286
1848.908297,0.014286
1846.288210,0.014286
1843.668122,0.014286
1841.048035,0.014286
1838.427948,0.014286
1835.807860,0.014286
1833.187773,0.014286
1830.567686,0.014286
1827.947598,0.014286
1825.327511,0.014286
1822.707424,0.014286
1820.087336,0.016327
1817.467249,0.016327
1814.847162,0.016327
1812.227074,0.016327
1809.606987,0.016327
1806.986900,0.016327
1804.366812,0.016327
1801.746725,0.016327
1799.126638,0.016327
1796.506550,0.014286
1793.886463,0.016327
1791.266376,0.016327
1788.646288,0.014286
1786.026201,0.014286
1783.406114,0.014286
1780.786026,0.014286
1778.165939,0.014286
1775.545852,0.014286
1772.925764,0.014286
1770.305677,0.014286
1767.685590,0.014286
1765.065502,0.014286
1762.445415,0.014286
1759.825328,0.014286
1757.205240,0.014286
1754.585153,0.014286
1751.965066,0.014286
1749.344978,0.014286
1746.724891,0.014286
1744.104803,0.014286
1741.484716,0.014286
1738.864629,0.014286
1736.244541,0.016327
1733.624454,0.016327
1731.004367,0.014286
1728.384279,0.014286
1725.764192,0.014286
1723.144105,0.014286
1720.524017,0.016327
1717.903930,0.016327
1715.283843,0.014286
1712.663755,0.014286
1710.043668,0.014286
1707.423581,0.014286
1704.803493,0.014286
1702.183406,0.016327
1699.563319,0.016327
1696.943231,0.014286
1694.323144,0.012245
1691.703057,0.014286
1689.082969,0.014286
1686.462882,0.016327
1683.842795,0.016327
1681.222707,0.014286
1678.602620,0.014286
1675.982533,0.014286
1673.362445,0.014286
1670.742358,0.014286
1668.122271,0.014286
1665.502183,0.014286
1662.882096,0.014286
1660.262009,0.014286
1657.641921,0.014286
1655.021834,0.016327
1652.401747,0.016327
1649.781659,0.014286
1647.161572,0.014286
1644.541485,0.014286
1641.921397,0.014286
1639.301310,0.014286
1636.681223,0.014286
1634.061135,0.014286
1631.441048,0.014286
1628.820961,0.014286
1626.200873,0.014286
1623.580786,0.014286
1620.960699,0.014286
1618.340611,0.014286
1615.720524,0.014286
1613.100437,0.014286
1610.480349,0.014286
1607.860262,0.014286
1605.240175,0.014286
1602.620087,0.014286
1600.000000,0.014286
1597.379913,0.014286
1594.759825,0.014286
1592.139738,0.014286
1589.519651,0.014286
1586.899563,0.014286
1584.279476,0.014286
1581.659389,0.014286
1579.039301,0.014286
1576.419214,0.014286
1573.799127,0.014286
1571.179039,0.014286
1568.558952,0.014286
1565.938865,0.014286
1563.318777,0.014286
1560.698690,0.016327
1558.078603,0.016327
1555.458515,0.012245
1552.838428,0.014286
1550.218341,0.014286
1547.598253,0.016327
1544.978166,0.016327
1542.358079,0.016327
1539.737991,0.016327
1537.117904,0.014286
1534.497817,0.016327
1531.877729,0.016327
1529.257642,0.016327
1526.637555,0.018367
1524.017467,0.018367
1521.397380,0.018367
1518.777293,0.018367
1516.157205,0.018367
1513.537118,0.020408
1510.917031,0.020408
1508.296943,0.022449
1505.676856,0.022449
1503.056769,0.024490
1500.436681,0.026531
1497.816594,0.028571
1495.196507,0.030612
1492.576419,0.036735
1489.956332,0.042857
1487.336245,0.051020
1484.716157,0.055102
1482.096070,0.057143
1479.475983,0.059184
1476.855895,0.063265
1474.235808,0.075510
1471.615721,0.100000
1468.995633,0.124490
1466.375546,0.130612
1463.755459,0.130612
1461.135371,0.128571
1458.515284,0.130612
1455.895197,0.132653
1453.275109,0.134694
1450.655022,0.134694
1448.034934,0.132653
1445.414847,0.130612
1442.794760,0.126531
1440.174672,0.118367
1437.554585,0.102041
1434.934498,0.085714
1432.314410,0.069388
1429.694323,0.061224
1427.074236,0.055102
1424.454148,0.051020
1421.834061,0.048980
1419.213974,0.048980
1416.593886,0.048980
1413.973799,0.053061
1411.353712,0.055102
1408.733624,0.061224
1406.113537,0.071429
1403.493450,0.087755
1400.873362,0.114286
1398.253275,0.153061
1395.633188,0.189796
1393.013100,0.208163
1390.393013,0.214286
1387.772926,0.220408
1385.152838,0.242857
1382.532751,0.257143
1379.912664,0.257143
1377.292576,0.257143
1374.672489,0.242857
1372.052402,0.230612
1369.432314,0.226531
1366.812227,0.224490
1364.192140,0.208163
1361.572052,0.177551
1358.951965,0.140816
1356.331878,0.118367
1353.711790,0.104082
1351.091703,0.093878
1348.471616,0.085714
1345.851528,0.077551
1343.231441,0.069388
1340.611354,0.063265
1337.991266,0.061224
1335.371179,0.057143
1332.751092,0.055102
1330.131004,0.053061
1327.510917,0.051020
1324.890830,0.048980
1322.270742,0.048980
1319.650655,0.048980
1317.030568,0.048980
1314.410480,0.051020
1311.790393,0.053061
1309.170306,0.057143
1306.550218,0.061224
1303.930131,0.065306
1301.310044,0.069388
1298.689956,0.071429
1296.069869,0.071429
1293.449782,0.071429
1290.829694,0.065306
1288.209607,0.059184
1285.589520,0.055102
1282.969432,0.051020
1280.349345,0.048980
1277.729258,0.046939
1275.109170,0.048980
1272.489083,0.051020
1269.868996,0.051020
1267.248908,0.051020
1264.628821,0.048980
1262.008734,0.048980
1259.388646,0.048980
1256.768559,0.048980
1254.148472,0.048980
1251.528384,0.048980
1248.908297,0.048980
1246.288210,0.048980
1243.668122,0.048980
1241.048035,0.048980
1238.427948,0.051020
1235.807860,0.053061
1233.187773,0.055102
1230.567686,0.057143
1227.947598,0.059184
1225.327511,0.063265
1222.707424,0.067347
1220.087336,0.073469
1217.467249,0.079592
1214.847162,0.085714
1212.227074,0.093878
1209.606987,0.102041
1206.986900,0.112245
1204.366812,0.122449
1201.746725,0.134694
1199.126638,0.146939
1196.506550,0.159184
1193.886463,0.175510
1191.266376,0.193878
1188.646288,0.216327
1186.026201,0.242857
1183.406114,0.281633
1180.786026,0.334694
1178.165939,0.404082
1175.545852,0.465306
1172.925764,0.502041
1170.305677,0.506122
1167.685590,0.506122
1165.065502,0.493878
1162.445415,0.465306
1159.825328,0.438776
1157.205240,0.430612
1154.585153,0.446939
1151.965066,0.463265
1149.344978,0.481633
1146.724891,0.506122
1144.104803,0.536735
1141.484716,0.577551
1138.864629,0.620408
1136.244541,0.653061
1133.624454,0.679592
1131.004367,0.720408
1128.384279,0.775510
1125.764192,0.836735
1123.144105,0.889796
1120.524017,0.940816
1117.903930,0.975510
1115.283843,0.989796
1112.663755,0.997959
1110.043668,1.000000
1107.423581,0.997959
1104.803493,0.985714
1102.183406,0.957143
1099.563319,0.910204
1096.943231,0.859184
1094.323144,0.822449
1091.703057,0.820408
1089.082969,0.832653
1086.462882,0.840816
1083.842795,0.851020
1081.222707,0.855102
1078.602620,0.857143
1075.982533,0.857143
1073.362445,0.848980
1070.742358,0.865306
1068.122271,0.887755
1065.502183,0.908163
1062.882096,0.932653
1060.262009,0.938776
1057.641921,0.940816
1055.021834,0.940816
1052.401747,0.936735
1049.781659,0.916327
1047.161572,0.877551
1044.541485,0.832653
1041.921397,0.783673
1039.301310,0.726531
1036.681223,0.663265
1034.061135,0.587755
1031.441048,0.508163
1028.820961,0.434694
1026.200873,0.367347
1023.580786,0.310204
1020.960699,0.275510
1018.340611,0.279592
1015.720524,0.281633
1013.100437,0.277551
1010.480349,0.253061
1007.860262,0.216327
1005.240175,0.185714
1002.620087,0.163265
1000.000000,0.148980
997.379913,0.136735
994.759825,0.128571
992.139738,0.124490
989.519651,0.120408
986.899563,0.114286
984.279476,0.110204
981.659389,0.118367
979.039301,0.130612
976.419214,0.146939
973.799127,0.165306
971.179039,0.183673
968.558952,0.197959
965.938865,0.210204
963.318777,0.224490
960.698690,0.238776
958.078603,0.244898
955.458515,0.244898
952.838428,0.242857
950.218341,0.232653
947.598253,0.210204
944.978166,0.185714
942.358079,0.165306
939.737991,0.151020
937.117904,0.140816
934.497817,0.130612
931.877729,0.120408
929.257642,0.114286
926.637555,0.108163
924.017467,0.108163
921.397380,0.120408
918.777293,0.142857
916.157205,0.165306
913.537118,0.177551
910.917031,0.177551
908.296943,0.177551
905.676856,0.175510
903.056769,0.185714
900.436681,0.185714
897.816594,0.185714
895.196507,0.179592
892.576419,0.165306
889.956332,0.148980
887.336245,0.138776
884.716157,0.134694
882.096070,0.128571
879.475983,0.120408
876.855895,0.108163
874.235808,0.093878
871.615721,0.081633
868.995633,0.075510
866.375546,0.075510
863.755459,0.081633
861.135371,0.087755
858.515284,0.091837
855.895197,0.095918
853.275109,0.100000
850.655022,0.102041
848.034934,0.102041
845.414847,0.100000
842.794760,0.095918
840.174672,0.089796
837.554585,0.083673
834.934498,0.083673
832.314410,0.081633
829.694323,0.081633
827.074236,0.083673
824.454148,0.093878
821.834061,0.110204
819.213974,0.132653
816.593886,0.146939
813.973799,0.153061
811.353712,0.155102
808.733624,0.157143
806.113537,0.165306
803.493450,0.175510
800.873362,0.189796
798.253275,0.202041
795.633188,0.214286
793.013100,0.222449
790.393013,0.226531
787.772926,0.228571
785.152838,0.232653
782.532751,0.232653
779.912664,0.234694
777.292576,0.234694
774.672489,0.236735
772.052402,0.236735
769.432314,0.236735
766.812227,0.232653
764.192140,0.226531
761.572052,0.216327
758.951965,0.206122
756.331878,0.195918
753.711790,0.185714
751.091703,0.181633
748.471616,0.175510
745.851528,0.173469
743.231441,0.173469
740.611354,0.171429
737.991266,0.169388
735.371179,0.171429
732.751092,0.173469
730.131004,0.177551
727.510917,0.181633
724.890830,0.185714
722.270742,0.189796
719.650655,0.191837
717.030568,0.195918
714.410480,0.200000
711.790393,0.204082
709.170306,0.210204
706.550218,0.218367
703.930131,0.226531
701.310044,0.234694
698.689956,0.246939
696.069869,0.257143
693.449782,0.267347
690.829694,0.277551
688.209607,0.287755
685.589520,0.291837
682.969432,0.297959
680.349345,0.306122
677.729258,0.308163
675.109170,0.310204
672.489083,0.308163
669.868996,0.306122
667.248908,0.300000
664.628821,0.279592
662.008734,0.263265
659.388646,0.251020
656.768559,0.240816
654.148472,0.226531
651.528384,0.220408
648.908297,0.212245
646.288210,0.202041
643.668122,0.197959
641.048035,0.191837
638.427948,0.187755
635.807860,0.185714
633.187773,0.185714
630.567686,0.189796
627.947598,0.193878
625.327511,0.197959
622.707424,0.204082
620.087336,0.206122
617.467249,0.208163
614.847162,0.210204
612.227074,0.210204
609.606987,0.208163
606.986900,0.206122
604.366812,0.202041
601.746725,0.197959
599.126638,0.197959
596.506550,0.197959
593.886463,0.195918
591.266376,0.187755
588.646288,0.173469
586.026201,0.153061
583.406114,0.132653
580.786026,0.110204
578.165939,0.087755
575.545852,0.067347
572.925764,0.051020
570.305677,0.036735
567.685590,0.024490
565.065502,0.018367
562.445415,0.012245
559.825328,0.008163
557.205240,0.006122
554.585153,0.004082
551.965066,0.004082
549.344978,0.002041
546.724891,0.002041
544.104803,0.002041
541.484716,0.002041
538.864629,0.002041
536.244541,0.002041
533.624454,0.002041
531.004367,0.002041
528.384279,0.002041
525.764192,0.002041
523.144105,0.002041
520.524017,0.002041
517.903930,0.002041
515.283843,0.002041
512.663755,0.002041
510.043668,0.002041
507.423581,0.002041
504.803493,0.002041
502.183406,0.002041
499.563319,0.002041
496.943231,0.002041
494.323144,0.002041
491.703057,0.002041
489.082969,0.002041
486.462882,0.002041
483.842795,0.002041
481.222707,0.002041
478.602620,0.002041
475.982533,0.002041
473.362445,0.002041
470.742358,0.002041
468.122271,0.002041
465.502183,0.002041
462.882096,0.002041
460.262009,0.002041
457.641921,0.002041
455.021834,0.002041
452.401747,0.002041
449.781659,0.002041
447.161572,nan
444.541485,nan
441.921397,nan
439.301310,nan
436.681223,nan
434.061135,nan
431.441048,nan
428.820961,nan
426.200873,nan
423.580786,nan
420.960699,nan
418.340611,nan
415.720524,nan
413.100437,nan
410.480349,nan
407.860262,nan
405.240175,nan
402.620087,nan
400.000000,nan
