4000.000000,0.016327
3997.379913,0.018367
3994.759825,0.018367
3992.139738,0.018367
3989.519651,0.018367
3986.899563,0.018367
3984.279476,0.018367
3981.659389,0.018367
3979.039301,0.018367
3976.419214,0.018367
3973.799127,0.018367
3971.179039,0.018367
3968.558952,0.018367
3965.938865,0.016327
3963.318777,0.016327
3960.698690,0.018367
3958.078603,0.018367
3955.458515,0.016327
3952.838428,0.018367
3950.218341,0.018367
3947.598253,0.018367
3944.978166,0.018367
3942.358079,0.016327
3939.737991,0.016327
3937.117904,0.018367
3934.497817,0.018367
3931.877729,0.016327
3929.257642,0.016327
3926.637555,0.016327
3924.017467,0.018367
3921.397380,0.018367
3918.777293,0.016327
3916.157205,0.018367
3913.537118,0.018367
3910.917031,0.016327
3908.296943,0.016327
3905.676856,0.018367
3903.056769,0.018367
3900.436681,0.018367
3897.816594,0.018367
3895.196507,0.018367
3892.576419,0.018367
3889.956332,0.018367
3887.336245,0.018367
3884.716157,0.018367
3882.096070,0.018367
3879.475983,0.018367
3876.855895,0.018367
3874.235808,0.018367
3871.615721,0.018367
3868.995633,0.020408
3866.375546,0.020408
3863.755459,0.020408
3861.135371,0.020408
3858.515284,0.018367
3855.895197,0.018367
3853.275109,0.020408
3850.655022,0.020408
3848.034934,0.018367
3845.414847,0.016327
3842.794760,0.018367
3840.174672,0.018367
3837.554585,0.018367
3834.934498,0.018367
3832.314410,0.016327
3829.694323,0.016327
3827.074236,0.016327
3824.454148,0.016327
3821.834061,0.018367
3819.213974,0.018367
3816.593886,0.018367
3813.973799,0.018367
3811.353712,0.018367
3808.733624,0.018367
3806.113537,0.018367
3803.493450,0.018367
3800.873362,0.018367
3798.253275,0.018367
3795.633188,0.020408
3793.013100,0.020408
3790.393013,0.020408
3787.772926,0.020408
3785.152838,0.020408
3782.532751,0.020408
3779.912664,0.018367
3777.292576,0.018367
3774.672489,0.018367
3772.052402,0.018367
3769.432314,0.018367
3766.812227,0.018367
3764.192140,0.016327
3761.572052,0.016327
3758.951965,0.016327
3756.331878,0.016327
3753.711790,0.016327
3751.091703,0.018367
3748.471616,0.018367
3745.851528,0.016327
3743.231441,0.016327
3740.611354,0.016327
3737.991266,0.016327
3735.371179,0.016327
3732.751092,0.016327
3730.131004,0.016327
3727.510917,0.016327
3724.890830,0.016327
3722.270742,0.016327
3719.650655,0.016327
3717.030568,0.016327
3714.410480,0.016327
3711.790393,0.016327
3709.170306,0.016327
3706.550218,0.016327
3703.930131,0.016327
3701.310044,0.016327
3698.689956,0.016327
3696.069869,0.016327
3693.449782,0.016327
3690.829694,0.016327
3688.209607,0.016327
3685.589520,0.016327
3682.969432,0.016327
3680.349345,0.016327
3677.729258,0.016327
3675.109170,0.016327
3672.489083,0.016327
3669.868996,0.016327
3667.248908,0.016327
3664.628821,0.016327
3662.008734,0.016327
3659.388646,0.016327
3656.768559,0.016327
3654.148472,0.016327
3651.528384,0.016327
3648.908297,0.016327
3646.288210,0.016327
3643.668122,0.016327
3641.048035,0.016327
3638.427948,0.016327
3635.807860,0.016327
3633.187773,0.016327
3630.567686,0.016327
3627.947598,0.016327
3625.327511,0.016327
3622.707424,0.016327
3620.087336,0.016327
3617.467249,0.016327
3614.847162,0.016327
3612.227074,0.016327
3609.606987,0.016327
3606.986900,0.016327
3604.366812,0.016327
3601.746725,0.016327
3599.126638,0.016327
3596.506550,0.016327
3593.886463,0.016327
3591.266376,0.016327
3588.646288,0.016327
3586.026201,0.016327
3583.406114,0.016327
3580.786026,0.016327
3578.165939,0.016327
3575.545852,0.016327
3572.925764,0.016327
3570.305677,0.016327
3567.685590,0.016327
3565.065502,0.016327
3562.445415,0.016327
3559.825328,0.016327
3557.205240,0.016327
3554.585153,0.016327
3551.965066,0.016327
3549.344978,0.016327
3546.724891,0.016327
3544.104803,0.016327
3541.484716,0.016327
3538.864629,0.016327
3536.244541,0.016327
3533.624454,0.018367
3531.004367,0.018367
3528.384279,0.018367
3525.764192,0.018367
3523.144105,0.018367
3520.524017,0.018367
3517.903930,0.018367
3515.283843,0.018367
3512.663755,0.018367
3510.043668,0.018367
3507.423581,0.018367
3504.803493,0.018367
3502.183406,0.018367
3499.563319,0.018367
3496.943231,0.018367
3494.323144,0.018367
3491.703057,0.018367
3489.082969,0.018367
3486.462882,0.018367
3483.842795,0.018367
3481.222707,0.018367
3478.602620,0.018367
3475.982533,0.018367
3473.362445,0.018367
3470.742358,0.018367
3468.122271,0.018367
3465.502183,0.018367
3462.882096,0.018367
3460.262009,0.018367
3457.641921,0.018367
3455.021834,0.018367
3452.401747,0.018367
3449.781659,0.018367
3447.161572,0.018367
3444.541485,0.020408
3441.921397,0.020408
3439.301310,0.020408
3436.681223,0.020408
3434.061135,0.020408
3431.441048,0.020408
3428.820961,0.020408
3426.200873,0.020408
3423.580786,0.020408
3420.960699,0.020408
3418.340611,0.020408
3415.720524,0.020408
3413.100437,0.020408
3410.480349,0.020408
3407.860262,0.020408
3405.240175,0.020408
3402.620087,0.020408
3400.000000,0.020408
3397.379913,0.020408
3394.759825,0.020408
3392.139738,0.020408
3389.519651,0.020408
3386.899563,0.020408
3384.279476,0.020408
3381.659389,0.020408
3379.039301,0.020408
3376.419214,0.020408
3373.799127,0.020408
3371.179039,0.020408
3368.558952,0.020408
3365.938865,0.020408
3363.318777,0.020408
3360.698690,0.022449
3358.078603,0.022449
3355.458515,0.022449
3352.838428,0.022449
3350.218341,0.022449
3347.598253,0.022449
3344.978166,0.022449
3342.358079,0.022449
3339.737991,0.022449
3337.117904,0.022449
3334.497817,0.022449
3331.877729,0.022449
3329.257642,0.022449
3326.637555,0.022449
3324.017467,0.022449
3321.397380,0.022449
3318.777293,0.022449
3316.157205,0.022449
3313.537118,0.022449
3310.917031,0.022449
3308.296943,0.022449
3305.676856,0.022449
3303.056769,0.020408
3300.436681,0.020408
3297.816594,0.020408
3295.196507,0.020408
3292.576419,0.020408
3289.956332,0.020408
3287.336245,0.020408
3284.716157,0.020408
3282.096070,0.020408
3279.475983,0.020408
3276.855895,0.020408
3274.235808,0.020408
3271.615721,0.020408
3268.995633,0.020408
3266.375546,0.020408
3263.755459,0.020408
3261.135371,0.020408
3258.515284,0.020408
3255.895197,0.020408
3253.275109,0.020408
3250.655022,0.022449
3248.034934,0.022449
3245.414847,0.022449
3242.794760,0.022449
3240.174672,0.022449
3237.554585,0.022449
3234.934498,0.022449
3232.314410,0.022449
3229.694323,0.022449
3227.074236,0.022449
3224.454148,0.022449
3221.834061,0.022449
3219.213974,0.022449
3216.593886,0.024490
3213.973799,0.024490
3211.353712,0.024490
3208.733624,0.024490
3206.113537,0.024490
3203.493450,0.024490
3200.873362,0.024490
3198.253275,0.024490
3195.633188,0.024490
3193.013100,0.024490
3190.393013,0.024490
3187.772926,0.024490
3185.152838,0.024490
3182.532751,0.026531
3179.912664,0.026531
3177.292576,0.026531
3174.672489,0.026531
3172.052402,0.026531
3169.432314,0.026531
3166.812227,0.026531
3164.192140,0.026531
3161.572052,0.026531
3158.951965,0.026531
3156.331878,0.026531
3153.711790,0.026531
3151.091703,0.026531
3148.471616,0.026531
3145.851528,0.026531
3143.231441,0.026531
3140.611354,0.026531
3137.991266,0.026531
3135.371179,0.024490
3132.751092,0.024490
3130.131004,0.026531
3127.510917,0.026531
3124.890830,0.024490
3122.270742,0.024490
3119.650655,0.024490
3117.030568,0.024490
3114.410480,0.024490
3111.790393,0.024490
3109.170306,0.024490
3106.550218,0.024490
3103.930131,0.024490
3101.310044,0.024490
3098.689956,0.024490
3096.069869,0.024490
3093.449782,0.024490
3090.829694,0.024490
3088.209607,0.024490
3085.589520,0.024490
3082.969432,0.024490
3080.349345,0.024490
3077.729258,0.022449
3075.109170,0.022449
3072.489083,0.022449
3069.868996,0.022449
3067.248908,0.022449
3064.628821,0.022449
3062.008734,0.022449
3059.388646,0.022449
3056.768559,0.024490
3054.148472,0.024490
3051.528384,0.024490
3048.908297,0.024490
3046.288210,0.024490
3043.668122,0.024490
3041.048035,0.024490
3038.427948,0.026531
3035.807860,0.026531
3033.187773,0.026531
3030.567686,0.026531
3027.947598,0.028571
3025.327511,0.028571
3022.707424,0.028571
3020.087336,0.030612
3017.467249,0.032653
3014.847162,0.032653
3012.227074,0.034694
3009.606987,0.036735
3006.986900,0.038776
3004.366812,0.040816
3001.746725,0.042857
2999.126638,0.046939
2996.506550,0.051020
2993.886463,0.055102
2991.266376,0.063265
2988.646288,0.073469
2986.026201,0.085714
2983.406114,0.106122
2980.786026,0.132653
2978.165939,0.173469
2975.545852,0.236735
2972.925764,0.318367
2970.305677,0.410204
2967.685590,0.495918
2965.065502,0.565306
2962.445415,0.630612
2959.825328,0.675510
2957.205240,0.683673
2954.585153,0.681633
2951.965066,0.673469
2949.344978,0.626531
2946.724891,0.565306
2944.104803,0.548980
2941.484716,0.610204
2938.864629,0.659184
2936.244541,0.700000
2933.624454,0.757143
2931.004367,0.800000
2928.384279,0.802041
2925.764192,0.800000
2923.144105,0.736735
2920.524017,0.589796
2917.903930,0.461224
2915.283843,0.373469
2912.663755,0.314286
2910.043668,0.281633
2907.423581,0.271429
2904.803493,0.289796
2902.183406,0.312245
2899.563319,0.336735
2896.943231,0.367347
2894.323144,0.395918
2891.703057,0.418367
2889.082969,0.426531
2886.462882,0.426531
2883.842795,0.426531
2881.222707,0.418367
2878.602620,0.395918
2875.982533,0.361224
2873.362445,0.320408
2870.742358,0.306122
2868.122271,0.371429
2865.502183,0.479592
2862.882096,0.626531
2860.262009,0.767347
2857.641921,0.810204
2855.021834,0.810204
2852.401747,0.785714
2849.781659,0.642857
2847.161572,0.469388
2844.541485,0.322449
2841.921397,0.230612
2839.301310,0.169388
2836.681223,0.128571
2834.061135,0.104082
2831.441048,0.085714
2828.820961,0.073469
2826.200873,0.067347
2823.580786,0.063265
2820.960699,0.057143
2818.340611,0.055102
2815.720524,0.053061
2813.100437,0.046939
2810.480349,0.042857
2807.860262,0.040816
2805.240175,0.042857
2802.620087,0.044898
2800.000000,0.042857
2797.379913,0.040816
2794.759825,0.036735
2792.139738,0.032653
2789.519651,0.028571
2786.899563,0.026531
2784.279476,0.026531
2781.659389,0.026531
2779.039301,0.028571
2776.419214,0.030612
2773.799127,0.032653
2771.179039,0.032653
2768.558952,0.030612
2765.938865,0.026531
2763.318777,0.022449
2760.698690,0.020408
2758.078603,0.020408
2755.458515,0.020408
2752.838428,0.020408
2750.218341,0.020408
2747.598253,0.020408
2744.978166,0.022449
2742.358079,0.026531
2739.737991,0.028571
2737.117904,0.028571
2734.497817,0.026531
2731.877729,0.022449
2729.257642,0.018367
2726.637555,0.018367
2724.017467,0.018367
2721.397380,0.020408
2718.777293,0.022449
2716.157205,0.030612
2713.537118,0.038776
2710.917031,0.040816
2708.296943,0.040816
2705.676856,0.038776
2703.056769,0.032653
2700.436681,0.022449
2697.816594,0.018367
2695.196507,0.016327
2692.576419,0.014286
2689.956332,0.014286
2687.336245,0.014286
2684.716157,0.014286
2682.096070,0.014286
2679.475983,0.014286
2676.855895,0.014286
2674.235808,0.014286
2671.615721,0.014286
2668.995633,0.014286
2666.375546,0.014286
2663.755459,0.014286
2661.135371,0.014286
2658.515284,0.014286
2655.895197,0.014286
2653.275109,0.014286
2650.655022,0.016327
2648.034934,0.016327
2645.414847,0.016327
2642.794760,0.016327
2640.174672,0.016327
2637.554585,0.014286
2634.934498,0.014286
2632.314410,0.014286
2629.694323,0.014286
2627.074236,0.012245
2624.454148,0.012245
2621.834061,0.012245
2619.213974,0.012245
2616.593886,0.012245
2613.973799,0.012245
2611.353712,0.010204
2608.733624,0.010204
2606.113537,0.010204
2603.493450,0.010204
2600.873362,0.010204
2598.253275,0.010204
2595.633188,0.010204
2593.013100,0.010204
2590.393013,0.010204
2587.772926,0.010204
2585.152838,0.010204
2582.532751,0.010204
2579.912664,0.010204
2577.292576,0.010204
2574.672489,0.010204
2572.052402,0.010204
2569.432314,0.010204
2566.812227,0.010204
2564.192140,0.010204
2561.572052,0.010204
2558.951965,0.010204
2556.331878,0.010204
2553.711790,0.010204
2551.091703,0.010204
2548.471616,0.010204
2545.851528,0.010204
2543.231441,0.010204
2540.611354,0.010204
2537.991266,0.008163
2535.371179,0.008163
2532.751092,0.008163
2530.131004,0.008163
2527.510917,0.008163
2524.890830,0.008163
2522.270742,0.008163
2519.650655,0.008163
2517.030568,0.008163
2514.410480,0.008163
2511.790393,0.006122
2509.170306,0.006122
2506.550218,0.006122
2503.930131,0.008163
2501.310044,0.008163
2498.689956,0.008163
2496.069869,0.008163
2493.449782,0.008163
2490.829694,0.008163
2488.209607,0.008163
2485.589520,0.008163
2482.969432,0.008163
2480.349345,0.008163
2477.729258,0.008163
2475.109170,0.008163
2472.489083,0.008163
2469.868996,0.008163
2467.248908,0.008163
2464.628821,0.008163
2462.008734,0.008163
2459.388646,0.008163
2456.768559,0.008163
2454.148472,0.008163
2451.528384,0.008163
2448.908297,0.008163
2446.288210,0.008163
2443.668122,0.008163
2441.048035,0.008163
2438.427948,0.008163
2435.807860,0.008163
2433.187773,0.006122
2430.567686,0.006122
2427.947598,0.006122
2425.327511,0.006122
2422.707424,0.006122
2420.087336,0.008163
2417.467249,0.008163
2414.847162,0.008163
2412.227074,0.008163
2409.606987,0.008163
2406.986900,0.008163
2404.366812,0.008163
2401.746725,0.008163
2399.126638,0.008163
2396.506550,0.008163
2393.886463,0.008163
2391.266376,0.008163
2388.646288,0.008163
2386.026201,0.008163
2383.406114,0.008163
2380.786026,0.008163
2378.165939,0.008163
2375.545852,0.008163
2372.925764,0.008163
2370.305677,0.008163
2367.685590,0.008163
2365.065502,0.008163
2362.445415,0.008163
2359.825328,0.008163
2357.205240,0.008163
2354.585153,0.006122
2351.965066,0.006122
2349.344978,0.006122
2346.724891,0.006122
2344.104803,0.006122
2341.484716,0.006122
2338.864629,0.006122
2336.244541,0.006122
2333.624454,0.006122
2331.004367,0.006122
2328.384279,0.006122
2325.764192,0.006122
2323.144105,0.006122
2320.524017,0.006122
2317.903930,0.006122
2315.283843,0.006122
2312.663755,0.006122
2310.043668,0.006122
2307.423581,0.006122
2304.803493,0.008163
2302.183406,0.008163
2299.563319,0.008163
2296.943231,0.008163
2294.323144,0.008163
2291.703057,0.008163
2289.082969,0.008163
2286.462882,0.006122
2283.842795,0.006122
2281.222707,0.006122
2278.602620,0.006122
2275.982533,0.006122
2273.362445,0.006122
2270.742358,0.006122
2268.122271,0.006122
2265.502183,0.006122
2262.882096,0.006122
2260.262009,0.006122
2257.641921,0.006122
2255.021834,0.006122
2252.401747,0.006122
2249.781659,0.006122
2247.161572,0.006122
2244.541485,0.006122
2241.921397,0.006122
2239.301310,0.006122
2236.681223,0.006122
2234.061135,0.006122
2231.441048,0.006122
2228.820961,0.006122
2226.200873,0.006122
2223.580786,0.006122
2220.960699,0.006122
2218.340611,0.006122
2215.720524,0.006122
2213.100437,0.006122
2210.480349,0.006122
2207.860262,0.006122
2205.240175,0.008163
2202.620087,0.008163
2200.000000,0.008163
2197.379913,0.008163
2194.759825,0.008163
2192.139738,0.008163
2189.519651,0.010204
2186.899563,0.010204
2184.279476,0.012245
2181.659389,0.012245
2179.039301,0.012245
2176.419214,0.012245
2173.799127,0.012245
2171.179039,0.012245
2168.558952,0.014286
2165.938865,0.014286
2163.318777,0.016327
2160.698690,0.016327
2158.078603,0.018367
2155.458515,0.018367
2152.838428,0.022449
2150.218341,0.024490
2147.598253,0.026531
2144.978166,0.030612
2142.358079,0.032653
2139.737991,0.038776
2137.117904,0.042857
2134.497817,0.048980
2131.877729,0.057143
2129.257642,0.067347
2126.637555,0.077551
2124.017467,0.091837
2121.397380,0.108163
2118.777293,0.128571
2116.157205,0.155102
2113.537118,0.189796
2110.917031,0.234694
2108.296943,0.291837
2105.676856,0.361224
2103.056769,0.448980
2100.436681,0.534694
2097.816594,0.595918
2095.196507,0.606122
2092.576419,0.606122
2089.956332,0.585714
2087.336245,0.504082
2084.716157,0.389796
2082.096070,0.283673
2079.475983,0.202041
2076.855895,0.146939
2074.235808,0.106122
2071.615721,0.079592
2068.995633,0.061224
2066.375546,0.048980
2063.755459,0.038776
2061.135371,0.030612
2058.515284,0.026531
2055.895197,0.022449
2053.275109,0.018367
2050.655022,0.016327
2048.034934,0.014286
2045.414847,0.014286
2042.794760,0.012245
2040.174672,0.012245
2037.554585,0.010204
2034.934498,0.010204
2032.314410,0.008163
2029.694323,0.008163
2027.074236,0.008163
2024.454148,0.006122
2021.834061,0.006122
2019.213974,0.006122
2016.593886,0.006122
2013.973799,0.006122
2011.353712,0.006122
2008.733624,0.006122
2006.113537,0.006122
2003.493450,0.006122
2000.873362,0.006122
1998.253275,0.006122
1995.633188,0.004082
1993.013100,0.004082
1990.393013,0.004082
1987.772926,0.004082
1985.152838,0.004082
1982.532751,0.004082
1979.912664,0.004082
1977.292576,0.006122
1974.672489,0.006122
1972.052402,0.006122
1969.432314,0.006122
1966.812227,0.006122
1964.192140,0.004082
1961.572052,0.004082
1958.951965,0.004082
1956.331878,0.004082
1953.711790,0.004082
1951.091703,0.004082
1948.471616,0.004082
1945.851528,0.004082
1943.231441,0.004082
1940.611354,0.004082
1937.991266,0.004082
1935.371179,0.004082
1932.751092,0.004082
1930.131004,0.004082
1927.510917,0.004082
1924.890830,0.004082
1922.270742,0.004082
1919.650655,0.004082
1917.030568,0.004082
1914.410480,0.004082
1911.790393,0.004082
1909.170306,0.004082
1906.550218,0.004082
1903.930131,0.002041
1901.310044,0.002041
1898.689956,0.002041
1896.069869,0.004082
1893.449782,0.004082
1890.829694,0.004082
1888.209607,0.004082
1885.589520,0.002041
1882.969432,0.002041
1880.349345,0.002041
1877.729258,0.002041
1875.109170,0.004082
1872.489083,0.004082
1869.868996,0.002041
1867.248908,0.002041
1864.628821,0.002041
1862.008734,0.002041
1859.388646,0.004082
1856.768559,0.004082
1854.148472,0.004082
1851.528384,0.004082
1848.908297,0.002041
1846.288210,0.004082
1843.668122,0.004082
1841.048035,0.002041
1838.427948,0.004082
1835.807860,0.004082
1833.187773,0.004082
1830.567686,0.004082
1827.947598,0.004082
1825.327511,0.004082
1822.707424,0.004082
1820.087336,0.004082
1817.467249,0.004082
1814.847162,0.004082
1812.227074,0.004082
1809.606987,0.004082
1806.986900,0.004082
1804.366812,0.004082
1801.746725,0.004082
1799.126638,0.004082
1796.506550,0.004082
1793.886463,0.004082
1791.266376,0.004082
1788.646288,0.004082
1786.026201,0.004082
1783.406114,0.004082
1780.786026,0.004082
1778.165939,0.004082
1775.545852,0.004082
1772.925764,0.004082
1770.305677,0.004082
1767.685590,0.004082
1765.065502,0.004082
1762.445415,0.004082
1759.825328,0.004082
1757.205240,0.004082
1754.585153,0.004082
1751.965066,0.004082
1749.344978,0.006122
1746.724891,0.006122
1744.104803,0.006122
1741.484716,0.006122
1738.864629,0.006122
1736.244541,0.006122
1733.624454,0.006122
1731.004367,0.004082
1728.384279,0.004082
1725.764192,0.004082
1723.144105,0.004082
1720.524017,0.004082
1717.903930,0.004082
1715.283843,0.004082
1712.663755,0.002041
1710.043668,0.004082
1707.423581,0.004082
1704.803493,0.004082
1702.183406,0.004082
1699.563319,0.004082
1696.943231,0.002041
1694.323144,0.002041
1691.703057,0.004082
1689.082969,0.004082
1686.462882,0.004082
1683.842795,0.004082
1681.222707,0.004082
1678.602620,0.006122
1675.982533,0.006122
1673.362445,0.006122
1670.742358,0.006122
1668.122271,0.006122
1665.502183,0.006122
1662.882096,0.006122
1660.262009,0.006122
1657.641921,0.006122
1655.021834,0.006122
1652.401747,0.006122
1649.781659,0.004082
1647.161572,0.004082
1644.541485,0.004082
1641.921397,0.004082
1639.301310,0.004082
1636.681223,0.004082
1634.061135,0.004082
1631.441048,0.004082
1628.820961,0.004082
1626.200873,0.004082
1623.580786,0.004082
1620.960699,0.004082
1618.340611,0.004082
1615.720524,0.004082
1613.100437,0.004082
1610.480349,0.004082
1607.860262,0.004082
1605.240175,0.004082
1602.620087,0.004082
1600.000000,0.004082
1597.379913,0.006122
1594.759825,0.006122
1592.139738,0.006122
1589.519651,0.006122
1586.899563,0.006122
1584.279476,0.006122
1581.659389,0.006122
1579.039301,0.006122
1576.419214,0.006122
1573.799127,0.004082
1571.179039,0.004082
1568.558952,0.004082
1565.938865,0.004082
1563.318777,0.004082
1560.698690,0.004082
1558.078603,0.004082
1555.458515,0.004082
1552.838428,0.004082
1550.218341,0.006122
1547.598253,0.006122
1544.978166,0.006122
1542.358079,0.006122
1539.737991,0.006122
1537.117904,0.004082
1534.497817,0.006122
1531.877729,0.006122
1529.257642,0.006122
1526.637555,0.006122
1524.017467,0.006122
1521.397380,0.006122
1518.777293,0.006122
1516.157205,0.008163
1513.537118,0.008163
1510.917031,0.010204
1508.296943,0.012245
1505.676856,0.012245
1503.056769,0.014286
1500.436681,0.018367
1497.816594,0.020408
1495.196507,0.020408
1492.576419,0.024490
1489.956332,0.028571
1487.336245,0.036735
1484.716157,0.051020
1482.096070,0.077551
1479.475983,0.130612
1476.855895,0.222449
1474.235808,0.338776
1471.615721,0.426531
1468.995633,0.434694
1466.375546,0.434694
1463.755459,0.406122
1461.135371,0.314286
1458.515284,0.224490
1455.895197,0.161224
1453.275109,0.116327
1450.655022,0.089796
1448.034934,0.079592
1445.414847,0.077551
1442.794760,0.075510
1440.174672,0.071429
1437.554585,0.061224
1434.934498,0.048980
1432.314410,0.042857
1429.694323,0.038776
1427.074236,0.034694
1424.454148,0.036735
1421.834061,0.040816
1419.213974,0.042857
1416.593886,0.044898
1413.973799,0.042857
1411.353712,0.040816
1408.733624,0.036735
1406.113537,0.034694
1403.493450,0.032653
1400.873362,0.032653
1398.253275,0.042857
1395.633188,0.055102
1393.013100,0.075510
1390.393013,0.104082
1387.772926,0.108163
1385.152838,0.108163
1382.532751,0.087755
1379.912664,0.059184
1377.292576,0.040816
1374.672489,0.038776
1372.052402,0.057143
1369.432314,0.114286
1366.812227,0.200000
1364.192140,0.206122
1361.572052,0.206122
1358.951965,0.151020
1356.331878,0.073469
1353.711790,0.036735
1351.091703,0.020408
1348.471616,0.014286
1345.851528,0.010204
1343.231441,0.010204
1340.611354,0.008163
1337.991266,0.008163
1335.371179,0.006122
1332.751092,0.006122
1330.131004,0.006122
1327.510917,0.006122
1324.890830,0.004082
1322.270742,0.004082
1319.650655,0.004082
1317.030568,0.004082
1314.410480,0.004082
1311.790393,0.004082
1309.170306,0.004082
1306.550218,0.004082
1303.930131,0.004082
1301.310044,0.004082
1298.689956,0.004082
1296.069869,0.006122
1293.449782,0.006122
1290.829694,0.006122
1288.209607,0.008163
1285.589520,0.010204
1282.969432,0.010204
1280.349345,0.010204
1277.729258,0.012245
1275.109170,0.012245
1272.489083,0.014286
1269.868996,0.016327
1267.248908,0.022449
1264.628821,0.034694
1262.008734,0.059184
1259.388646,0.116327
1256.768559,0.220408
1254.148472,0.263265
1251.528384,0.263265
1248.908297,0.240816
1246.288210,0.138776
1243.668122,0.073469
1241.048035,0.042857
1238.427948,0.030612
1235.807860,0.022449
1233.187773,0.018367
1230.567686,0.014286
1227.947598,0.012245
1225.327511,0.010204
1222.707424,0.010204
1220.087336,0.010204
1217.467249,0.010204
1214.847162,0.010204
1212.227074,0.010204
1209.606987,0.010204
1206.986900,0.010204
1204.366812,0.012245
1201.746725,0.014286
1199.126638,0.016327
1196.506550,0.016327
1193.886463,0.016327
1191.266376,0.016327
1188.646288,0.016327
1186.026201,0.016327
1183.406114,0.016327
1180.786026,0.014286
1178.165939,0.014286
1175.545852,0.016327
1172.925764,0.016327
1170.305677,0.014286
1167.685590,0.014286
1165.065502,0.012245
1162.445415,0.012245
1159.825328,0.012245
1157.205240,0.012245
1154.585153,0.014286
1151.965066,0.014286
1149.344978,0.014286
1146.724891,0.014286
1144.104803,0.014286
1141.484716,0.012245
1138.864629,0.014286
1136.244541,0.014286
1133.624454,0.014286
1131.004367,0.014286
1128.384279,0.014286
1125.764192,0.014286
1123.144105,0.014286
1120.524017,0.014286
1117.903930,0.014286
1115.283843,0.014286
1112.663755,0.014286
1110.043668,0.014286
1107.423581,0.014286
1104.803493,0.014286
1102.183406,0.014286
1099.563319,0.014286
1096.943231,0.014286
1094.323144,0.014286
1091.703057,0.014286
1089.082969,0.016327
1086.462882,0.016327
1083.842795,0.016327
1081.222707,0.016327
1078.602620,0.016327
1075.982533,0.016327
1073.362445,0.018367
1070.742358,0.018367
1068.122271,0.018367
1065.502183,0.018367
1062.882096,0.018367
1060.262009,0.020408
1057.641921,0.022449
1055.021834,0.024490
1052.401747,0.026531
1049.781659,0.028571
1047.161572,0.030612
1044.541485,0.030612
1041.921397,0.030612
1039.301310,0.030612
1036.681223,0.028571
1034.061135,0.026531
1031.441048,0.024490
1028.820961,0.026531
1026.200873,0.030612
1023.580786,0.034694
1020.960699,0.046939
1018.340611,0.077551
1015.720524,0.120408
1013.100437,0.126531
1010.480349,0.126531
1007.860262,0.112245
1005.240175,0.110204
1002.620087,0.110204
1000.000000,0.100000
997.379913,0.055102
994.759825,0.028571
992.139738,0.018367
989.519651,0.012245
986.899563,0.010204
984.279476,0.010204
981.659389,0.008163
979.039301,0.008163
976.419214,0.008163
973.799127,0.006122
971.179039,0.008163
968.558952,0.008163
965.938865,0.008163
963.318777,0.008163
960.698690,0.010204
958.078603,0.010204
955.458515,0.012245
952.838428,0.016327
950.218341,0.020408
947.598253,0.028571
944.978166,0.044898
942.358079,0.063265
939.737991,0.071429
937.117904,0.073469
934.497817,0.073469
931.877729,0.069388
929.257642,0.051020
926.637555,0.032653
924.017467,0.022449
921.397380,0.018367
918.777293,0.016327
916.157205,0.016327
913.537118,0.018367
910.917031,0.020408
908.296943,0.022449
905.676856,0.026531
903.056769,0.032653
900.436681,0.038776
897.816594,0.046939
895.196507,0.055102
892.576419,0.065306
889.956332,0.077551
887.336245,0.097959
884.716157,0.138776
882.096070,0.210204
879.475983,0.336735
876.855895,0.524490
874.235808,0.608163
871.615721,0.608163
868.995633,0.597959
866.375546,0.471429
863.755459,0.330612
861.135371,0.251020
858.515284,0.214286
855.895197,0.224490
853.275109,0.269388
850.655022,0.342857
848.034934,0.461224
845.414847,0.630612
842.794760,0.844898
840.174672,0.987755
837.554585,1.000000
834.934498,0.997959
832.314410,0.918367
829.694323,0.712245
827.074236,0.540816
824.454148,0.448980
821.834061,0.404082
819.213974,0.316327
816.593886,0.212245
813.973799,0.142857
811.353712,0.104082
808.733624,0.079592
806.113537,0.063265
803.493450,0.051020
800.873362,0.040816
798.253275,0.032653
795.633188,0.026531
793.013100,0.022449
790.393013,0.018367
787.772926,0.016327
785.152838,0.014286
782.532751,0.012245
779.912664,0.012245
777.292576,0.010204
774.672489,0.010204
772.052402,0.008163
769.432314,0.008163
766.812227,0.010204
764.192140,0.010204
761.572052,0.012245
758.951965,0.016327
756.331878,0.018367
753.711790,0.022449
751.091703,0.022449
748.471616,0.022449
745.851528,0.024490
743.231441,0.028571
740.611354,0.036735
737.991266,0.048980
735.371179,0.073469
732.751092,0.118367
730.131004,0.210204
727.510917,0.367347
724.890830,0.481633
722.270742,0.481633
719.650655,0.473469
717.030568,0.344898
714.410480,0.210204
711.790393,0.122449
709.170306,0.073469
706.550218,0.046939
703.930131,0.030612
701.310044,0.022449
698.689956,0.016327
696.069869,0.012245
693.449782,0.010204
690.829694,0.008163
688.209607,0.006122
685.589520,0.004082
682.969432,0.004082
680.349345,0.004082
677.729258,0.008163
675.109170,0.012245
672.489083,0.016327
669.868996,0.018367
667.248908,0.018367
664.628821,0.016327
662.008734,0.010204
659.388646,0.008163
656.768559,0.006122
654.148472,0.004082
651.528384,0.004082
648.908297,0.004082
646.288210,0.004082
643.668122,0.004082
641.048035,0.004082
638.427948,0.004082
635.807860,0.006122
633.187773,0.008163
630.567686,0.008163
627.947598,0.010204
625.327511,0.014286
622.707424,0.018367
620.087336,0.022449
617.467249,0.032653
614.847162,0.044898
612.227074,0.059184
609.606987,0.061224
606.986900,0.059184
604.366812,0.051020
601.746725,0.038776
599.126638,0.030612
596.506550,0.026531
593.886463,0.026531
591.266376,0.024490
588.646288,0.022449
586.026201,0.020408
583.406114,0.018367
580.786026,0.014286
578.165939,0.012245
575.545852,0.010204
572.925764,0.008163
570.305677,0.006122
567.685590,0.004082
565.065502,0.004082
562.445415,0.004082
559.825328,0.004082
557.205240,0.002041
554.585153,0.002041
551.965066,0.002041
549.344978,0.002041
546.724891,0.002041
544.104803,0.002041
541.484716,0.002041
538.864629,0.002041
536.244541,0.002041
533.624454,0.002041
531.004367,0.002041
528.384279,0.002041
525.764192,0.002041
523.144105,0.002041
520.524017,0.002041
517.903930,0.002041
515.283843,0.002041
512.663755,0.002041
510.043668,0.002041
507.423581,0.002041
504.803493,0.002041
502.183406,0.002041
499.563319,0.002041
496.943231,0.002041
494.323144,0.002041
491.703057,0.002041
489.082969,0.002041
486.462882,0.002041
483.842795,0.002041
481.222707,0.002041
478.602620,0.002041
475.982533,0.002041
473.362445,0.002041
470.742358,0.002041
468.122271,0.002041
465.502183,0.002041
462.882096,0.002041
460.262009,0.002041
457.641921,0.002041
455.021834,0.002041
452.401747,0.002041
449.781659,0.002041
447.161572,nan
444.541485,nan
441.921397,nan
439.301310,nan
436.681223,nan
434.061135,nan
431.441048,nan
428.820961,nan
426.200873,nan
423.580786,nan
420.960699,nan
418.340611,nan
415.720524,nan
413.100437,nan
410.480349,nan
407.860262,nan
405.240175,nan
402.620087,nan
400.000000,nan
