4000.000000,0.016327
3997.379913,0.016327
3994.759825,0.016327
3992.139738,0.016327
3989.519651,0.016327
3986.899563,0.016327
3984.279476,0.016327
3981.659389,0.016327
3979.039301,0.016327
3976.419214,0.016327
3973.799127,0.016327
3971.179039,0.016327
3968.558952,0.016327
3965.938865,0.016327
3963.318777,0.016327
3960.698690,0.016327
3958.078603,0.016327
3955.458515,0.016327
3952.838428,0.016327
3950.218341,0.016327
3947.598253,0.016327
3944.978166,0.016327
3942.358079,0.016327
3939.737991,0.016327
3937.117904,0.016327
3934.497817,0.016327
3931.877729,0.016327
3929.257642,0.016327
3926.637555,0.016327
3924.017467,0.016327
3921.397380,0.016327
3918.777293,0.016327
3916.157205,0.016327
3913.537118,0.016327
3910.917031,0.016327
3908.296943,0.016327
3905.676856,0.016327
3903.056769,0.016327
3900.436681,0.016327
3897.816594,0.016327
3895.196507,0.016327
3892.576419,0.016327
3889.956332,0.016327
3887.336245,0.016327
3884.716157,0.016327
3882.096070,0.018367
3879.475983,0.018367
3876.855895,0.018367
3874.235808,0.018367
3871.615721,0.018367
3868.995633,0.018367
3866.375546,0.018367
3863.755459,0.020408
3861.135371,0.020408
3858.515284,0.020408
3855.895197,0.020408
3853.275109,0.020408
3850.655022,0.018367
3848.034934,0.020408
3845.414847,0.020408
3842.794760,0.020408
3840.174672,0.020408
3837.554585,0.018367
3834.934498,0.018367
3832.314410,0.018367
3829.694323,0.016327
3827.074236,0.016327
3824.454148,0.016327
3821.834061,0.016327
3819.213974,0.014286
3816.593886,0.014286
3813.973799,0.014286
3811.353712,0.016327
3808.733624,0.016327
3806.113537,0.016327
3803.493450,0.014286
3800.873362,0.014286
3798.253275,0.016327
3795.633188,0.016327
3793.013100,0.016327
3790.393013,0.016327
3787.772926,0.016327
3785.152838,0.016327
3782.532751,0.016327
3779.912664,0.016327
3777.292576,0.014286
3774.672489,0.014286
3772.052402,0.014286
3769.432314,0.014286
3766.812227,0.014286
3764.192140,0.014286
3761.572052,0.014286
3758.951965,0.014286
3756.331878,0.014286
3753.711790,0.014286
3751.091703,0.014286
3748.471616,0.014286
3745.851528,0.014286
3743.231441,0.014286
3740.611354,0.014286
3737.991266,0.014286
3735.371179,0.014286
3732.751092,0.012245
3730.131004,0.012245
3727.510917,0.014286
3724.890830,0.014286
3722.270742,0.014286
3719.650655,0.014286
3717.030568,0.012245
3714.410480,0.012245
3711.790393,0.012245
3709.170306,0.012245
3706.550218,0.014286
3703.930131,0.014286
3701.310044,0.014286
3698.689956,0.014286
3696.069869,0.014286
3693.449782,0.014286
3690.829694,0.014286
3688.209607,0.014286
3685.589520,0.014286
3682.969432,0.014286
3680.349345,0.014286
3677.729258,0.014286
3675.109170,0.014286
3672.489083,0.014286
3669.868996,0.014286
3667.248908,0.014286
3664.628821,0.014286
3662.008734,0.014286
3659.388646,0.014286
3656.768559,0.014286
3654.148472,0.014286
3651.528384,0.014286
3648.908297,0.014286
3646.288210,0.014286
3643.668122,0.014286
3641.048035,0.014286
3638.427948,0.014286
3635.807860,0.014286
3633.187773,0.014286
3630.567686,0.014286
3627.947598,0.014286
3625.327511,0.014286
3622.707424,0.014286
3620.087336,0.014286
3617.467249,0.014286
3614.847162,0.014286
3612.227074,0.014286
3609.606987,0.014286
3606.986900,0.014286
3604.366812,0.014286
3601.746725,0.014286
3599.126638,0.014286
3596.506550,0.014286
3593.886463,0.014286
3591.266376,0.014286
3588.646288,0.014286
3586.026201,0.014286
3583.406114,0.014286
3580.786026,0.014286
3578.165939,0.014286
3575.545852,0.014286
3572.925764,0.014286
3570.305677,0.014286
3567.685590,0.014286
3565.065502,0.014286
3562.445415,0.014286
3559.825328,0.016327
3557.205240,0.016327
3554.585153,0.014286
3551.965066,0.016327
3549.344978,0.016327
3546.724891,0.016327
3544.104803,0.016327
3541.484716,0.016327
3538.864629,0.016327
3536.244541,0.016327
3533.624454,0.016327
3531.004367,0.016327
3528.384279,0.016327
3525.764192,0.016327
3523.144105,0.016327
3520.524017,0.016327
3517.903930,0.016327
3515.283843,0.016327
3512.663755,0.016327
3510.043668,0.016327
3507.423581,0.016327
3504.803493,0.016327
3502.183406,0.016327
3499.563319,0.016327
3496.943231,0.016327
3494.323144,0.016327
3491.703057,0.016327
3489.082969,0.018367
3486.462882,0.018367
3483.842795,0.016327
3481.222707,0.016327
3478.602620,0.018367
3475.982533,0.018367
3473.362445,0.018367
3470.742358,0.018367
3468.122271,0.018367
3465.502183,0.018367
3462.882096,0.018367
3460.262009,0.018367
3457.641921,0.018367
3455.021834,0.018367
3452.401747,0.018367
3449.781659,0.018367
3447.161572,0.018367
3444.541485,0.018367
3441.921397,0.018367
3439.301310,0.020408
3436.681223,0.020408
3434.061135,0.020408
3431.441048,0.020408
3428.820961,0.020408
3426.200873,0.020408
3423.580786,0.020408
3420.960699,0.020408
3418.340611,0.020408
3415.720524,0.020408
3413.100437,0.020408
3410.480349,0.020408
3407.860262,0.020408
3405.240175,0.020408
3402.620087,0.020408
3400.000000,0.020408
3397.379913,0.020408
3394.759825,0.020408
3392.139738,0.020408
3389.519651,0.020408
3386.899563,0.020408
3384.279476,0.020408
3381.659389,0.020408
3379.039301,0.020408
3376.419214,0.020408
3373.799127,0.020408
3371.179039,0.020408
3368.558952,0.020408
3365.938865,0.020408
3363.318777,0.020408
3360.698690,0.020408
3358.078603,0.020408
3355.458515,0.020408
3352.838428,0.020408
3350.218341,0.020408
3347.598253,0.020408
3344.978166,0.020408
3342.358079,0.020408
3339.737991,0.020408
3337.117904,0.020408
3334.497817,0.020408
3331.877729,0.020408
3329.257642,0.020408
3326.637555,0.020408
3324.017467,0.020408
3321.397380,0.020408
3318.777293,0.020408
3316.157205,0.020408
3313.537118,0.020408
3310.917031,0.020408
3308.296943,0.020408
3305.676856,0.020408
3303.056769,0.020408
3300.436681,0.020408
3297.816594,0.020408
3295.196507,0.020408
3292.576419,0.020408
3289.956332,0.020408
3287.336245,0.020408
3284.716157,0.020408
3282.096070,0.020408
3279.475983,0.020408
3276.855895,0.020408
3274.235808,0.020408
3271.615721,0.020408
3268.995633,0.020408
3266.375546,0.020408
3263.755459,0.020408
3261.135371,0.020408
3258.515284,0.020408
3255.895197,0.020408
3253.275109,0.020408
3250.655022,0.020408
3248.034934,0.020408
3245.414847,0.020408
3242.794760,0.020408
3240.174672,0.020408
3237.554585,0.022449
3234.934498,0.022449
3232.314410,0.022449
3229.694323,0.022449
3227.074236,0.022449
3224.454148,0.022449
3221.834061,0.022449
3219.213974,0.022449
3216.593886,0.022449
3213.973799,0.022449
3211.353712,0.022449
3208.733624,0.024490
3206.113537,0.024490
3203.493450,0.024490
3200.873362,0.024490
3198.253275,0.026531
3195.633188,0.026531
3193.013100,0.026531
3190.393013,0.028571
3187.772926,0.028571
3185.152838,0.028571
3182.532751,0.028571
3179.912664,0.028571
3177.292576,0.030612
3174.672489,0.030612
3172.052402,0.030612
3169.432314,0.030612
3166.812227,0.030612
3164.192140,0.030612
3161.572052,0.028571
3158.951965,0.028571
3156.331878,0.028571
3153.711790,0.028571
3151.091703,0.028571
3148.471616,0.028571
3145.851528,0.028571
3143.231441,0.026531
3140.611354,0.026531
3137.991266,0.026531
3135.371179,0.026531
3132.751092,0.026531
3130.131004,0.026531
3127.510917,0.026531
3124.890830,0.026531
3122.270742,0.026531
3119.650655,0.026531
3117.030568,0.026531
3114.410480,0.024490
3111.790393,0.024490
3109.170306,0.024490
3106.550218,0.024490
3103.930131,0.024490
3101.310044,0.024490
3098.689956,0.024490
3096.069869,0.024490
3093.449782,0.024490
3090.829694,0.024490
3088.209607,0.024490
3085.589520,0.022449
3082.969432,0.022449
3080.349345,0.022449
3077.729258,0.022449
3075.109170,0.022449
3072.489083,0.022449
3069.868996,0.022449
3067.248908,0.022449
3064.628821,0.022449
3062.008734,0.022449
3059.388646,0.022449
3056.768559,0.022449
3054.148472,0.022449
3051.528384,0.022449
3048.908297,0.024490
3046.288210,0.024490
3043.668122,0.024490
3041.048035,0.024490
3038.427948,0.026531
3035.807860,0.026531
3033.187773,0.026531
3030.567686,0.028571
3027.947598,0.028571
3025.327511,0.030612
3022.707424,0.030612
3020.087336,0.032653
3017.467249,0.032653
3014.847162,0.034694
3012.227074,0.036735
3009.606987,0.038776
3006.986900,0.040816
3004.366812,0.044898
3001.746725,0.048980
2999.126638,0.053061
2996.506550,0.059184
2993.886463,0.067347
2991.266376,0.079592
2988.646288,0.093878
2986.026201,0.118367
2983.406114,0.155102
2980.786026,0.206122
2978.165939,0.281633
2975.545852,0.385714
2972.925764,0.497959
2970.305677,0.593878
2967.685590,0.653061
2965.065502,0.689796
2962.445415,0.744898
2959.825328,0.828571
2957.205240,0.906122
2954.585153,0.928571
2951.965066,0.928571
2949.344978,0.912245
2946.724891,0.789796
2944.104803,0.626531
2941.484716,0.508163
2938.864629,0.451020
2936.244541,0.475510
2933.624454,0.487755
2931.004367,0.487755
2928.384279,0.483673
2925.764192,0.455102
2923.144105,0.406122
2920.524017,0.348980
2917.903930,0.302041
2915.283843,0.265306
2912.663755,0.242857
2910.043668,0.228571
2907.423581,0.224490
2904.803493,0.238776
2902.183406,0.257143
2899.563319,0.273469
2896.943231,0.277551
2894.323144,0.277551
2891.703057,0.271429
2889.082969,0.255102
2886.462882,0.242857
2883.842795,0.279592
2881.222707,0.342857
2878.602620,0.446939
2875.982533,0.591837
2873.362445,0.695918
2870.742358,0.704082
2868.122271,0.702041
2865.502183,0.628571
2862.882096,0.469388
2860.262009,0.351020
2857.641921,0.269388
2855.021834,0.210204
2852.401747,0.169388
2849.781659,0.140816
2847.161572,0.120408
2844.541485,0.102041
2841.921397,0.085714
2839.301310,0.071429
2836.681223,0.059184
2834.061135,0.053061
2831.441048,0.048980
2828.820961,0.044898
2826.200873,0.040816
2823.580786,0.038776
2820.960699,0.036735
2818.340611,0.036735
2815.720524,0.036735
2813.100437,0.034694
2810.480349,0.034694
2807.860262,0.032653
2805.240175,0.028571
2802.620087,0.024490
2800.000000,0.022449
2797.379913,0.020408
2794.759825,0.020408
2792.139738,0.018367
2789.519651,0.018367
2786.899563,0.016327
2784.279476,0.016327
2781.659389,0.016327
2779.039301,0.016327
2776.419214,0.016327
2773.799127,0.016327
2771.179039,0.018367
2768.558952,0.020408
2765.938865,0.022449
2763.318777,0.022449
2760.698690,0.020408
2758.078603,0.018367
2755.458515,0.018367
2752.838428,0.016327
2750.218341,0.016327
2747.598253,0.016327
2744.978166,0.018367
2742.358079,0.020408
2739.737991,0.024490
2737.117904,0.028571
2734.497817,0.032653
2731.877729,0.032653
2729.257642,0.030612
2726.637555,0.028571
2724.017467,0.026531
2721.397380,0.024490
2718.777293,0.022449
2716.157205,0.020408
2713.537118,0.016327
2710.917031,0.014286
2708.296943,0.014286
2705.676856,0.014286
2703.056769,0.014286
2700.436681,0.014286
2697.816594,0.012245
2695.196507,0.012245
2692.576419,0.012245
2689.956332,0.012245
2687.336245,0.012245
2684.716157,0.012245
2682.096070,0.012245
2679.475983,0.010204
2676.855895,0.010204
2674.235808,0.010204
2671.615721,0.010204
2668.995633,0.010204
2666.375546,0.010204
2663.755459,0.010204
2661.135371,0.010204
2658.515284,0.008163
2655.895197,0.010204
2653.275109,0.010204
2650.655022,0.010204
2648.034934,0.010204
2645.414847,0.010204
2642.794760,0.010204
2640.174672,0.010204
2637.554585,0.010204
2634.934498,0.010204
2632.314410,0.010204
2629.694323,0.010204
2627.074236,0.012245
2624.454148,0.012245
2621.834061,0.012245
2619.213974,0.010204
2616.593886,0.010204
2613.973799,0.010204
2611.353712,0.010204
2608.733624,0.010204
2606.113537,0.010204
2603.493450,0.008163
2600.873362,0.008163
2598.253275,0.008163
2595.633188,0.008163
2593.013100,0.008163
2590.393013,0.008163
2587.772926,0.008163
2585.152838,0.008163
2582.532751,0.008163
2579.912664,0.008163
2577.292576,0.008163
2574.672489,0.008163
2572.052402,0.008163
2569.432314,0.008163
2566.812227,0.008163
2564.192140,0.008163
2561.572052,0.008163
2558.951965,0.008163
2556.331878,0.008163
2553.711790,0.008163
2551.091703,0.010204
2548.471616,0.010204
2545.851528,0.010204
2543.231441,0.010204
2540.611354,0.010204
2537.991266,0.010204
2535.371179,0.010204
2532.751092,0.010204
2530.131004,0.010204
2527.510917,0.010204
2524.890830,0.010204
2522.270742,0.010204
2519.650655,0.010204
2517.030568,0.010204
2514.410480,0.010204
2511.790393,0.008163
2509.170306,0.008163
2506.550218,0.008163
2503.930131,0.008163
2501.310044,0.008163
2498.689956,0.008163
2496.069869,0.008163
2493.449782,0.008163
2490.829694,0.008163
2488.209607,0.006122
2485.589520,0.006122
2482.969432,0.006122
2480.349345,0.008163
2477.729258,0.008163
2475.109170,0.008163
2472.489083,0.008163
2469.868996,0.008163
2467.248908,0.008163
2464.628821,0.008163
2462.008734,0.008163
2459.388646,0.008163
2456.768559,0.008163
2454.148472,0.008163
2451.528384,0.010204
2448.908297,0.010204
2446.288210,0.010204
2443.668122,0.010204
2441.048035,0.008163
2438.427948,0.008163
2435.807860,0.008163
2433.187773,0.008163
2430.567686,0.008163
2427.947598,0.008163
2425.327511,0.008163
2422.707424,0.008163
2420.087336,0.008163
2417.467249,0.008163
2414.847162,0.008163
2412.227074,0.008163
2409.606987,0.008163
2406.986900,0.008163
2404.366812,0.008163
2401.746725,0.008163
2399.126638,0.008163
2396.506550,0.008163
2393.886463,0.008163
2391.266376,0.008163
2388.646288,0.008163
2386.026201,0.008163
2383.406114,0.008163
2380.786026,0.008163
2378.165939,0.008163
2375.545852,0.008163
2372.925764,0.008163
2370.305677,0.008163
2367.685590,0.008163
2365.065502,0.008163
2362.445415,0.008163
2359.825328,0.008163
2357.205240,0.008163
2354.585153,0.006122
2351.965066,0.006122
2349.344978,0.008163
2346.724891,0.008163
2344.104803,0.008163
2341.484716,0.008163
2338.864629,0.008163
2336.244541,0.008163
2333.624454,0.008163
2331.004367,0.006122
2328.384279,0.006122
2325.764192,0.006122
2323.144105,0.006122
2320.524017,0.006122
2317.903930,0.006122
2315.283843,0.006122
2312.663755,0.006122
2310.043668,0.006122
2307.423581,0.006122
2304.803493,0.006122
2302.183406,0.006122
2299.563319,0.006122
2296.943231,0.006122
2294.323144,0.008163
2291.703057,0.008163
2289.082969,0.008163
2286.462882,0.008163
2283.842795,0.008163
2281.222707,0.006122
2278.602620,0.006122
2275.982533,0.006122
2273.362445,0.006122
2270.742358,0.006122
2268.122271,0.008163
2265.502183,0.008163
2262.882096,0.008163
2260.262009,0.008163
2257.641921,0.008163
2255.021834,0.008163
2252.401747,0.010204
2249.781659,0.010204
2247.161572,0.012245
2244.541485,0.012245
2241.921397,0.012245
2239.301310,0.010204
2236.681223,0.010204
2234.061135,0.010204
2231.441048,0.010204
2228.820961,0.008163
2226.200873,0.008163
2223.580786,0.008163
2220.960699,0.008163
2218.340611,0.006122
2215.720524,0.006122
2213.100437,0.006122
2210.480349,0.006122
2207.860262,0.006122
2205.240175,0.006122
2202.620087,0.006122
2200.000000,0.006122
2197.379913,0.006122
2194.759825,0.006122
2192.139738,0.006122
2189.519651,0.004082
2186.899563,0.006122
2184.279476,0.006122
2181.659389,0.006122
2179.039301,0.006122
2176.419214,0.006122
2173.799127,0.006122
2171.179039,0.006122
2168.558952,0.006122
2165.938865,0.006122
2163.318777,0.006122
2160.698690,0.006122
2158.078603,0.006122
2155.458515,0.004082
2152.838428,0.004082
2150.218341,0.004082
2147.598253,0.004082
2144.978166,0.006122
2142.358079,0.006122
2139.737991,0.006122
2137.117904,0.006122
2134.497817,0.006122
2131.877729,0.006122
2129.257642,0.006122
2126.637555,0.006122
2124.017467,0.006122
2121.397380,0.006122
2118.777293,0.006122
2116.157205,0.006122
2113.537118,0.006122
2110.917031,0.006122
2108.296943,0.004082
2105.676856,0.004082
2103.056769,0.004082
2100.436681,0.004082
2097.816594,0.004082
2095.196507,0.004082
2092.576419,0.004082
2089.956332,0.004082
2087.336245,0.004082
2084.716157,0.004082
2082.096070,0.004082
2079.475983,0.004082
2076.855895,0.004082
2074.235808,0.004082
2071.615721,0.004082
2068.995633,0.004082
2066.375546,0.004082
2063.755459,0.004082
2061.135371,0.004082
2058.515284,0.004082
2055.895197,0.004082
2053.275109,0.004082
2050.655022,0.004082
2048.034934,0.004082
2045.414847,0.004082
2042.794760,0.004082
2040.174672,0.004082
2037.554585,0.004082
2034.934498,0.004082
2032.314410,0.004082
2029.694323,0.004082
2027.074236,0.004082
2024.454148,0.004082
2021.834061,0.004082
2019.213974,0.004082
2016.593886,0.004082
2013.973799,0.004082
2011.353712,0.004082
2008.733624,0.004082
2006.113537,0.004082
2003.493450,0.004082
2000.873362,0.004082
1998.253275,0.004082
1995.633188,0.004082
1993.013100,0.004082
1990.393013,0.004082
1987.772926,0.004082
1985.152838,0.004082
1982.532751,0.004082
1979.912664,0.004082
1977.292576,0.004082
1974.672489,0.004082
1972.052402,0.004082
1969.432314,0.004082
1966.812227,0.004082
1964.192140,0.004082
1961.572052,0.004082
1958.951965,0.004082
1956.331878,0.004082
1953.711790,0.004082
1951.091703,0.004082
1948.471616,0.004082
1945.851528,0.004082
1943.231441,0.004082
1940.611354,0.006122
1937.991266,0.006122
1935.371179,0.006122
1932.751092,0.006122
1930.131004,0.006122
1927.510917,0.006122
1924.890830,0.006122
1922.270742,0.006122
1919.650655,0.006122
1917.030568,0.006122
1914.410480,0.006122
1911.790393,0.006122
1909.170306,0.006122
1906.550218,0.006122
1903.930131,0.006122
1901.310044,0.006122
1898.689956,0.006122
1896.069869,0.006122
1893.449782,0.006122
1890.829694,0.006122
1888.209607,0.004082
1885.589520,0.004082
1882.969432,0.004082
1880.349345,0.004082
1877.729258,0.004082
1875.109170,0.004082
1872.489083,0.004082
1869.868996,0.004082
1867.248908,0.004082
1864.628821,0.004082
1862.008734,0.004082
1859.388646,0.004082
1856.768559,0.004082
1854.148472,0.004082
1851.528384,0.004082
1848.908297,0.004082
1846.288210,0.004082
1843.668122,0.004082
1841.048035,0.004082
1838.427948,0.004082
1835.807860,0.004082
1833.187773,0.004082
1830.567686,0.004082
1827.947598,0.004082
1825.327511,0.004082
1822.707424,0.004082
1820.087336,0.004082
1817.467249,0.004082
1814.847162,0.004082
1812.227074,0.004082
1809.606987,0.004082
1806.986900,0.004082
1804.366812,0.004082
1801.746725,0.004082
1799.126638,0.004082
1796.506550,0.004082
1793.886463,0.004082
1791.266376,0.004082
1788.646288,0.004082
1786.026201,0.004082
1783.406114,0.004082
1780.786026,0.004082
1778.165939,0.004082
1775.545852,0.004082
1772.925764,0.004082
1770.305677,0.002041
1767.685590,0.004082
1765.065502,0.004082
1762.445415,0.004082
1759.825328,0.004082
1757.205240,0.004082
1754.585153,0.004082
1751.965066,0.004082
1749.344978,0.004082
1746.724891,0.004082
1744.104803,0.004082
1741.484716,0.004082
1738.864629,0.004082
1736.244541,0.004082
1733.624454,0.004082
1731.004367,0.004082
1728.384279,0.006122
1725.764192,0.006122
1723.144105,0.006122
1720.524017,0.006122
1717.903930,0.006122
1715.283843,0.006122
1712.663755,0.006122
1710.043668,0.006122
1707.423581,0.008163
1704.803493,0.008163
1702.183406,0.008163
1699.563319,0.006122
1696.943231,0.006122
1694.323144,0.008163
1691.703057,0.008163
1689.082969,0.008163
1686.462882,0.008163
1683.842795,0.008163
1681.222707,0.008163
1678.602620,0.008163
1675.982533,0.008163
1673.362445,0.008163
1670.742358,0.008163
1668.122271,0.008163
1665.502183,0.008163
1662.882096,0.008163
1660.262009,0.008163
1657.641921,0.008163
1655.021834,0.008163
1652.401747,0.006122
1649.781659,0.008163
1647.161572,0.008163
1644.541485,0.008163
1641.921397,0.008163
1639.301310,0.008163
1636.681223,0.008163
1634.061135,0.008163
1631.441048,0.008163
1628.820961,0.008163
1626.200873,0.008163
1623.580786,0.008163
1620.960699,0.008163
1618.340611,0.008163
1615.720524,0.006122
1613.100437,0.008163
1610.480349,0.008163
1607.860262,0.006122
1605.240175,0.006122
1602.620087,0.006122
1600.000000,0.006122
1597.379913,0.006122
1594.759825,0.006122
1592.139738,0.006122
1589.519651,0.006122
1586.899563,0.006122
1584.279476,0.006122
1581.659389,0.006122
1579.039301,0.006122
1576.419214,0.006122
1573.799127,0.006122
1571.179039,0.008163
1568.558952,0.008163
1565.938865,0.008163
1563.318777,0.008163
1560.698690,0.008163
1558.078603,0.006122
1555.458515,0.008163
1552.838428,0.008163
1550.218341,0.008163
1547.598253,0.008163
1544.978166,0.008163
1542.358079,0.008163
1539.737991,0.008163
1537.117904,0.010204
1534.497817,0.010204
1531.877729,0.010204
1529.257642,0.010204
1526.637555,0.010204
1524.017467,0.010204
1521.397380,0.010204
1518.777293,0.012245
1516.157205,0.012245
1513.537118,0.012245
1510.917031,0.014286
1508.296943,0.014286
1505.676856,0.014286
1503.056769,0.016327
1500.436681,0.018367
1497.816594,0.020408
1495.196507,0.022449
1492.576419,0.026531
1489.956332,0.032653
1487.336245,0.040816
1484.716157,0.053061
1482.096070,0.073469
1479.475983,0.104082
1476.855895,0.163265
1474.235808,0.273469
1471.615721,0.436735
1468.995633,0.569388
1466.375546,0.591837
1463.755459,0.589796
1461.135371,0.540816
1458.515284,0.402041
1455.895197,0.295918
1453.275109,0.236735
1450.655022,0.193878
1448.034934,0.159184
1445.414847,0.128571
1442.794760,0.095918
1440.174672,0.073469
1437.554585,0.061224
1434.934498,0.051020
1432.314410,0.046939
1429.694323,0.042857
1427.074236,0.040816
1424.454148,0.036735
1421.834061,0.032653
1419.213974,0.030612
1416.593886,0.030612
1413.973799,0.030612
1411.353712,0.032653
1408.733624,0.032653
1406.113537,0.034694
1403.493450,0.034694
1400.873362,0.036735
1398.253275,0.044898
1395.633188,0.063265
1393.013100,0.102041
1390.393013,0.138776
1387.772926,0.144898
1385.152838,0.144898
1382.532751,0.128571
1379.912664,0.081633
1377.292576,0.048980
1374.672489,0.069388
1372.052402,0.110204
1369.432314,0.114286
1366.812227,0.114286
1364.192140,0.100000
1361.572052,0.059184
1358.951965,0.028571
1356.331878,0.016327
1353.711790,0.012245
1351.091703,0.010204
1348.471616,0.010204
1345.851528,0.010204
1343.231441,0.008163
1340.611354,0.008163
1337.991266,0.008163
1335.371179,0.008163
1332.751092,0.008163
1330.131004,0.008163
1327.510917,0.008163
1324.890830,0.006122
1322.270742,0.006122
1319.650655,0.006122
1317.030568,0.008163
1314.410480,0.008163
1311.790393,0.008163
1309.170306,0.008163
1306.550218,0.008163
1303.930131,0.006122
1301.310044,0.008163
1298.689956,0.008163
1296.069869,0.008163
1293.449782,0.010204
1290.829694,0.010204
1288.209607,0.014286
1285.589520,0.018367
1282.969432,0.022449
1280.349345,0.024490
1277.729258,0.024490
1275.109170,0.022449
1272.489083,0.018367
1269.868996,0.016327
1267.248908,0.020408
1264.628821,0.024490
1262.008734,0.028571
1259.388646,0.028571
1256.768559,0.028571
1254.148472,0.034694
1251.528384,0.044898
1248.908297,0.051020
1246.288210,0.051020
1243.668122,0.051020
1241.048035,0.044898
1238.427948,0.034694
1235.807860,0.026531
1233.187773,0.020408
1230.567686,0.016327
1227.947598,0.012245
1225.327511,0.010204
1222.707424,0.008163
1220.087336,0.008163
1217.467249,0.006122
1214.847162,0.006122
1212.227074,0.006122
1209.606987,0.006122
1206.986900,0.006122
1204.366812,0.006122
1201.746725,0.006122
1199.126638,0.006122
1196.506550,0.006122
1193.886463,0.006122
1191.266376,0.006122
1188.646288,0.006122
1186.026201,0.006122
1183.406114,0.008163
1180.786026,0.008163
1178.165939,0.008163
1175.545852,0.010204
1172.925764,0.010204
1170.305677,0.014286
1167.685590,0.016327
1165.065502,0.016327
1162.445415,0.016327
1159.825328,0.016327
1157.205240,0.014286
1154.585153,0.014286
1151.965066,0.014286
1149.344978,0.014286
1146.724891,0.014286
1144.104803,0.014286
1141.484716,0.016327
1138.864629,0.016327
1136.244541,0.016327
1133.624454,0.018367
1131.004367,0.018367
1128.384279,0.020408
1125.764192,0.020408
1123.144105,0.022449
1120.524017,0.024490
1117.903930,0.026531
1115.283843,0.028571
1112.663755,0.028571
1110.043668,0.030612
1107.423581,0.032653
1104.803493,0.032653
1102.183406,0.034694
1099.563319,0.034694
1096.943231,0.036735
1094.323144,0.036735
1091.703057,0.038776
1089.082969,0.040816
1086.462882,0.048980
1083.842795,0.061224
1081.222707,0.085714
1078.602620,0.102041
1075.982533,0.104082
1073.362445,0.104082
1070.742358,0.104082
1068.122271,0.102041
1065.502183,0.100000
1062.882096,0.095918
1060.262009,0.081633
1057.641921,0.061224
1055.021834,0.048980
1052.401747,0.042857
1049.781659,0.038776
1047.161572,0.038776
1044.541485,0.036735
1041.921397,0.036735
1039.301310,0.036735
1036.681223,0.036735
1034.061135,0.038776
1031.441048,0.042857
1028.820961,0.046939
1026.200873,0.053061
1023.580786,0.055102
1020.960699,0.061224
1018.340611,0.075510
1015.720524,0.091837
1013.100437,0.104082
1010.480349,0.106122
1007.860262,0.128571
1005.240175,0.191837
1002.620087,0.289796
1000.000000,0.310204
997.379913,0.310204
994.759825,0.285714
992.139738,0.193878
989.519651,0.120408
986.899563,0.085714
984.279476,0.061224
981.659389,0.040816
979.039301,0.028571
976.419214,0.022449
973.799127,0.018367
971.179039,0.018367
968.558952,0.016327
965.938865,0.014286
963.318777,0.012245
960.698690,0.012245
958.078603,0.012245
955.458515,0.012245
952.838428,0.012245
950.218341,0.010204
947.598253,0.010204
944.978166,0.010204
942.358079,0.012245
939.737991,0.016327
937.117904,0.022449
934.497817,0.032653
931.877729,0.053061
929.257642,0.085714
926.637555,0.110204
924.017467,0.112245
921.397380,0.110204
918.777293,0.085714
916.157205,0.051020
913.537118,0.030612
910.917031,0.024490
908.296943,0.026531
905.676856,0.032653
903.056769,0.044898
900.436681,0.059184
897.816594,0.081633
895.196507,0.108163
892.576419,0.153061
889.956332,0.238776
887.336245,0.381633
884.716157,0.491837
882.096070,0.491837
879.475983,0.487755
876.855895,0.381633
874.235808,0.232653
871.615721,0.130612
868.995633,0.079592
866.375546,0.048980
863.755459,0.034694
861.135371,0.024490
858.515284,0.018367
855.895197,0.014286
853.275109,0.010204
850.655022,0.010204
848.034934,0.008163
845.414847,0.008163
842.794760,0.006122
840.174672,0.006122
837.554585,0.008163
834.934498,0.008163
832.314410,0.008163
829.694323,0.008163
827.074236,0.010204
824.454148,0.010204
821.834061,0.012245
819.213974,0.012245
816.593886,0.014286
813.973799,0.014286
811.353712,0.016327
808.733624,0.020408
806.113537,0.020408
803.493450,0.022449
800.873362,0.022449
798.253275,0.022449
795.633188,0.022449
793.013100,0.020408
790.393013,0.018367
787.772926,0.016327
785.152838,0.012245
782.532751,0.010204
779.912664,0.008163
777.292576,0.006122
774.672489,0.006122
772.052402,0.004082
769.432314,0.004082
766.812227,0.004082
764.192140,0.004082
761.572052,0.004082
758.951965,0.004082
756.331878,0.006122
753.711790,0.006122
751.091703,0.008163
748.471616,0.008163
745.851528,0.010204
743.231441,0.010204
740.611354,0.010204
737.991266,0.010204
735.371179,0.010204
732.751092,0.010204
730.131004,0.010204
727.510917,0.010204
724.890830,0.010204
722.270742,0.012245
719.650655,0.014286
717.030568,0.018367
714.410480,0.022449
711.790393,0.026531
709.170306,0.036735
706.550218,0.051020
703.930131,0.071429
701.310044,0.110204
698.689956,0.173469
696.069869,0.253061
693.449782,0.312245
690.829694,0.336735
688.209607,0.387755
685.589520,0.493878
682.969432,0.528571
680.349345,0.528571
677.729258,0.504082
675.109170,0.385714
672.489083,0.283673
669.868996,0.234694
667.248908,0.234694
664.628821,0.334694
662.008734,0.546939
659.388646,0.885714
656.768559,0.997959
654.148472,1.000000
651.528384,0.936735
648.908297,0.620408
646.288210,0.416327
643.668122,0.285714
641.048035,0.208163
638.427948,0.163265
635.807860,0.222449
633.187773,0.316327
630.567686,0.336735
627.947598,0.336735
625.327511,0.314286
622.707424,0.224490
620.087336,0.142857
617.467249,0.095918
614.847162,0.071429
612.227074,0.053061
609.606987,0.044898
606.986900,0.040816
604.366812,0.046939
601.746725,0.055102
599.126638,0.055102
596.506550,0.055102
593.886463,0.053061
591.266376,0.051020
588.646288,0.046939
586.026201,0.042857
583.406114,0.036735
580.786026,0.030612
578.165939,0.024490
575.545852,0.018367
572.925764,0.014286
570.305677,0.010204
567.685590,0.008163
565.065502,0.006122
562.445415,0.004082
559.825328,0.004082
557.205240,0.004082
554.585153,0.002041
551.965066,0.002041
549.344978,0.002041
546.724891,0.002041
544.104803,0.002041
541.484716,0.002041
538.864629,0.002041
536.244541,0.002041
533.624454,0.002041
531.004367,0.002041
528.384279,0.002041
525.764192,0.002041
523.144105,0.002041
520.524017,0.002041
517.903930,0.002041
515.283843,0.002041
512.663755,0.002041
510.043668,0.002041
507.423581,0.002041
504.803493,0.002041
502.183406,0.002041
499.563319,0.002041
496.943231,0.002041
494.323144,0.002041
491.703057,0.002041
489.082969,0.002041
486.462882,0.002041
483.842795,0.002041
481.222707,0.002041
478.602620,0.002041
475.982533,0.002041
473.362445,0.002041
470.742358,0.002041
468.122271,0.002041
465.502183,0.002041
462.882096,0.002041
460.262009,0.002041
457.641921,0.002041
455.021834,0.002041
452.401747,0.002041
449.781659,0.002041
447.161572,nan
444.541485,nan
441.921397,nan
439.301310,nan
436.681223,nan
434.061135,nan
431.441048,nan
428.820961,nan
426.200873,nan
423.580786,nan
420.960699,nan
418.340611,nan
415.720524,nan
413.100437,nan
410.480349,nan
407.860262,nan
405.240175,nan
402.620087,nan
400.000000,nan
