4000.000000,0.008163
3997.379913,0.010204
3994.759825,0.010204
3992.139738,0.008163
3989.519651,0.008163
3986.899563,0.008163
3984.279476,0.010204
3981.659389,0.010204
3979.039301,0.010204
3976.419214,0.008163
3973.799127,0.008163
3971.179039,0.008163
3968.558952,0.008163
3965.938865,0.008163
3963.318777,0.008163
3960.698690,0.008163
3958.078603,0.008163
3955.458515,0.008163
3952.838428,0.008163
3950.218341,0.008163
3947.598253,0.008163
3944.978166,0.008163
3942.358079,0.008163
3939.737991,0.008163
3937.117904,0.008163
3934.497817,0.008163
3931.877729,0.008163
3929.257642,0.008163
3926.637555,0.008163
3924.017467,0.008163
3921.397380,0.008163
3918.777293,0.008163
3916.157205,0.008163
3913.537118,0.008163
3910.917031,0.008163
3908.296943,0.008163
3905.676856,0.008163
3903.056769,0.008163
3900.436681,0.008163
3897.816594,0.008163
3895.196507,0.008163
3892.576419,0.008163
3889.956332,0.008163
3887.336245,0.008163
3884.716157,0.008163
3882.096070,0.008163
3879.475983,0.008163
3876.855895,0.008163
3874.235808,0.008163
3871.615721,0.008163
3868.995633,0.008163
3866.375546,0.008163
3863.755459,0.008163
3861.135371,0.008163
3858.515284,0.008163
3855.895197,0.008163
3853.275109,0.010204
3850.655022,0.010204
3848.034934,0.008163
3845.414847,0.008163
3842.794760,0.008163
3840.174672,0.010204
3837.554585,0.010204
3834.934498,0.010204
3832.314410,0.008163
3829.694323,0.008163
3827.074236,0.010204
3824.454148,0.010204
3821.834061,0.010204
3819.213974,0.012245
3816.593886,0.010204
3813.973799,0.010204
3811.353712,0.012245
3808.733624,0.012245
3806.113537,0.012245
3803.493450,0.012245
3800.873362,0.014286
3798.253275,0.014286
3795.633188,0.012245
3793.013100,0.012245
3790.393013,0.012245
3787.772926,0.012245
3785.152838,0.012245
3782.532751,0.012245
3779.912664,0.012245
3777.292576,0.012245
3774.672489,0.012245
3772.052402,0.012245
3769.432314,0.012245
3766.812227,0.014286
3764.192140,0.014286
3761.572052,0.014286
3758.951965,0.014286
3756.331878,0.014286
3753.711790,0.014286
3751.091703,0.014286
3748.471616,0.014286
3745.851528,0.014286
3743.231441,0.014286
3740.611354,0.014286
3737.991266,0.014286
3735.371179,0.014286
3732.751092,0.014286
3730.131004,0.014286
3727.510917,0.012245
3724.890830,0.014286
3722.270742,0.014286
3719.650655,0.014286
3717.030568,0.014286
3714.410480,0.014286
3711.790393,0.014286
3709.170306,0.014286
3706.550218,0.014286
3703.930131,0.014286
3701.310044,0.014286
3698.689956,0.014286
3696.069869,0.012245
3693.449782,0.012245
3690.829694,0.012245
3688.209607,0.012245
3685.589520,0.012245
3682.969432,0.010204
3680.349345,0.012245
3677.729258,0.012245
3675.109170,0.012245
3672.489083,0.012245
3669.868996,0.012245
3667.248908,0.012245
3664.628821,0.014286
3662.008734,0.014286
3659.388646,0.016327
3656.768559,0.016327
3654.148472,0.016327
3651.528384,0.018367
3648.908297,0.018367
3646.288210,0.018367
3643.668122,0.016327
3641.048035,0.016327
3638.427948,0.016327
3635.807860,0.016327
3633.187773,0.016327
3630.567686,0.018367
3627.947598,0.018367
3625.327511,0.018367
3622.707424,0.016327
3620.087336,0.014286
3617.467249,0.014286
3614.847162,0.014286
3612.227074,0.014286
3609.606987,0.014286
3606.986900,0.014286
3604.366812,0.014286
3601.746725,0.014286
3599.126638,0.016327
3596.506550,0.016327
3593.886463,0.016327
3591.266376,0.016327
3588.646288,0.016327
3586.026201,0.016327
3583.406114,0.016327
3580.786026,0.016327
3578.165939,0.016327
3575.545852,0.018367
3572.925764,0.018367
3570.305677,0.018367
3567.685590,0.018367
3565.065502,0.018367
3562.445415,0.018367
3559.825328,0.016327
3557.205240,0.016327
3554.585153,0.016327
3551.965066,0.016327
3549.344978,0.016327
3546.724891,0.016327
3544.104803,0.016327
3541.484716,0.016327
3538.864629,0.016327
3536.244541,0.016327
3533.624454,0.016327
3531.004367,0.018367
3528.384279,0.018367
3525.764192,0.018367
3523.144105,0.018367
3520.524017,0.018367
3517.903930,0.018367
3515.283843,0.018367
3512.663755,0.018367
3510.043668,0.018367
3507.423581,0.018367
3504.803493,0.018367
3502.183406,0.018367
3499.563319,0.018367
3496.943231,0.018367
3494.323144,0.018367
3491.703057,0.018367
3489.082969,0.018367
3486.462882,0.018367
3483.842795,0.020408
3481.222707,0.018367
3478.602620,0.020408
3475.982533,0.018367
3473.362445,0.018367
3470.742358,0.020408
3468.122271,0.020408
3465.502183,0.020408
3462.882096,0.020408
3460.262009,0.020408
3457.641921,0.020408
3455.021834,0.020408
3452.401747,0.020408
3449.781659,0.020408
3447.161572,0.020408
3444.541485,0.020408
3441.921397,0.020408
3439.301310,0.020408
3436.681223,0.020408
3434.061135,0.020408
3431.441048,0.020408
3428.820961,0.020408
3426.200873,0.020408
3423.580786,0.020408
3420.960699,0.020408
3418.340611,0.020408
3415.720524,0.020408
3413.100437,0.020408
3410.480349,0.020408
3407.860262,0.020408
3405.240175,0.020408
3402.620087,0.020408
3400.000000,0.020408
3397.379913,0.020408
3394.759825,0.020408
3392.139738,0.020408
3389.519651,0.020408
3386.899563,0.020408
3384.279476,0.020408
3381.659389,0.020408
3379.039301,0.020408
3376.419214,0.020408
3373.799127,0.020408
3371.179039,0.020408
3368.558952,0.020408
3365.938865,0.020408
3363.318777,0.020408
3360.698690,0.020408
3358.078603,0.020408
3355.458515,0.020408
3352.838428,0.020408
3350.218341,0.020408
3347.598253,0.020408
3344.978166,0.020408
3342.358079,0.020408
3339.737991,0.020408
3337.117904,0.020408
3334.497817,0.020408
3331.877729,0.020408
3329.257642,0.020408
3326.637555,0.020408
3324.017467,0.020408
3321.397380,0.020408
3318.777293,0.020408
3316.157205,0.020408
3313.537118,0.020408
3310.917031,0.020408
3308.296943,0.020408
3305.676856,0.020408
3303.056769,0.020408
3300.436681,0.020408
3297.816594,0.020408
3295.196507,0.020408
3292.576419,0.020408
3289.956332,0.020408
3287.336245,0.020408
3284.716157,0.020408
3282.096070,0.020408
3279.475983,0.020408
3276.855895,0.020408
3274.235808,0.020408
3271.615721,0.020408
3268.995633,0.020408
3266.375546,0.020408
3263.755459,0.020408
3261.135371,0.020408
3258.515284,0.020408
3255.895197,0.020408
3253.275109,0.020408
3250.655022,0.020408
3248.034934,0.020408
3245.414847,0.020408
3242.794760,0.020408
3240.174672,0.022449
3237.554585,0.020408
3234.934498,0.020408
3232.314410,0.020408
3229.694323,0.020408
3227.074236,0.020408
3224.454148,0.020408
3221.834061,0.020408
3219.213974,0.022449
3216.593886,0.022449
3213.973799,0.022449
3211.353712,0.022449
3208.733624,0.022449
3206.113537,0.022449
3203.493450,0.022449
3200.873362,0.022449
3198.253275,0.022449
3195.633188,0.022449
3193.013100,0.022449
3190.393013,0.022449
3187.772926,0.022449
3185.152838,0.022449
3182.532751,0.022449
3179.912664,0.022449
3177.292576,0.022449
3174.672489,0.022449
3172.052402,0.022449
3169.432314,0.022449
3166.812227,0.022449
3164.192140,0.022449
3161.572052,0.022449
3158.951965,0.022449
3156.331878,0.022449
3153.711790,0.022449
3151.091703,0.022449
3148.471616,0.022449
3145.851528,0.022449
3143.231441,0.022449
3140.611354,0.022449
3137.991266,0.022449
3135.371179,0.024490
3132.751092,0.024490
3130.131004,0.024490
3127.510917,0.024490
3124.890830,0.026531
3122.270742,0.026531
3119.650655,0.026531
3117.030568,0.026531
3114.410480,0.026531
3111.790393,0.028571
3109.170306,0.028571
3106.550218,0.028571
3103.930131,0.028571
3101.310044,0.028571
3098.689956,0.030612
3096.069869,0.030612
3093.449782,0.030612
3090.829694,0.034694
3088.209607,0.038776
3085.589520,0.046939
3082.969432,0.055102
3080.349345,0.061224
3077.729258,0.061224
3075.109170,0.059184
3072.489083,0.053061
3069.868996,0.044898
3067.248908,0.040816
3064.628821,0.040816
3062.008734,0.040816
3059.388646,0.040816
3056.768559,0.038776
3054.148472,0.036735
3051.528384,0.034694
3048.908297,0.032653
3046.288210,0.032653
3043.668122,0.030612
3041.048035,0.030612
3038.427948,0.030612
3035.807860,0.032653
3033.187773,0.032653
3030.567686,0.032653
3027.947598,0.032653
3025.327511,0.032653
3022.707424,0.032653
3020.087336,0.032653
3017.467249,0.032653
3014.847162,0.034694
3012.227074,0.034694
3009.606987,0.038776
3006.986900,0.044898
3004.366812,0.048980
3001.746725,0.051020
2999.126638,0.051020
2996.506550,0.051020
2993.886463,0.051020
2991.266376,0.055102
2988.646288,0.059184
2986.026201,0.069388
2983.406114,0.081633
2980.786026,0.102041
2978.165939,0.126531
2975.545852,0.153061
2972.925764,0.185714
2970.305677,0.236735
2967.685590,0.314286
2965.065502,0.404082
2962.445415,0.491837
2959.825328,0.540816
2957.205240,0.540816
2954.585153,0.538776
2951.965066,0.483673
2949.344978,0.377551
2946.724891,0.273469
2944.104803,0.204082
2941.484716,0.159184
2938.864629,0.126531
2936.244541,0.104082
2933.624454,0.089796
2931.004367,0.081633
2928.384279,0.075510
2925.764192,0.073469
2923.144105,0.075510
2920.524017,0.077551
2917.903930,0.077551
2915.283843,0.075510
2912.663755,0.073469
2910.043668,0.079592
2907.423581,0.089796
2904.803493,0.100000
2902.183406,0.108163
2899.563319,0.110204
2896.943231,0.108163
2894.323144,0.106122
2891.703057,0.097959
2889.082969,0.087755
2886.462882,0.079592
2883.842795,0.073469
2881.222707,0.067347
2878.602620,0.061224
2875.982533,0.055102
2873.362445,0.048980
2870.742358,0.042857
2868.122271,0.038776
2865.502183,0.034694
2862.882096,0.032653
2860.262009,0.032653
2857.641921,0.030612
2855.021834,0.030612
2852.401747,0.028571
2849.781659,0.028571
2847.161572,0.028571
2844.541485,0.028571
2841.921397,0.028571
2839.301310,0.028571
2836.681223,0.028571
2834.061135,0.028571
2831.441048,0.026531
2828.820961,0.026531
2826.200873,0.026531
2823.580786,0.024490
2820.960699,0.024490
2818.340611,0.024490
2815.720524,0.024490
2813.100437,0.024490
2810.480349,0.024490
2807.860262,0.024490
2805.240175,0.024490
2802.620087,0.024490
2800.000000,0.024490
2797.379913,0.024490
2794.759825,0.022449
2792.139738,0.022449
2789.519651,0.022449
2786.899563,0.020408
2784.279476,0.018367
2781.659389,0.018367
2779.039301,0.016327
2776.419214,0.016327
2773.799127,0.016327
2771.179039,0.014286
2768.558952,0.014286
2765.938865,0.014286
2763.318777,0.012245
2760.698690,0.012245
2758.078603,0.012245
2755.458515,0.012245
2752.838428,0.010204
2750.218341,0.010204
2747.598253,0.010204
2744.978166,0.010204
2742.358079,0.010204
2739.737991,0.010204
2737.117904,0.010204
2734.497817,0.010204
2731.877729,0.010204
2729.257642,0.010204
2726.637555,0.008163
2724.017467,0.008163
2721.397380,0.008163
2718.777293,0.008163
2716.157205,0.008163
2713.537118,0.008163
2710.917031,0.008163
2708.296943,0.008163
2705.676856,0.008163
2703.056769,0.008163
2700.436681,0.008163
2697.816594,0.008163
2695.196507,0.008163
2692.576419,0.008163
2689.956332,0.008163
2687.336245,0.008163
2684.716157,0.008163
2682.096070,0.008163
2679.475983,0.008163
2676.855895,0.008163
2674.235808,0.008163
2671.615721,0.008163
2668.995633,0.008163
2666.375546,0.008163
2663.755459,0.008163
2661.135371,0.008163
2658.515284,0.008163
2655.895197,0.008163
2653.275109,0.008163
2650.655022,0.008163
2648.034934,0.008163
2645.414847,0.008163
2642.794760,0.008163
2640.174672,0.008163
2637.554585,0.008163
2634.934498,0.008163
2632.314410,0.006122
2629.694323,0.006122
2627.074236,0.006122
2624.454148,0.006122
2621.834061,0.006122
2619.213974,0.006122
2616.593886,0.006122
2613.973799,0.006122
2611.353712,0.006122
2608.733624,0.006122
2606.113537,0.006122
2603.493450,0.006122
2600.873362,0.006122
2598.253275,0.006122
2595.633188,0.006122
2593.013100,0.006122
2590.393013,0.006122
2587.772926,0.006122
2585.152838,0.006122
2582.532751,0.006122
2579.912664,0.006122
2577.292576,0.006122
2574.672489,0.006122
2572.052402,0.006122
2569.432314,0.006122
2566.812227,0.006122
2564.192140,0.006122
2561.572052,0.006122
2558.951965,0.006122
2556.331878,0.006122
2553.711790,0.006122
2551.091703,0.006122
2548.471616,0.006122
2545.851528,0.006122
2543.231441,0.006122
2540.611354,0.006122
2537.991266,0.006122
2535.371179,0.006122
2532.751092,0.006122
2530.131004,0.006122
2527.510917,0.006122
2524.890830,0.006122
2522.270742,0.006122
2519.650655,0.006122
2517.030568,0.006122
2514.410480,0.006122
2511.790393,0.006122
2509.170306,0.006122
2506.550218,0.006122
2503.930131,0.006122
2501.310044,0.006122
2498.689956,0.006122
2496.069869,0.006122
2493.449782,0.008163
2490.829694,0.008163
2488.209607,0.008163
2485.589520,0.008163
2482.969432,0.008163
2480.349345,0.006122
2477.729258,0.006122
2475.109170,0.006122
2472.489083,0.006122
2469.868996,0.006122
2467.248908,0.006122
2464.628821,0.006122
2462.008734,0.006122
2459.388646,0.006122
2456.768559,0.006122
2454.148472,0.006122
2451.528384,0.006122
2448.908297,0.006122
2446.288210,0.006122
2443.668122,0.006122
2441.048035,0.006122
2438.427948,0.006122
2435.807860,0.006122
2433.187773,0.006122
2430.567686,0.006122
2427.947598,0.006122
2425.327511,0.006122
2422.707424,0.006122
2420.087336,0.006122
2417.467249,0.006122
2414.847162,0.006122
2412.227074,0.006122
2409.606987,0.006122
2406.986900,0.006122
2404.366812,0.004082
2401.746725,0.004082
2399.126638,0.006122
2396.506550,0.006122
2393.886463,0.006122
2391.266376,0.006122
2388.646288,0.006122
2386.026201,0.006122
2383.406114,0.006122
2380.786026,0.006122
2378.165939,0.006122
2375.545852,0.006122
2372.925764,0.004082
2370.305677,0.004082
2367.685590,0.004082
2365.065502,0.004082
2362.445415,0.004082
2359.825328,0.004082
2357.205240,0.004082
2354.585153,0.002041
2351.965066,0.002041
2349.344978,0.004082
2346.724891,0.004082
2344.104803,0.004082
2341.484716,0.004082
2338.864629,0.004082
2336.244541,0.004082
2333.624454,0.004082
2331.004367,0.004082
2328.384279,0.004082
2325.764192,0.004082
2323.144105,0.004082
2320.524017,0.004082
2317.903930,0.004082
2315.283843,0.004082
2312.663755,0.004082
2310.043668,0.004082
2307.423581,0.004082
2304.803493,0.004082
2302.183406,0.004082
2299.563319,0.006122
2296.943231,0.006122
2294.323144,0.006122
2291.703057,0.006122
2289.082969,0.006122
2286.462882,0.006122
2283.842795,0.006122
2281.222707,0.006122
2278.602620,0.006122
2275.982533,0.006122
2273.362445,0.006122
2270.742358,0.006122
2268.122271,0.006122
2265.502183,0.006122
2262.882096,0.006122
2260.262009,0.006122
2257.641921,0.006122
2255.021834,0.006122
2252.401747,0.006122
2249.781659,0.006122
2247.161572,0.006122
2244.541485,0.006122
2241.921397,0.006122
2239.301310,0.006122
2236.681223,0.006122
2234.061135,0.006122
2231.441048,0.006122
2228.820961,0.006122
2226.200873,0.006122
2223.580786,0.006122
2220.960699,0.006122
2218.340611,0.006122
2215.720524,0.006122
2213.100437,0.006122
2210.480349,0.006122
2207.860262,0.006122
2205.240175,0.006122
2202.620087,0.006122
2200.000000,0.006122
2197.379913,0.006122
2194.759825,0.006122
2192.139738,0.006122
2189.519651,0.006122
2186.899563,0.006122
2184.279476,0.006122
2181.659389,0.006122
2179.039301,0.006122
2176.419214,0.006122
2173.799127,0.006122
2171.179039,0.006122
2168.558952,0.006122
2165.938865,0.006122
2163.318777,0.006122
2160.698690,0.006122
2158.078603,0.006122
2155.458515,0.006122
2152.838428,0.006122
2150.218341,0.006122
2147.598253,0.006122
2144.978166,0.006122
2142.358079,0.008163
2139.737991,0.008163
2137.117904,0.008163
2134.497817,0.008163
2131.877729,0.008163
2129.257642,0.008163
2126.637555,0.008163
2124.017467,0.008163
2121.397380,0.008163
2118.777293,0.008163
2116.157205,0.008163
2113.537118,0.008163
2110.917031,0.010204
2108.296943,0.010204
2105.676856,0.010204
2103.056769,0.010204
2100.436681,0.010204
2097.816594,0.010204
2095.196507,0.010204
2092.576419,0.008163
2089.956332,0.008163
2087.336245,0.008163
2084.716157,0.008163
2082.096070,0.008163
2079.475983,0.006122
2076.855895,0.006122
2074.235808,0.006122
2071.615721,0.006122
2068.995633,0.006122
2066.375546,0.006122
2063.755459,0.006122
2061.135371,0.006122
2058.515284,0.006122
2055.895197,0.006122
2053.275109,0.006122
2050.655022,0.006122
2048.034934,0.006122
2045.414847,0.006122
2042.794760,0.006122
2040.174672,0.006122
2037.554585,0.006122
2034.934498,0.006122
2032.314410,0.006122
2029.694323,0.006122
2027.074236,0.006122
2024.454148,0.006122
2021.834061,0.006122
2019.213974,0.008163
2016.593886,0.008163
2013.973799,0.008163
2011.353712,0.008163
2008.733624,0.010204
2006.113537,0.010204
2003.493450,0.010204
2000.873362,0.010204
1998.253275,0.008163
1995.633188,0.008163
1993.013100,0.008163
1990.393013,0.008163
1987.772926,0.008163
1985.152838,0.008163
1982.532751,0.008163
1979.912664,0.008163
1977.292576,0.008163
1974.672489,0.008163
1972.052402,0.010204
1969.432314,0.010204
1966.812227,0.010204
1964.192140,0.010204
1961.572052,0.010204
1958.951965,0.010204
1956.331878,0.010204
1953.711790,0.012245
1951.091703,0.012245
1948.471616,0.012245
1945.851528,0.014286
1943.231441,0.014286
1940.611354,0.016327
1937.991266,0.016327
1935.371179,0.016327
1932.751092,0.016327
1930.131004,0.014286
1927.510917,0.014286
1924.890830,0.012245
1922.270742,0.012245
1919.650655,0.010204
1917.030568,0.010204
1914.410480,0.008163
1911.790393,0.008163
1909.170306,0.008163
1906.550218,0.008163
1903.930131,0.008163
1901.310044,0.008163
1898.689956,0.008163
1896.069869,0.008163
1893.449782,0.008163
1890.829694,0.008163
1888.209607,0.008163
1885.589520,0.008163
1882.969432,0.008163
1880.349345,0.008163
1877.729258,0.006122
1875.109170,0.008163
1872.489083,0.006122
1869.868996,0.008163
1867.248908,0.006122
1864.628821,0.008163
1862.008734,0.008163
1859.388646,0.008163
1856.768559,0.008163
1854.148472,0.008163
1851.528384,0.010204
1848.908297,0.010204
1846.288210,0.010204
1843.668122,0.010204
1841.048035,0.010204
1838.427948,0.010204
1835.807860,0.010204
1833.187773,0.010204
1830.567686,0.010204
1827.947598,0.008163
1825.327511,0.008163
1822.707424,0.008163
1820.087336,0.008163
1817.467249,0.008163
1814.847162,0.010204
1812.227074,0.010204
1809.606987,0.010204
1806.986900,0.010204
1804.366812,0.012245
1801.746725,0.012245
1799.126638,0.014286
1796.506550,0.014286
1793.886463,0.014286
1791.266376,0.012245
1788.646288,0.012245
1786.026201,0.012245
1783.406114,0.012245
1780.786026,0.012245
1778.165939,0.012245
1775.545852,0.012245
1772.925764,0.012245
1770.305677,0.012245
1767.685590,0.012245
1765.065502,0.012245
1762.445415,0.012245
1759.825328,0.012245
1757.205240,0.012245
1754.585153,0.012245
1751.965066,0.014286
1749.344978,0.014286
1746.724891,0.012245
1744.104803,0.012245
1741.484716,0.012245
1738.864629,0.012245
1736.244541,0.012245
1733.624454,0.012245
1731.004367,0.012245
1728.384279,0.010204
1725.764192,0.012245
1723.144105,0.012245
1720.524017,0.012245
1717.903930,0.012245
1715.283843,0.010204
1712.663755,0.010204
1710.043668,0.010204
1707.423581,0.010204
1704.803493,0.010204
1702.183406,0.010204
1699.563319,0.010204
1696.943231,0.010204
1694.323144,0.010204
1691.703057,0.010204
1689.082969,0.010204
1686.462882,0.012245
1683.842795,0.012245
1681.222707,0.010204
1678.602620,0.012245
1675.982533,0.012245
1673.362445,0.012245
1670.742358,0.012245
1668.122271,0.012245
1665.502183,0.012245
1662.882096,0.014286
1660.262009,0.014286
1657.641921,0.014286
1655.021834,0.016327
1652.401747,0.016327
1649.781659,0.014286
1647.161572,0.016327
1644.541485,0.020408
1641.921397,0.028571
1639.301310,0.051020
1636.681223,0.095918
1634.061135,0.102041
1631.441048,0.100000
1628.820961,0.071429
1626.200873,0.040816
1623.580786,0.024490
1620.960699,0.020408
1618.340611,0.016327
1615.720524,0.016327
1613.100437,0.014286
1610.480349,0.014286
1607.860262,0.014286
1605.240175,0.014286
1602.620087,0.014286
1600.000000,0.012245
1597.379913,0.012245
1594.759825,0.012245
1592.139738,0.012245
1589.519651,0.012245
1586.899563,0.012245
1584.279476,0.012245
1581.659389,0.012245
1579.039301,0.012245
1576.419214,0.012245
1573.799127,0.012245
1571.179039,0.012245
1568.558952,0.012245
1565.938865,0.014286
1563.318777,0.014286
1560.698690,0.016327
1558.078603,0.016327
1555.458515,0.014286
1552.838428,0.016327
1550.218341,0.016327
1547.598253,0.018367
1544.978166,0.018367
1542.358079,0.018367
1539.737991,0.018367
1537.117904,0.018367
1534.497817,0.018367
1531.877729,0.018367
1529.257642,0.018367
1526.637555,0.018367
1524.017467,0.018367
1521.397380,0.018367
1518.777293,0.018367
1516.157205,0.016327
1513.537118,0.018367
1510.917031,0.018367
1508.296943,0.018367
1505.676856,0.018367
1503.056769,0.016327
1500.436681,0.018367
1497.816594,0.018367
1495.196507,0.016327
1492.576419,0.016327
1489.956332,0.016327
1487.336245,0.016327
1484.716157,0.018367
1482.096070,0.018367
1479.475983,0.020408
1476.855895,0.020408
1474.235808,0.022449
1471.615721,0.024490
1468.995633,0.028571
1466.375546,0.032653
1463.755459,0.038776
1461.135371,0.044898
1458.515284,0.051020
1455.895197,0.055102
1453.275109,0.055102
1450.655022,0.055102
1448.034934,0.055102
1445.414847,0.053061
1442.794760,0.055102
1440.174672,0.055102
1437.554585,0.055102
1434.934498,0.053061
1432.314410,0.048980
1429.694323,0.046939
1427.074236,0.053061
1424.454148,0.065306
1421.834061,0.081633
1419.213974,0.085714
1416.593886,0.085714
1413.973799,0.083673
1411.353712,0.077551
1408.733624,0.071429
1406.113537,0.067347
1403.493450,0.067347
1400.873362,0.067347
1398.253275,0.065306
1395.633188,0.063265
1393.013100,0.063265
1390.393013,0.059184
1387.772926,0.053061
1385.152838,0.042857
1382.532751,0.034694
1379.912664,0.030612
1377.292576,0.028571
1374.672489,0.028571
1372.052402,0.026531
1369.432314,0.026531
1366.812227,0.026531
1364.192140,0.024490
1361.572052,0.024490
1358.951965,0.024490
1356.331878,0.026531
1353.711790,0.026531
1351.091703,0.026531
1348.471616,0.026531
1345.851528,0.026531
1343.231441,0.026531
1340.611354,0.026531
1337.991266,0.028571
1335.371179,0.028571
1332.751092,0.028571
1330.131004,0.030612
1327.510917,0.030612
1324.890830,0.028571
1322.270742,0.028571
1319.650655,0.028571
1317.030568,0.028571
1314.410480,0.030612
1311.790393,0.032653
1309.170306,0.034694
1306.550218,0.036735
1303.930131,0.040816
1301.310044,0.046939
1298.689956,0.048980
1296.069869,0.055102
1293.449782,0.063265
1290.829694,0.069388
1288.209607,0.079592
1285.589520,0.087755
1282.969432,0.097959
1280.349345,0.112245
1277.729258,0.130612
1275.109170,0.153061
1272.489083,0.195918
1269.868996,0.267347
1267.248908,0.387755
1264.628821,0.557143
1262.008734,0.646939
1259.388646,0.646939
1256.768559,0.673469
1254.148472,0.775510
1251.528384,0.779592
1248.908297,0.775510
1246.288210,0.634694
1243.668122,0.418367
1241.048035,0.261224
1238.427948,0.177551
1235.807860,0.132653
1233.187773,0.102041
1230.567686,0.083673
1227.947598,0.075510
1225.327511,0.065306
1222.707424,0.059184
1220.087336,0.057143
1217.467249,0.055102
1214.847162,0.055102
1212.227074,0.055102
1209.606987,0.057143
1206.986900,0.057143
1204.366812,0.065306
1201.746725,0.075510
1199.126638,0.085714
1196.506550,0.095918
1193.886463,0.095918
1191.266376,0.097959
1188.646288,0.104082
1186.026201,0.120408
1183.406114,0.146939
1180.786026,0.185714
1178.165939,0.214286
1175.545852,0.218367
1172.925764,0.218367
1170.305677,0.202041
1167.685590,0.175510
1165.065502,0.148980
1162.445415,0.132653
1159.825328,0.128571
1157.205240,0.134694
1154.585153,0.138776
1151.965066,0.151020
1149.344978,0.163265
1146.724891,0.173469
1144.104803,0.189796
1141.484716,0.210204
1138.864629,0.226531
1136.244541,0.251020
1133.624454,0.277551
1131.004367,0.300000
1128.384279,0.334694
1125.764192,0.371429
1123.144105,0.402041
1120.524017,0.446939
1117.903930,0.491837
1115.283843,0.530612
1112.663755,0.583673
1110.043668,0.622449
1107.423581,0.653061
1104.803493,0.702041
1102.183406,0.722449
1099.563319,0.742857
1096.943231,0.802041
1094.323144,0.820408
1091.703057,0.855102
1089.082969,0.908163
1086.462882,0.940816
1083.842795,0.997959
1081.222707,1.000000
1078.602620,0.977551
1075.982533,0.959184
1073.362445,0.971429
1070.742358,0.989796
1068.122271,0.989796
1065.502183,0.983673
1062.882096,0.987755
1060.262009,0.987755
1057.641921,0.951020
1055.021834,0.953061
1052.401747,0.953061
1049.781659,0.926531
1047.161572,0.887755
1044.541485,0.853061
1041.921397,0.820408
1039.301310,0.746939
1036.681223,0.661224
1034.061135,0.583673
1031.441048,0.493878
1028.820961,0.420408
1026.200873,0.359184
1023.580786,0.302041
1020.960699,0.259184
1018.340611,0.226531
1015.720524,0.193878
1013.100437,0.169388
1010.480349,0.151020
1007.860262,0.132653
1005.240175,0.118367
1002.620087,0.108163
1000.000000,0.097959
997.379913,0.093878
994.759825,0.112245
992.139738,0.114286
989.519651,0.114286
986.899563,0.108163
984.279476,0.083673
981.659389,0.067347
979.039301,0.061224
976.419214,0.055102
973.799127,0.053061
971.179039,0.051020
968.558952,0.048980
965.938865,0.046939
963.318777,0.044898
960.698690,0.044898
958.078603,0.042857
955.458515,0.042857
952.838428,0.042857
950.218341,0.042857
947.598253,0.044898
944.978166,0.046939
942.358079,0.055102
939.737991,0.069388
937.117904,0.095918
934.497817,0.110204
931.877729,0.112245
929.257642,0.108163
926.637555,0.087755
924.017467,0.071429
921.397380,0.063265
918.777293,0.067347
916.157205,0.073469
913.537118,0.079592
910.917031,0.089796
908.296943,0.104082
905.676856,0.128571
903.056769,0.171429
900.436681,0.220408
897.816594,0.230612
895.196507,0.230612
892.576419,0.220408
889.956332,0.183673
887.336245,0.197959
884.716157,0.232653
882.096070,0.275510
879.475983,0.338776
876.855895,0.440816
874.235808,0.546939
871.615721,0.646939
868.995633,0.700000
866.375546,0.704082
863.755459,0.702041
861.135371,0.689796
858.515284,0.714286
855.895197,0.777551
853.275109,0.828571
850.655022,0.851020
848.034934,0.904082
845.414847,0.922449
842.794760,0.936735
840.174672,0.934694
837.554585,0.910204
834.934498,0.877551
832.314410,0.800000
829.694323,0.646939
827.074236,0.508163
824.454148,0.393878
821.834061,0.308163
819.213974,0.246939
816.593886,0.204082
813.973799,0.173469
811.353712,0.148980
808.733624,0.130612
806.113537,0.118367
803.493450,0.108163
800.873362,0.100000
798.253275,0.095918
795.633188,0.095918
793.013100,0.100000
790.393013,0.110204
787.772926,0.132653
785.152838,0.177551
782.532751,0.251020
779.912664,0.320408
777.292576,0.328571
774.672489,0.326531
772.052402,0.304082
769.432314,0.336735
766.812227,0.410204
764.192140,0.457143
761.572052,0.487755
758.951965,0.524490
756.331878,0.526531
753.711790,0.524490
751.091703,0.473469
748.471616,0.348980
745.851528,0.236735
743.231441,0.169388
740.611354,0.126531
737.991266,0.102041
735.371179,0.087755
732.751092,0.077551
730.131004,0.071429
727.510917,0.067347
724.890830,0.061224
722.270742,0.059184
719.650655,0.059184
717.030568,0.059184
714.410480,0.061224
711.790393,0.063265
709.170306,0.065306
706.550218,0.071429
703.930131,0.077551
701.310044,0.081633
698.689956,0.093878
696.069869,0.110204
693.449782,0.130612
690.829694,0.148980
688.209607,0.151020
685.589520,0.151020
682.969432,0.142857
680.349345,0.120408
677.729258,0.097959
675.109170,0.079592
672.489083,0.067347
669.868996,0.059184
667.248908,0.055102
664.628821,0.048980
662.008734,0.044898
659.388646,0.040816
656.768559,0.040816
654.148472,0.042857
651.528384,0.051020
648.908297,0.057143
646.288210,0.057143
643.668122,0.057143
641.048035,0.051020
638.427948,0.040816
635.807860,0.032653
633.187773,0.030612
630.567686,0.032653
627.947598,0.038776
625.327511,0.044898
622.707424,0.059184
620.087336,0.083673
617.467249,0.130612
614.847162,0.183673
612.227074,0.200000
609.606987,0.200000
606.986900,0.195918
604.366812,0.153061
601.746725,0.142857
599.126638,0.142857
596.506550,0.142857
593.886463,0.140816
591.266376,0.134694
588.646288,0.124490
586.026201,0.110204
583.406114,0.095918
580.786026,0.079592
578.165939,0.063265
575.545852,0.048980
572.925764,0.036735
570.305677,0.026531
567.685590,0.018367
565.065502,0.012245
562.445415,0.008163
559.825328,0.006122
557.205240,0.004082
554.585153,0.004082
551.965066,0.004082
549.344978,0.002041
546.724891,0.002041
544.104803,0.002041
541.484716,0.002041
538.864629,0.002041
536.244541,0.002041
533.624454,0.002041
531.004367,0.002041
528.384279,0.002041
525.764192,0.002041
523.144105,0.002041
520.524017,0.002041
517.903930,0.002041
515.283843,0.002041
512.663755,0.002041
510.043668,0.002041
507.423581,0.002041
504.803493,0.002041
502.183406,0.002041
499.563319,0.002041
496.943231,0.002041
494.323144,0.002041
491.703057,0.002041
489.082969,0.002041
486.462882,0.002041
483.842795,0.002041
481.222707,0.002041
478.602620,0.002041
475.982533,0.002041
473.362445,0.002041
470.742358,0.002041
468.122271,0.002041
465.502183,0.002041
462.882096,0.002041
460.262009,0.002041
457.641921,0.002041
455.021834,0.002041
452.401747,0.002041
449.781659,0.002041
447.161572,nan
444.541485,nan
441.921397,nan
439.301310,nan
436.681223,nan
434.061135,nan
431.441048,nan
428.820961,nan
426.200873,nan
423.580786,nan
420.960699,nan
418.340611,nan
415.720524,nan
413.100437,nan
410.480349,nan
407.860262,nan
405.240175,nan
402.620087,nan
400.000000,nan
