4000.000000,0.012245
3997.379913,0.012245
3994.759825,0.012245
3992.139738,0.012245
3989.519651,0.014286
3986.899563,0.016327
3984.279476,0.014286
3981.659389,0.014286
3979.039301,0.014286
3976.419214,0.014286
3973.799127,0.014286
3971.179039,0.014286
3968.558952,0.014286
3965.938865,0.012245
3963.318777,0.014286
3960.698690,0.014286
3958.078603,0.012245
3955.458515,0.012245
3952.838428,0.012245
3950.218341,0.012245
3947.598253,0.012245
3944.978166,0.012245
3942.358079,0.012245
3939.737991,0.012245
3937.117904,0.012245
3934.497817,0.012245
3931.877729,0.014286
3929.257642,0.014286
3926.637555,0.014286
3924.017467,0.014286
3921.397380,0.014286
3918.777293,0.012245
3916.157205,0.012245
3913.537118,0.012245
3910.917031,0.012245
3908.296943,0.012245
3905.676856,0.014286
3903.056769,0.016327
3900.436681,0.016327
3897.816594,0.014286
3895.196507,0.012245
3892.576419,0.014286
3889.956332,0.016327
3887.336245,0.016327
3884.716157,0.012245
3882.096070,0.012245
3879.475983,0.012245
3876.855895,0.012245
3874.235808,0.014286
3871.615721,0.016327
3868.995633,0.018367
3866.375546,0.018367
3863.755459,0.016327
3861.135371,0.012245
3858.515284,0.012245
3855.895197,0.016327
3853.275109,0.022449
3850.655022,0.022449
3848.034934,0.020408
3845.414847,0.010204
3842.794760,0.014286
3840.174672,0.016327
3837.554585,0.016327
3834.934498,0.014286
3832.314410,0.012245
3829.694323,0.010204
3827.074236,0.012245
3824.454148,0.014286
3821.834061,0.016327
3819.213974,0.016327
3816.593886,0.016327
3813.973799,0.016327
3811.353712,0.016327
3808.733624,0.016327
3806.113537,0.018367
3803.493450,0.018367
3800.873362,0.018367
3798.253275,0.018367
3795.633188,0.014286
3793.013100,0.012245
3790.393013,0.014286
3787.772926,0.014286
3785.152838,0.016327
3782.532751,0.016327
3779.912664,0.016327
3777.292576,0.014286
3774.672489,0.016327
3772.052402,0.016327
3769.432314,0.016327
3766.812227,0.018367
3764.192140,0.016327
3761.572052,0.014286
3758.951965,0.014286
3756.331878,0.014286
3753.711790,0.016327
3751.091703,0.020408
3748.471616,0.020408
3745.851528,0.018367
3743.231441,0.016327
3740.611354,0.016327
3737.991266,0.014286
3735.371179,0.016327
3732.751092,0.016327
3730.131004,0.014286
3727.510917,0.012245
3724.890830,0.014286
3722.270742,0.014286
3719.650655,0.014286
3717.030568,0.012245
3714.410480,0.014286
3711.790393,0.018367
3709.170306,0.018367
3706.550218,0.016327
3703.930131,0.012245
3701.310044,0.014286
3698.689956,0.016327
3696.069869,0.014286
3693.449782,0.014286
3690.829694,0.016327
3688.209607,0.016327
3685.589520,0.016327
3682.969432,0.014286
3680.349345,0.014286
3677.729258,0.016327
3675.109170,0.018367
3672.489083,0.018367
3669.868996,0.014286
3667.248908,0.012245
3664.628821,0.012245
3662.008734,0.010204
3659.388646,0.014286
3656.768559,0.016327
3654.148472,0.016327
3651.528384,0.014286
3648.908297,0.016327
3646.288210,0.016327
3643.668122,0.014286
3641.048035,0.010204
3638.427948,0.012245
3635.807860,0.014286
3633.187773,0.016327
3630.567686,0.016327
3627.947598,0.018367
3625.327511,0.018367
3622.707424,0.014286
3620.087336,0.014286
3617.467249,0.014286
3614.847162,0.014286
3612.227074,0.012245
3609.606987,0.014286
3606.986900,0.014286
3604.366812,0.014286
3601.746725,0.014286
3599.126638,0.016327
3596.506550,0.016327
3593.886463,0.016327
3591.266376,0.016327
3588.646288,0.016327
3586.026201,0.018367
3583.406114,0.018367
3580.786026,0.016327
3578.165939,0.018367
3575.545852,0.018367
3572.925764,0.016327
3570.305677,0.016327
3567.685590,0.016327
3565.065502,0.016327
3562.445415,0.016327
3559.825328,0.014286
3557.205240,0.014286
3554.585153,0.014286
3551.965066,0.016327
3549.344978,0.016327
3546.724891,0.016327
3544.104803,0.016327
3541.484716,0.016327
3538.864629,0.014286
3536.244541,0.016327
3533.624454,0.016327
3531.004367,0.016327
3528.384279,0.016327
3525.764192,0.016327
3523.144105,0.016327
3520.524017,0.016327
3517.903930,0.016327
3515.283843,0.016327
3512.663755,0.016327
3510.043668,0.018367
3507.423581,0.018367
3504.803493,0.018367
3502.183406,0.016327
3499.563319,0.016327
3496.943231,0.016327
3494.323144,0.016327
3491.703057,0.016327
3489.082969,0.016327
3486.462882,0.016327
3483.842795,0.016327
3481.222707,0.018367
3478.602620,0.018367
3475.982533,0.018367
3473.362445,0.018367
3470.742358,0.018367
3468.122271,0.016327
3465.502183,0.016327
3462.882096,0.018367
3460.262009,0.018367
3457.641921,0.018367
3455.021834,0.016327
3452.401747,0.018367
3449.781659,0.018367
3447.161572,0.018367
3444.541485,0.018367
3441.921397,0.018367
3439.301310,0.018367
3436.681223,0.018367
3434.061135,0.016327
3431.441048,0.018367
3428.820961,0.018367
3426.200873,0.018367
3423.580786,0.018367
3420.960699,0.018367
3418.340611,0.018367
3415.720524,0.018367
3413.100437,0.018367
3410.480349,0.018367
3407.860262,0.016327
3405.240175,0.018367
3402.620087,0.018367
3400.000000,0.018367
3397.379913,0.018367
3394.759825,0.020408
3392.139738,0.020408
3389.519651,0.018367
3386.899563,0.018367
3384.279476,0.018367
3381.659389,0.018367
3379.039301,0.018367
3376.419214,0.018367
3373.799127,0.018367
3371.179039,0.018367
3368.558952,0.018367
3365.938865,0.018367
3363.318777,0.018367
3360.698690,0.018367
3358.078603,0.018367
3355.458515,0.018367
3352.838428,0.018367
3350.218341,0.018367
3347.598253,0.018367
3344.978166,0.018367
3342.358079,0.018367
3339.737991,0.018367
3337.117904,0.018367
3334.497817,0.018367
3331.877729,0.018367
3329.257642,0.018367
3326.637555,0.018367
3324.017467,0.018367
3321.397380,0.018367
3318.777293,0.018367
3316.157205,0.018367
3313.537118,0.018367
3310.917031,0.016327
3308.296943,0.016327
3305.676856,0.016327
3303.056769,0.016327
3300.436681,0.018367
3297.816594,0.018367
3295.196507,0.016327
3292.576419,0.016327
3289.956332,0.016327
3287.336245,0.016327
3284.716157,0.016327
3282.096070,0.016327
3279.475983,0.016327
3276.855895,0.016327
3274.235808,0.016327
3271.615721,0.016327
3268.995633,0.016327
3266.375546,0.016327
3263.755459,0.016327
3261.135371,0.016327
3258.515284,0.016327
3255.895197,0.016327
3253.275109,0.018367
3250.655022,0.016327
3248.034934,0.016327
3245.414847,0.016327
3242.794760,0.016327
3240.174672,0.016327
3237.554585,0.018367
3234.934498,0.018367
3232.314410,0.018367
3229.694323,0.018367
3227.074236,0.018367
3224.454148,0.018367
3221.834061,0.018367
3219.213974,0.018367
3216.593886,0.018367
3213.973799,0.016327
3211.353712,0.018367
3208.733624,0.018367
3206.113537,0.016327
3203.493450,0.016327
3200.873362,0.016327
3198.253275,0.018367
3195.633188,0.018367
3193.013100,0.016327
3190.393013,0.016327
3187.772926,0.016327
3185.152838,0.016327
3182.532751,0.016327
3179.912664,0.016327
3177.292576,0.018367
3174.672489,0.018367
3172.052402,0.018367
3169.432314,0.018367
3166.812227,0.018367
3164.192140,0.018367
3161.572052,0.018367
3158.951965,0.018367
3156.331878,0.018367
3153.711790,0.018367
3151.091703,0.018367
3148.471616,0.016327
3145.851528,0.016327
3143.231441,0.018367
3140.611354,0.018367
3137.991266,0.016327
3135.371179,0.016327
3132.751092,0.018367
3130.131004,0.018367
3127.510917,0.016327
3124.890830,0.018367
3122.270742,0.018367
3119.650655,0.018367
3117.030568,0.016327
3114.410480,0.016327
3111.790393,0.018367
3109.170306,0.018367
3106.550218,0.018367
3103.930131,0.018367
3101.310044,0.018367
3098.689956,0.016327
3096.069869,0.018367
3093.449782,0.018367
3090.829694,0.018367
3088.209607,0.016327
3085.589520,0.016327
3082.969432,0.018367
3080.349345,0.018367
3077.729258,0.018367
3075.109170,0.018367
3072.489083,0.018367
3069.868996,0.018367
3067.248908,0.018367
3064.628821,0.018367
3062.008734,0.020408
3059.388646,0.020408
3056.768559,0.020408
3054.148472,0.020408
3051.528384,0.018367
3048.908297,0.018367
3046.288210,0.020408
3043.668122,0.020408
3041.048035,0.018367
3038.427948,0.018367
3035.807860,0.018367
3033.187773,0.018367
3030.567686,0.018367
3027.947598,0.018367
3025.327511,0.020408
3022.707424,0.020408
3020.087336,0.020408
3017.467249,0.020408
3014.847162,0.020408
3012.227074,0.020408
3009.606987,0.020408
3006.986900,0.020408
3004.366812,0.022449
3001.746725,0.022449
2999.126638,0.024490
2996.506550,0.026531
2993.886463,0.028571
2991.266376,0.034694
2988.646288,0.038776
2986.026201,0.048980
2983.406114,0.063265
2980.786026,0.079592
2978.165939,0.100000
2975.545852,0.114286
2972.925764,0.120408
2970.305677,0.122449
2967.685590,0.126531
2965.065502,0.126531
2962.445415,0.124490
2959.825328,0.118367
2957.205240,0.102041
2954.585153,0.081633
2951.965066,0.065306
2949.344978,0.055102
2946.724891,0.044898
2944.104803,0.038776
2941.484716,0.034694
2938.864629,0.030612
2936.244541,0.030612
2933.624454,0.030612
2931.004367,0.028571
2928.384279,0.028571
2925.764192,0.028571
2923.144105,0.028571
2920.524017,0.028571
2917.903930,0.028571
2915.283843,0.030612
2912.663755,0.032653
2910.043668,0.036735
2907.423581,0.038776
2904.803493,0.040816
2902.183406,0.040816
2899.563319,0.038776
2896.943231,0.036735
2894.323144,0.032653
2891.703057,0.030612
2889.082969,0.028571
2886.462882,0.024490
2883.842795,0.022449
2881.222707,0.022449
2878.602620,0.020408
2875.982533,0.020408
2873.362445,0.020408
2870.742358,0.020408
2868.122271,0.020408
2865.502183,0.020408
2862.882096,0.018367
2860.262009,0.018367
2857.641921,0.018367
2855.021834,0.016327
2852.401747,0.016327
2849.781659,0.018367
2847.161572,0.016327
2844.541485,0.016327
2841.921397,0.016327
2839.301310,0.016327
2836.681223,0.016327
2834.061135,0.016327
2831.441048,0.016327
2828.820961,0.016327
2826.200873,0.018367
2823.580786,0.018367
2820.960699,0.018367
2818.340611,0.016327
2815.720524,0.016327
2813.100437,0.018367
2810.480349,0.018367
2807.860262,0.018367
2805.240175,0.018367
2802.620087,0.018367
2800.000000,0.018367
2797.379913,0.018367
2794.759825,0.016327
2792.139738,0.016327
2789.519651,0.016327
2786.899563,0.016327
2784.279476,0.016327
2781.659389,0.014286
2779.039301,0.014286
2776.419214,0.014286
2773.799127,0.014286
2771.179039,0.014286
2768.558952,0.014286
2765.938865,0.014286
2763.318777,0.012245
2760.698690,0.012245
2758.078603,0.014286
2755.458515,0.014286
2752.838428,0.014286
2750.218341,0.014286
2747.598253,0.012245
2744.978166,0.012245
2742.358079,0.014286
2739.737991,0.014286
2737.117904,0.012245
2734.497817,0.012245
2731.877729,0.012245
2729.257642,0.012245
2726.637555,0.012245
2724.017467,0.012245
2721.397380,0.012245
2718.777293,0.012245
2716.157205,0.012245
2713.537118,0.012245
2710.917031,0.012245
2708.296943,0.012245
2705.676856,0.012245
2703.056769,0.012245
2700.436681,0.012245
2697.816594,0.012245
2695.196507,0.012245
2692.576419,0.010204
2689.956332,0.010204
2687.336245,0.012245
2684.716157,0.012245
2682.096070,0.012245
2679.475983,0.012245
2676.855895,0.012245
2674.235808,0.012245
2671.615721,0.012245
2668.995633,0.012245
2666.375546,0.012245
2663.755459,0.012245
2661.135371,0.014286
2658.515284,0.014286
2655.895197,0.012245
2653.275109,0.012245
2650.655022,0.014286
2648.034934,0.014286
2645.414847,0.012245
2642.794760,0.012245
2640.174672,0.012245
2637.554585,0.012245
2634.934498,0.012245
2632.314410,0.012245
2629.694323,0.012245
2627.074236,0.010204
2624.454148,0.010204
2621.834061,0.012245
2619.213974,0.012245
2616.593886,0.010204
2613.973799,0.010204
2611.353712,0.010204
2608.733624,0.010204
2606.113537,0.012245
2603.493450,0.012245
2600.873362,0.012245
2598.253275,0.012245
2595.633188,0.010204
2593.013100,0.012245
2590.393013,0.012245
2587.772926,0.010204
2585.152838,0.010204
2582.532751,0.010204
2579.912664,0.010204
2577.292576,0.010204
2574.672489,0.010204
2572.052402,0.010204
2569.432314,0.010204
2566.812227,0.010204
2564.192140,0.010204
2561.572052,0.010204
2558.951965,0.010204
2556.331878,0.010204
2553.711790,0.010204
2551.091703,0.010204
2548.471616,0.010204
2545.851528,0.010204
2543.231441,0.010204
2540.611354,0.010204
2537.991266,0.010204
2535.371179,0.010204
2532.751092,0.010204
2530.131004,0.010204
2527.510917,0.010204
2524.890830,0.010204
2522.270742,0.010204
2519.650655,0.010204
2517.030568,0.010204
2514.410480,0.010204
2511.790393,0.010204
2509.170306,0.010204
2506.550218,0.010204
2503.930131,0.010204
2501.310044,0.012245
2498.689956,0.012245
2496.069869,0.012245
2493.449782,0.012245
2490.829694,0.012245
2488.209607,0.012245
2485.589520,0.012245
2482.969432,0.010204
2480.349345,0.010204
2477.729258,0.012245
2475.109170,0.012245
2472.489083,0.010204
2469.868996,0.012245
2467.248908,0.012245
2464.628821,0.012245
2462.008734,0.012245
2459.388646,0.012245
2456.768559,0.012245
2454.148472,0.012245
2451.528384,0.012245
2448.908297,0.010204
2446.288210,0.012245
2443.668122,0.012245
2441.048035,0.012245
2438.427948,0.012245
2435.807860,0.012245
2433.187773,0.010204
2430.567686,0.010204
2427.947598,0.010204
2425.327511,0.010204
2422.707424,0.010204
2420.087336,0.010204
2417.467249,0.010204
2414.847162,0.012245
2412.227074,0.012245
2409.606987,0.012245
2406.986900,0.012245
2404.366812,0.012245
2401.746725,0.012245
2399.126638,0.012245
2396.506550,0.012245
2393.886463,0.012245
2391.266376,0.012245
2388.646288,0.012245
2386.026201,0.012245
2383.406114,0.012245
2380.786026,0.012245
2378.165939,0.014286
2375.545852,0.012245
2372.925764,0.012245
2370.305677,0.012245
2367.685590,0.010204
2365.065502,0.010204
2362.445415,0.010204
2359.825328,0.008163
2357.205240,0.008163
2354.585153,0.008163
2351.965066,0.006122
2349.344978,0.006122
2346.724891,0.010204
2344.104803,0.010204
2341.484716,0.010204
2338.864629,0.010204
2336.244541,0.008163
2333.624454,0.008163
2331.004367,0.010204
2328.384279,0.010204
2325.764192,0.008163
2323.144105,0.010204
2320.524017,0.010204
2317.903930,0.008163
2315.283843,0.010204
2312.663755,0.010204
2310.043668,0.010204
2307.423581,0.010204
2304.803493,0.012245
2302.183406,0.012245
2299.563319,0.014286
2296.943231,0.014286
2294.323144,0.014286
2291.703057,0.014286
2289.082969,0.014286
2286.462882,0.014286
2283.842795,0.014286
2281.222707,0.016327
2278.602620,0.016327
2275.982533,0.016327
2273.362445,0.016327
2270.742358,0.016327
2268.122271,0.018367
2265.502183,0.018367
2262.882096,0.018367
2260.262009,0.018367
2257.641921,0.020408
2255.021834,0.020408
2252.401747,0.022449
2249.781659,0.022449
2247.161572,0.022449
2244.541485,0.022449
2241.921397,0.024490
2239.301310,0.024490
2236.681223,0.028571
2234.061135,0.030612
2231.441048,0.030612
2228.820961,0.032653
2226.200873,0.034694
2223.580786,0.038776
2220.960699,0.040816
2218.340611,0.046939
2215.720524,0.053061
2213.100437,0.057143
2210.480349,0.065306
2207.860262,0.073469
2205.240175,0.085714
2202.620087,0.100000
2200.000000,0.116327
2197.379913,0.136735
2194.759825,0.163265
2192.139738,0.195918
2189.519651,0.232653
2186.899563,0.277551
2184.279476,0.328571
2181.659389,0.381633
2179.039301,0.438776
2176.419214,0.487755
2173.799127,0.520408
2171.179039,0.536735
2168.558952,0.536735
2165.938865,0.536735
2163.318777,0.526531
2160.698690,0.502041
2158.078603,0.461224
2155.458515,0.414286
2152.838428,0.359184
2150.218341,0.306122
2147.598253,0.248980
2144.978166,0.206122
2142.358079,0.169388
2139.737991,0.138776
2137.117904,0.118367
2134.497817,0.100000
2131.877729,0.083673
2129.257642,0.073469
2126.637555,0.063265
2124.017467,0.055102
2121.397380,0.048980
2118.777293,0.040816
2116.157205,0.036735
2113.537118,0.032653
2110.917031,0.030612
2108.296943,0.026531
2105.676856,0.026531
2103.056769,0.024490
2100.436681,0.022449
2097.816594,0.020408
2095.196507,0.020408
2092.576419,0.018367
2089.956332,0.016327
2087.336245,0.016327
2084.716157,0.016327
2082.096070,0.014286
2079.475983,0.014286
2076.855895,0.014286
2074.235808,0.014286
2071.615721,0.014286
2068.995633,0.014286
2066.375546,0.016327
2063.755459,0.014286
2061.135371,0.014286
2058.515284,0.012245
2055.895197,0.014286
2053.275109,0.012245
2050.655022,0.012245
2048.034934,0.012245
2045.414847,0.012245
2042.794760,0.014286
2040.174672,0.014286
2037.554585,0.016327
2034.934498,0.016327
2032.314410,0.016327
2029.694323,0.018367
2027.074236,0.018367
2024.454148,0.016327
2021.834061,0.016327
2019.213974,0.014286
2016.593886,0.014286
2013.973799,0.014286
2011.353712,0.012245
2008.733624,0.012245
2006.113537,0.012245
2003.493450,0.012245
2000.873362,0.012245
1998.253275,0.014286
1995.633188,0.016327
1993.013100,0.016327
1990.393013,0.014286
1987.772926,0.012245
1985.152838,0.014286
1982.532751,0.014286
1979.912664,0.014286
1977.292576,0.012245
1974.672489,0.012245
1972.052402,0.014286
1969.432314,0.014286
1966.812227,0.014286
1964.192140,0.014286
1961.572052,0.014286
1958.951965,0.014286
1956.331878,0.014286
1953.711790,0.014286
1951.091703,0.014286
1948.471616,0.012245
1945.851528,0.012245
1943.231441,0.014286
1940.611354,0.014286
1937.991266,0.014286
1935.371179,0.014286
1932.751092,0.014286
1930.131004,0.016327
1927.510917,0.018367
1924.890830,0.020408
1922.270742,0.020408
1919.650655,0.020408
1917.030568,0.020408
1914.410480,0.018367
1911.790393,0.016327
1909.170306,0.014286
1906.550218,0.014286
1903.930131,0.012245
1901.310044,0.012245
1898.689956,0.012245
1896.069869,0.012245
1893.449782,0.012245
1890.829694,0.012245
1888.209607,0.012245
1885.589520,0.012245
1882.969432,0.012245
1880.349345,0.012245
1877.729258,0.012245
1875.109170,0.010204
1872.489083,0.010204
1869.868996,0.010204
1867.248908,0.010204
1864.628821,0.008163
1862.008734,0.010204
1859.388646,0.010204
1856.768559,0.010204
1854.148472,0.010204
1851.528384,0.010204
1848.908297,0.012245
1846.288210,0.012245
1843.668122,0.012245
1841.048035,0.010204
1838.427948,0.010204
1835.807860,0.010204
1833.187773,0.010204
1830.567686,0.012245
1827.947598,0.012245
1825.327511,0.010204
1822.707424,0.010204
1820.087336,0.012245
1817.467249,0.012245
1814.847162,0.014286
1812.227074,0.014286
1809.606987,0.014286
1806.986900,0.014286
1804.366812,0.014286
1801.746725,0.014286
1799.126638,0.014286
1796.506550,0.012245
1793.886463,0.014286
1791.266376,0.014286
1788.646288,0.010204
1786.026201,0.012245
1783.406114,0.012245
1780.786026,0.012245
1778.165939,0.012245
1775.545852,0.012245
1772.925764,0.014286
1770.305677,0.012245
1767.685590,0.010204
1765.065502,0.012245
1762.445415,0.014286
1759.825328,0.012245
1757.205240,0.012245
1754.585153,0.012245
1751.965066,0.014286
1749.344978,0.014286
1746.724891,0.010204
1744.104803,0.012245
1741.484716,0.012245
1738.864629,0.012245
1736.244541,0.012245
1733.624454,0.014286
1731.004367,0.012245
1728.384279,0.008163
1725.764192,0.010204
1723.144105,0.012245
1720.524017,0.014286
1717.903930,0.014286
1715.283843,0.012245
1712.663755,0.008163
1710.043668,0.010204
1707.423581,0.010204
1704.803493,0.010204
1702.183406,0.010204
1699.563319,0.010204
1696.943231,0.010204
1694.323144,0.008163
1691.703057,0.008163
1689.082969,0.010204
1686.462882,0.012245
1683.842795,0.012245
1681.222707,0.010204
1678.602620,0.010204
1675.982533,0.012245
1673.362445,0.012245
1670.742358,0.010204
1668.122271,0.010204
1665.502183,0.010204
1662.882096,0.012245
1660.262009,0.010204
1657.641921,0.012245
1655.021834,0.014286
1652.401747,0.014286
1649.781659,0.008163
1647.161572,0.010204
1644.541485,0.008163
1641.921397,0.010204
1639.301310,0.012245
1636.681223,0.014286
1634.061135,0.012245
1631.441048,0.012245
1628.820961,0.012245
1626.200873,0.012245
1623.580786,0.012245
1620.960699,0.010204
1618.340611,0.014286
1615.720524,0.014286
1613.100437,0.012245
1610.480349,0.012245
1607.860262,0.012245
1605.240175,0.014286
1602.620087,0.014286
1600.000000,0.014286
1597.379913,0.014286
1594.759825,0.014286
1592.139738,0.012245
1589.519651,0.014286
1586.899563,0.014286
1584.279476,0.012245
1581.659389,0.012245
1579.039301,0.014286
1576.419214,0.014286
1573.799127,0.012245
1571.179039,0.012245
1568.558952,0.012245
1565.938865,0.010204
1563.318777,0.014286
1560.698690,0.016327
1558.078603,0.016327
1555.458515,0.008163
1552.838428,0.010204
1550.218341,0.010204
1547.598253,0.012245
1544.978166,0.014286
1542.358079,0.014286
1539.737991,0.012245
1537.117904,0.010204
1534.497817,0.012245
1531.877729,0.012245
1529.257642,0.012245
1526.637555,0.012245
1524.017467,0.010204
1521.397380,0.010204
1518.777293,0.008163
1516.157205,0.008163
1513.537118,0.010204
1510.917031,0.010204
1508.296943,0.010204
1505.676856,0.010204
1503.056769,0.010204
1500.436681,0.014286
1497.816594,0.014286
1495.196507,0.012245
1492.576419,0.012245
1489.956332,0.012245
1487.336245,0.012245
1484.716157,0.014286
1482.096070,0.016327
1479.475983,0.016327
1476.855895,0.016327
1474.235808,0.016327
1471.615721,0.016327
1468.995633,0.016327
1466.375546,0.018367
1463.755459,0.018367
1461.135371,0.018367
1458.515284,0.020408
1455.895197,0.018367
1453.275109,0.020408
1450.655022,0.022449
1448.034934,0.024490
1445.414847,0.026531
1442.794760,0.032653
1440.174672,0.038776
1437.554585,0.042857
1434.934498,0.051020
1432.314410,0.059184
1429.694323,0.061224
1427.074236,0.061224
1424.454148,0.061224
1421.834061,0.059184
1419.213974,0.055102
1416.593886,0.051020
1413.973799,0.051020
1411.353712,0.053061
1408.733624,0.055102
1406.113537,0.057143
1403.493450,0.055102
1400.873362,0.051020
1398.253275,0.048980
1395.633188,0.046939
1393.013100,0.044898
1390.393013,0.040816
1387.772926,0.034694
1385.152838,0.032653
1382.532751,0.026531
1379.912664,0.024490
1377.292576,0.022449
1374.672489,0.022449
1372.052402,0.020408
1369.432314,0.018367
1366.812227,0.018367
1364.192140,0.018367
1361.572052,0.016327
1358.951965,0.014286
1356.331878,0.016327
1353.711790,0.014286
1351.091703,0.014286
1348.471616,0.016327
1345.851528,0.016327
1343.231441,0.016327
1340.611354,0.016327
1337.991266,0.016327
1335.371179,0.016327
1332.751092,0.018367
1330.131004,0.018367
1327.510917,0.016327
1324.890830,0.016327
1322.270742,0.014286
1319.650655,0.014286
1317.030568,0.012245
1314.410480,0.012245
1311.790393,0.014286
1309.170306,0.014286
1306.550218,0.016327
1303.930131,0.016327
1301.310044,0.016327
1298.689956,0.018367
1296.069869,0.020408
1293.449782,0.022449
1290.829694,0.024490
1288.209607,0.026531
1285.589520,0.030612
1282.969432,0.036735
1280.349345,0.044898
1277.729258,0.053061
1275.109170,0.067347
1272.489083,0.089796
1269.868996,0.130612
1267.248908,0.197959
1264.628821,0.300000
1262.008734,0.416327
1259.388646,0.485714
1256.768559,0.495918
1254.148472,0.493878
1251.528384,0.444898
1248.908297,0.297959
1246.288210,0.179592
1243.668122,0.112245
1241.048035,0.073469
1238.427948,0.051020
1235.807860,0.040816
1233.187773,0.032653
1230.567686,0.026531
1227.947598,0.022449
1225.327511,0.018367
1222.707424,0.018367
1220.087336,0.016327
1217.467249,0.014286
1214.847162,0.014286
1212.227074,0.012245
1209.606987,0.012245
1206.986900,0.012245
1204.366812,0.012245
1201.746725,0.010204
1199.126638,0.010204
1196.506550,0.010204
1193.886463,0.010204
1191.266376,0.010204
1188.646288,0.010204
1186.026201,0.012245
1183.406114,0.012245
1180.786026,0.012245
1178.165939,0.014286
1175.545852,0.014286
1172.925764,0.014286
1170.305677,0.014286
1167.685590,0.014286
1165.065502,0.016327
1162.445415,0.016327
1159.825328,0.014286
1157.205240,0.014286
1154.585153,0.014286
1151.965066,0.014286
1149.344978,0.014286
1146.724891,0.016327
1144.104803,0.018367
1141.484716,0.018367
1138.864629,0.018367
1136.244541,0.018367
1133.624454,0.014286
1131.004367,0.016327
1128.384279,0.018367
1125.764192,0.016327
1123.144105,0.018367
1120.524017,0.018367
1117.903930,0.018367
1115.283843,0.018367
1112.663755,0.020408
1110.043668,0.018367
1107.423581,0.018367
1104.803493,0.018367
1102.183406,0.018367
1099.563319,0.020408
1096.943231,0.020408
1094.323144,0.020408
1091.703057,0.022449
1089.082969,0.024490
1086.462882,0.026531
1083.842795,0.028571
1081.222707,0.030612
1078.602620,0.030612
1075.982533,0.030612
1073.362445,0.028571
1070.742358,0.030612
1068.122271,0.030612
1065.502183,0.030612
1062.882096,0.028571
1060.262009,0.028571
1057.641921,0.028571
1055.021834,0.028571
1052.401747,0.024490
1049.781659,0.022449
1047.161572,0.020408
1044.541485,0.020408
1041.921397,0.018367
1039.301310,0.020408
1036.681223,0.020408
1034.061135,0.018367
1031.441048,0.018367
1028.820961,0.016327
1026.200873,0.016327
1023.580786,0.016327
1020.960699,0.016327
1018.340611,0.014286
1015.720524,0.014286
1013.100437,0.014286
1010.480349,0.016327
1007.860262,0.014286
1005.240175,0.014286
1002.620087,0.016327
1000.000000,0.018367
997.379913,0.018367
994.759825,0.018367
992.139738,0.020408
989.519651,0.020408
986.899563,0.022449
984.279476,0.024490
981.659389,0.024490
979.039301,0.026531
976.419214,0.026531
973.799127,0.026531
971.179039,0.026531
968.558952,0.028571
965.938865,0.028571
963.318777,0.030612
960.698690,0.032653
958.078603,0.032653
955.458515,0.034694
952.838428,0.036735
950.218341,0.042857
947.598253,0.046939
944.978166,0.053061
942.358079,0.063265
939.737991,0.075510
937.117904,0.091837
934.497817,0.114286
931.877729,0.136735
929.257642,0.161224
926.637555,0.191837
924.017467,0.228571
921.397380,0.271429
918.777293,0.338776
916.157205,0.428571
913.537118,0.546939
910.917031,0.679592
908.296943,0.763265
905.676856,0.779592
903.056769,0.779592
900.436681,0.763265
897.816594,0.683673
895.196507,0.610204
892.576419,0.614286
889.956332,0.687755
887.336245,0.785714
884.716157,0.904082
882.096070,0.979592
879.475983,0.997959
876.855895,1.000000
874.235808,0.987755
871.615721,0.910204
868.995633,0.785714
866.375546,0.642857
863.755459,0.502041
861.135371,0.404082
858.515284,0.342857
855.895197,0.306122
853.275109,0.342857
850.655022,0.402041
848.034934,0.477551
845.414847,0.534694
842.794760,0.540816
840.174672,0.540816
837.554585,0.508163
834.934498,0.412245
832.314410,0.308163
829.694323,0.224490
827.074236,0.169388
824.454148,0.134694
821.834061,0.108163
819.213974,0.089796
816.593886,0.079592
813.973799,0.071429
811.353712,0.063265
808.733624,0.061224
806.113537,0.059184
803.493450,0.059184
800.873362,0.061224
798.253275,0.061224
795.633188,0.063265
793.013100,0.071429
790.393013,0.083673
787.772926,0.106122
785.152838,0.153061
782.532751,0.236735
779.912664,0.338776
777.292576,0.383673
774.672489,0.383673
772.052402,0.375510
769.432314,0.300000
766.812227,0.216327
764.192140,0.155102
761.572052,0.114286
758.951965,0.085714
756.331878,0.067347
753.711790,0.057143
751.091703,0.053061
748.471616,0.048980
745.851528,0.053061
743.231441,0.057143
740.611354,0.067347
737.991266,0.085714
735.371179,0.112245
732.751092,0.153061
730.131004,0.195918
727.510917,0.220408
724.890830,0.222449
722.270742,0.220408
719.650655,0.193878
717.030568,0.151020
714.410480,0.116327
711.790393,0.093878
709.170306,0.085714
706.550218,0.077551
703.930131,0.069388
701.310044,0.065306
698.689956,0.065306
696.069869,0.065306
693.449782,0.065306
690.829694,0.071429
688.209607,0.077551
685.589520,0.085714
682.969432,0.093878
680.349345,0.112245
677.729258,0.140816
675.109170,0.197959
672.489083,0.273469
669.868996,0.297959
667.248908,0.297959
664.628821,0.283673
662.008734,0.224490
659.388646,0.173469
656.768559,0.140816
654.148472,0.136735
651.528384,0.140816
648.908297,0.140816
646.288210,0.148980
643.668122,0.165306
641.048035,0.177551
638.427948,0.202041
635.807860,0.222449
633.187773,0.232653
630.567686,0.236735
627.947598,0.236735
625.327511,0.224490
622.707424,0.214286
620.087336,0.218367
617.467249,0.222449
614.847162,0.232653
612.227074,0.246939
609.606987,0.261224
606.986900,0.281633
604.366812,0.281633
601.746725,0.283673
599.126638,0.285714
596.506550,0.283673
593.886463,0.279592
591.266376,0.267347
588.646288,0.248980
586.026201,0.220408
583.406114,0.189796
580.786026,0.157143
578.165939,0.124490
575.545852,0.095918
572.925764,0.071429
570.305677,0.051020
567.685590,0.034694
565.065502,0.024490
562.445415,0.016327
559.825328,0.010204
557.205240,0.006122
554.585153,0.004082
551.965066,0.004082
549.344978,0.004082
546.724891,0.002041
544.104803,0.002041
541.484716,0.002041
538.864629,0.002041
536.244541,0.002041
533.624454,0.002041
531.004367,0.002041
528.384279,0.002041
525.764192,0.002041
523.144105,0.002041
520.524017,0.002041
517.903930,0.002041
515.283843,0.002041
512.663755,0.002041
510.043668,0.002041
507.423581,0.002041
504.803493,0.002041
502.183406,0.002041
499.563319,0.002041
496.943231,0.002041
494.323144,0.002041
491.703057,0.002041
489.082969,0.002041
486.462882,0.002041
483.842795,0.002041
481.222707,0.002041
478.602620,0.002041
475.982533,0.002041
473.362445,0.002041
470.742358,0.002041
468.122271,0.002041
465.502183,0.002041
462.882096,0.002041
460.262009,0.002041
457.641921,0.002041
455.021834,0.002041
452.401747,0.002041
449.781659,0.002041
447.161572,nan
444.541485,nan
441.921397,nan
439.301310,nan
436.681223,nan
434.061135,nan
431.441048,nan
428.820961,nan
426.200873,nan
423.580786,nan
420.960699,nan
418.340611,nan
415.720524,nan
413.100437,nan
410.480349,nan
407.860262,nan
405.240175,nan
402.620087,nan
400.000000,nan
