4000.000000,0.014286
3997.379913,0.014286
3994.759825,0.014286
3992.139738,0.014286
3989.519651,0.014286
3986.899563,0.014286
3984.279476,0.014286
3981.659389,0.014286
3979.039301,0.014286
3976.419214,0.014286
3973.799127,0.014286
3971.179039,0.014286
3968.558952,0.014286
3965.938865,0.014286
3963.318777,0.014286
3960.698690,0.014286
3958.078603,0.014286
3955.458515,0.014286
3952.838428,0.014286
3950.218341,0.014286
3947.598253,0.014286
3944.978166,0.014286
3942.358079,0.014286
3939.737991,0.014286
3937.117904,0.014286
3934.497817,0.014286
3931.877729,0.014286
3929.257642,0.014286
3926.637555,0.014286
3924.017467,0.014286
3921.397380,0.014286
3918.777293,0.014286
3916.157205,0.014286
3913.537118,0.014286
3910.917031,0.014286
3908.296943,0.014286
3905.676856,0.014286
3903.056769,0.014286
3900.436681,0.014286
3897.816594,0.014286
3895.196507,0.014286
3892.576419,0.014286
3889.956332,0.014286
3887.336245,0.012245
3884.716157,0.014286
3882.096070,0.014286
3879.475983,0.012245
3876.855895,0.012245
3874.235808,0.014286
3871.615721,0.014286
3868.995633,0.014286
3866.375546,0.014286
3863.755459,0.012245
3861.135371,0.012245
3858.515284,0.012245
3855.895197,0.012245
3853.275109,0.014286
3850.655022,0.014286
3848.034934,0.012245
3845.414847,0.012245
3842.794760,0.012245
3840.174672,0.014286
3837.554585,0.014286
3834.934498,0.014286
3832.314410,0.012245
3829.694323,0.014286
3827.074236,0.014286
3824.454148,0.014286
3821.834061,0.014286
3819.213974,0.014286
3816.593886,0.014286
3813.973799,0.012245
3811.353712,0.012245
3808.733624,0.014286
3806.113537,0.014286
3803.493450,0.014286
3800.873362,0.014286
3798.253275,0.014286
3795.633188,0.012245
3793.013100,0.012245
3790.393013,0.012245
3787.772926,0.012245
3785.152838,0.012245
3782.532751,0.014286
3779.912664,0.014286
3777.292576,0.012245
3774.672489,0.012245
3772.052402,0.014286
3769.432314,0.014286
3766.812227,0.014286
3764.192140,0.012245
3761.572052,0.014286
3758.951965,0.014286
3756.331878,0.014286
3753.711790,0.014286
3751.091703,0.014286
3748.471616,0.014286
3745.851528,0.014286
3743.231441,0.014286
3740.611354,0.012245
3737.991266,0.012245
3735.371179,0.012245
3732.751092,0.012245
3730.131004,0.012245
3727.510917,0.012245
3724.890830,0.012245
3722.270742,0.012245
3719.650655,0.014286
3717.030568,0.014286
3714.410480,0.014286
3711.790393,0.014286
3709.170306,0.014286
3706.550218,0.014286
3703.930131,0.014286
3701.310044,0.014286
3698.689956,0.014286
3696.069869,0.014286
3693.449782,0.012245
3690.829694,0.014286
3688.209607,0.014286
3685.589520,0.012245
3682.969432,0.012245
3680.349345,0.012245
3677.729258,0.012245
3675.109170,0.012245
3672.489083,0.012245
3669.868996,0.012245
3667.248908,0.012245
3664.628821,0.012245
3662.008734,0.012245
3659.388646,0.012245
3656.768559,0.014286
3654.148472,0.014286
3651.528384,0.014286
3648.908297,0.014286
3646.288210,0.014286
3643.668122,0.012245
3641.048035,0.014286
3638.427948,0.014286
3635.807860,0.014286
3633.187773,0.014286
3630.567686,0.014286
3627.947598,0.014286
3625.327511,0.012245
3622.707424,0.012245
3620.087336,0.014286
3617.467249,0.014286
3614.847162,0.014286
3612.227074,0.012245
3609.606987,0.014286
3606.986900,0.014286
3604.366812,0.014286
3601.746725,0.014286
3599.126638,0.014286
3596.506550,0.012245
3593.886463,0.012245
3591.266376,0.014286
3588.646288,0.014286
3586.026201,0.014286
3583.406114,0.012245
3580.786026,0.012245
3578.165939,0.012245
3575.545852,0.012245
3572.925764,0.014286
3570.305677,0.014286
3567.685590,0.012245
3565.065502,0.012245
3562.445415,0.012245
3559.825328,0.012245
3557.205240,0.012245
3554.585153,0.014286
3551.965066,0.014286
3549.344978,0.014286
3546.724891,0.014286
3544.104803,0.014286
3541.484716,0.014286
3538.864629,0.014286
3536.244541,0.014286
3533.624454,0.014286
3531.004367,0.014286
3528.384279,0.014286
3525.764192,0.014286
3523.144105,0.014286
3520.524017,0.014286
3517.903930,0.014286
3515.283843,0.014286
3512.663755,0.014286
3510.043668,0.014286
3507.423581,0.014286
3504.803493,0.014286
3502.183406,0.014286
3499.563319,0.014286
3496.943231,0.016327
3494.323144,0.014286
3491.703057,0.014286
3489.082969,0.016327
3486.462882,0.016327
3483.842795,0.016327
3481.222707,0.016327
3478.602620,0.016327
3475.982533,0.016327
3473.362445,0.016327
3470.742358,0.016327
3468.122271,0.016327
3465.502183,0.016327
3462.882096,0.016327
3460.262009,0.016327
3457.641921,0.016327
3455.021834,0.016327
3452.401747,0.018367
3449.781659,0.018367
3447.161572,0.018367
3444.541485,0.018367
3441.921397,0.018367
3439.301310,0.018367
3436.681223,0.018367
3434.061135,0.018367
3431.441048,0.018367
3428.820961,0.018367
3426.200873,0.018367
3423.580786,0.018367
3420.960699,0.018367
3418.340611,0.018367
3415.720524,0.018367
3413.100437,0.018367
3410.480349,0.018367
3407.860262,0.018367
3405.240175,0.020408
3402.620087,0.020408
3400.000000,0.018367
3397.379913,0.018367
3394.759825,0.018367
3392.139738,0.020408
3389.519651,0.020408
3386.899563,0.020408
3384.279476,0.020408
3381.659389,0.018367
3379.039301,0.020408
3376.419214,0.020408
3373.799127,0.020408
3371.179039,0.020408
3368.558952,0.020408
3365.938865,0.018367
3363.318777,0.018367
3360.698690,0.018367
3358.078603,0.018367
3355.458515,0.018367
3352.838428,0.018367
3350.218341,0.018367
3347.598253,0.020408
3344.978166,0.018367
3342.358079,0.018367
3339.737991,0.018367
3337.117904,0.018367
3334.497817,0.018367
3331.877729,0.018367
3329.257642,0.018367
3326.637555,0.018367
3324.017467,0.018367
3321.397380,0.018367
3318.777293,0.018367
3316.157205,0.018367
3313.537118,0.018367
3310.917031,0.018367
3308.296943,0.018367
3305.676856,0.018367
3303.056769,0.018367
3300.436681,0.018367
3297.816594,0.018367
3295.196507,0.018367
3292.576419,0.018367
3289.956332,0.018367
3287.336245,0.018367
3284.716157,0.018367
3282.096070,0.018367
3279.475983,0.018367
3276.855895,0.018367
3274.235808,0.018367
3271.615721,0.018367
3268.995633,0.018367
3266.375546,0.018367
3263.755459,0.018367
3261.135371,0.018367
3258.515284,0.018367
3255.895197,0.018367
3253.275109,0.018367
3250.655022,0.018367
3248.034934,0.018367
3245.414847,0.018367
3242.794760,0.018367
3240.174672,0.018367
3237.554585,0.018367
3234.934498,0.018367
3232.314410,0.018367
3229.694323,0.018367
3227.074236,0.018367
3224.454148,0.018367
3221.834061,0.018367
3219.213974,0.018367
3216.593886,0.018367
3213.973799,0.018367
3211.353712,0.018367
3208.733624,0.018367
3206.113537,0.018367
3203.493450,0.018367
3200.873362,0.018367
3198.253275,0.018367
3195.633188,0.018367
3193.013100,0.018367
3190.393013,0.018367
3187.772926,0.018367
3185.152838,0.018367
3182.532751,0.018367
3179.912664,0.018367
3177.292576,0.018367
3174.672489,0.018367
3172.052402,0.018367
3169.432314,0.018367
3166.812227,0.018367
3164.192140,0.018367
3161.572052,0.018367
3158.951965,0.018367
3156.331878,0.018367
3153.711790,0.018367
3151.091703,0.018367
3148.471616,0.018367
3145.851528,0.018367
3143.231441,0.018367
3140.611354,0.018367
3137.991266,0.018367
3135.371179,0.018367
3132.751092,0.018367
3130.131004,0.018367
3127.510917,0.018367
3124.890830,0.018367
3122.270742,0.018367
3119.650655,0.018367
3117.030568,0.018367
3114.410480,0.018367
3111.790393,0.018367
3109.170306,0.018367
3106.550218,0.018367
3103.930131,0.018367
3101.310044,0.020408
3098.689956,0.020408
3096.069869,0.020408
3093.449782,0.018367
3090.829694,0.018367
3088.209607,0.018367
3085.589520,0.018367
3082.969432,0.018367
3080.349345,0.018367
3077.729258,0.020408
3075.109170,0.020408
3072.489083,0.020408
3069.868996,0.020408
3067.248908,0.020408
3064.628821,0.020408
3062.008734,0.020408
3059.388646,0.020408
3056.768559,0.020408
3054.148472,0.020408
3051.528384,0.022449
3048.908297,0.022449
3046.288210,0.022449
3043.668122,0.022449
3041.048035,0.022449
3038.427948,0.024490
3035.807860,0.024490
3033.187773,0.024490
3030.567686,0.024490
3027.947598,0.024490
3025.327511,0.026531
3022.707424,0.026531
3020.087336,0.026531
3017.467249,0.028571
3014.847162,0.028571
3012.227074,0.030612
3009.606987,0.030612
3006.986900,0.030612
3004.366812,0.032653
3001.746725,0.034694
2999.126638,0.036735
2996.506550,0.038776
2993.886463,0.040816
2991.266376,0.042857
2988.646288,0.046939
2986.026201,0.053061
2983.406114,0.059184
2980.786026,0.067347
2978.165939,0.079592
2975.545852,0.097959
2972.925764,0.118367
2970.305677,0.142857
2967.685590,0.171429
2965.065502,0.202041
2962.445415,0.230612
2959.825328,0.253061
2957.205240,0.261224
2954.585153,0.263265
2951.965066,0.263265
2949.344978,0.259184
2946.724891,0.273469
2944.104803,0.318367
2941.484716,0.389796
2938.864629,0.479592
2936.244541,0.583673
2933.624454,0.706122
2931.004367,0.818367
2928.384279,0.916327
2925.764192,0.987755
2923.144105,1.000000
2920.524017,1.000000
2917.903930,0.979592
2915.283843,0.889796
2912.663755,0.755102
2910.043668,0.632653
2907.423581,0.538776
2904.803493,0.463265
2902.183406,0.414286
2899.563319,0.377551
2896.943231,0.346939
2894.323144,0.320408
2891.703057,0.293878
2889.082969,0.265306
2886.462882,0.238776
2883.842795,0.216327
2881.222707,0.195918
2878.602620,0.183673
2875.982533,0.195918
2873.362445,0.208163
2870.742358,0.218367
2868.122271,0.234694
2865.502183,0.271429
2862.882096,0.336735
2860.262009,0.428571
2857.641921,0.536735
2855.021834,0.604082
2852.401747,0.610204
2849.781659,0.610204
2847.161572,0.577551
2844.541485,0.465306
2841.921397,0.344898
2839.301310,0.244898
2836.681223,0.171429
2834.061135,0.128571
2831.441048,0.102041
2828.820961,0.083673
2826.200873,0.073469
2823.580786,0.065306
2820.960699,0.057143
2818.340611,0.053061
2815.720524,0.048980
2813.100437,0.044898
2810.480349,0.042857
2807.860262,0.038776
2805.240175,0.036735
2802.620087,0.036735
2800.000000,0.034694
2797.379913,0.032653
2794.759825,0.032653
2792.139738,0.030612
2789.519651,0.030612
2786.899563,0.030612
2784.279476,0.028571
2781.659389,0.026531
2779.039301,0.026531
2776.419214,0.024490
2773.799127,0.022449
2771.179039,0.022449
2768.558952,0.020408
2765.938865,0.020408
2763.318777,0.020408
2760.698690,0.020408
2758.078603,0.018367
2755.458515,0.018367
2752.838428,0.018367
2750.218341,0.018367
2747.598253,0.018367
2744.978166,0.018367
2742.358079,0.018367
2739.737991,0.018367
2737.117904,0.018367
2734.497817,0.018367
2731.877729,0.018367
2729.257642,0.018367
2726.637555,0.018367
2724.017467,0.018367
2721.397380,0.016327
2718.777293,0.016327
2716.157205,0.016327
2713.537118,0.016327
2710.917031,0.016327
2708.296943,0.016327
2705.676856,0.016327
2703.056769,0.016327
2700.436681,0.016327
2697.816594,0.016327
2695.196507,0.016327
2692.576419,0.016327
2689.956332,0.018367
2687.336245,0.018367
2684.716157,0.018367
2682.096070,0.018367
2679.475983,0.018367
2676.855895,0.018367
2674.235808,0.018367
2671.615721,0.018367
2668.995633,0.018367
2666.375546,0.018367
2663.755459,0.018367
2661.135371,0.018367
2658.515284,0.016327
2655.895197,0.016327
2653.275109,0.016327
2650.655022,0.016327
2648.034934,0.016327
2645.414847,0.016327
2642.794760,0.016327
2640.174672,0.016327
2637.554585,0.016327
2634.934498,0.014286
2632.314410,0.014286
2629.694323,0.014286
2627.074236,0.014286
2624.454148,0.014286
2621.834061,0.014286
2619.213974,0.014286
2616.593886,0.014286
2613.973799,0.014286
2611.353712,0.014286
2608.733624,0.012245
2606.113537,0.014286
2603.493450,0.012245
2600.873362,0.012245
2598.253275,0.012245
2595.633188,0.012245
2593.013100,0.012245
2590.393013,0.012245
2587.772926,0.012245
2585.152838,0.012245
2582.532751,0.012245
2579.912664,0.012245
2577.292576,0.010204
2574.672489,0.010204
2572.052402,0.010204
2569.432314,0.010204
2566.812227,0.010204
2564.192140,0.010204
2561.572052,0.010204
2558.951965,0.010204
2556.331878,0.010204
2553.711790,0.010204
2551.091703,0.010204
2548.471616,0.010204
2545.851528,0.010204
2543.231441,0.010204
2540.611354,0.010204
2537.991266,0.010204
2535.371179,0.010204
2532.751092,0.010204
2530.131004,0.010204
2527.510917,0.010204
2524.890830,0.010204
2522.270742,0.008163
2519.650655,0.008163
2517.030568,0.008163
2514.410480,0.008163
2511.790393,0.008163
2509.170306,0.008163
2506.550218,0.008163
2503.930131,0.008163
2501.310044,0.008163
2498.689956,0.008163
2496.069869,0.008163
2493.449782,0.008163
2490.829694,0.008163
2488.209607,0.008163
2485.589520,0.008163
2482.969432,0.008163
2480.349345,0.008163
2477.729258,0.008163
2475.109170,0.008163
2472.489083,0.008163
2469.868996,0.008163
2467.248908,0.008163
2464.628821,0.008163
2462.008734,0.008163
2459.388646,0.008163
2456.768559,0.008163
2454.148472,0.008163
2451.528384,0.008163
2448.908297,0.008163
2446.288210,0.008163
2443.668122,0.008163
2441.048035,0.008163
2438.427948,0.008163
2435.807860,0.008163
2433.187773,0.008163
2430.567686,0.008163
2427.947598,0.008163
2425.327511,0.008163
2422.707424,0.008163
2420.087336,0.008163
2417.467249,0.008163
2414.847162,0.008163
2412.227074,0.008163
2409.606987,0.008163
2406.986900,0.008163
2404.366812,0.008163
2401.746725,0.008163
2399.126638,0.008163
2396.506550,0.008163
2393.886463,0.008163
2391.266376,0.008163
2388.646288,0.008163
2386.026201,0.008163
2383.406114,0.008163
2380.786026,0.008163
2378.165939,0.008163
2375.545852,0.008163
2372.925764,0.008163
2370.305677,0.008163
2367.685590,0.008163
2365.065502,0.008163
2362.445415,0.008163
2359.825328,0.008163
2357.205240,0.008163
2354.585153,0.008163
2351.965066,0.008163
2349.344978,0.008163
2346.724891,0.008163
2344.104803,0.008163
2341.484716,0.008163
2338.864629,0.008163
2336.244541,0.008163
2333.624454,0.008163
2331.004367,0.008163
2328.384279,0.008163
2325.764192,0.008163
2323.144105,0.008163
2320.524017,0.008163
2317.903930,0.008163
2315.283843,0.008163
2312.663755,0.008163
2310.043668,0.008163
2307.423581,0.008163
2304.803493,0.008163
2302.183406,0.008163
2299.563319,0.008163
2296.943231,0.006122
2294.323144,0.006122
2291.703057,0.008163
2289.082969,0.008163
2286.462882,0.008163
2283.842795,0.008163
2281.222707,0.006122
2278.602620,0.006122
2275.982533,0.006122
2273.362445,0.008163
2270.742358,0.008163
2268.122271,0.008163
2265.502183,0.006122
2262.882096,0.006122
2260.262009,0.006122
2257.641921,0.006122
2255.021834,0.006122
2252.401747,0.006122
2249.781659,0.006122
2247.161572,0.006122
2244.541485,0.006122
2241.921397,0.006122
2239.301310,0.006122
2236.681223,0.006122
2234.061135,0.006122
2231.441048,0.006122
2228.820961,0.006122
2226.200873,0.006122
2223.580786,0.006122
2220.960699,0.006122
2218.340611,0.006122
2215.720524,0.006122
2213.100437,0.006122
2210.480349,0.006122
2207.860262,0.006122
2205.240175,0.006122
2202.620087,0.006122
2200.000000,0.006122
2197.379913,0.006122
2194.759825,0.006122
2192.139738,0.006122
2189.519651,0.006122
2186.899563,0.006122
2184.279476,0.006122
2181.659389,0.006122
2179.039301,0.006122
2176.419214,0.006122
2173.799127,0.006122
2171.179039,0.006122
2168.558952,0.006122
2165.938865,0.006122
2163.318777,0.006122
2160.698690,0.006122
2158.078603,0.006122
2155.458515,0.006122
2152.838428,0.006122
2150.218341,0.006122
2147.598253,0.006122
2144.978166,0.006122
2142.358079,0.006122
2139.737991,0.006122
2137.117904,0.006122
2134.497817,0.006122
2131.877729,0.006122
2129.257642,0.006122
2126.637555,0.006122
2124.017467,0.006122
2121.397380,0.006122
2118.777293,0.006122
2116.157205,0.006122
2113.537118,0.006122
2110.917031,0.006122
2108.296943,0.006122
2105.676856,0.006122
2103.056769,0.006122
2100.436681,0.006122
2097.816594,0.006122
2095.196507,0.006122
2092.576419,0.006122
2089.956332,0.006122
2087.336245,0.006122
2084.716157,0.006122
2082.096070,0.006122
2079.475983,0.006122
2076.855895,0.006122
2074.235808,0.006122
2071.615721,0.006122
2068.995633,0.006122
2066.375546,0.006122
2063.755459,0.006122
2061.135371,0.006122
2058.515284,0.006122
2055.895197,0.006122
2053.275109,0.006122
2050.655022,0.006122
2048.034934,0.006122
2045.414847,0.006122
2042.794760,0.006122
2040.174672,0.006122
2037.554585,0.006122
2034.934498,0.006122
2032.314410,0.006122
2029.694323,0.006122
2027.074236,0.006122
2024.454148,0.006122
2021.834061,0.006122
2019.213974,0.006122
2016.593886,0.006122
2013.973799,0.006122
2011.353712,0.006122
2008.733624,0.006122
2006.113537,0.006122
2003.493450,0.006122
2000.873362,0.006122
1998.253275,0.006122
1995.633188,0.006122
1993.013100,0.006122
1990.393013,0.006122
1987.772926,0.004082
1985.152838,0.004082
1982.532751,0.004082
1979.912664,0.006122
1977.292576,0.006122
1974.672489,0.004082
1972.052402,0.006122
1969.432314,0.004082
1966.812227,0.006122
1964.192140,0.004082
1961.572052,0.004082
1958.951965,0.006122
1956.331878,0.006122
1953.711790,0.004082
1951.091703,0.006122
1948.471616,0.006122
1945.851528,0.006122
1943.231441,0.006122
1940.611354,0.006122
1937.991266,0.004082
1935.371179,0.004082
1932.751092,0.004082
1930.131004,0.004082
1927.510917,0.004082
1924.890830,0.004082
1922.270742,0.004082
1919.650655,0.004082
1917.030568,0.004082
1914.410480,0.004082
1911.790393,0.004082
1909.170306,0.004082
1906.550218,0.004082
1903.930131,0.004082
1901.310044,0.006122
1898.689956,0.006122
1896.069869,0.006122
1893.449782,0.006122
1890.829694,0.006122
1888.209607,0.004082
1885.589520,0.004082
1882.969432,0.004082
1880.349345,0.004082
1877.729258,0.004082
1875.109170,0.004082
1872.489083,0.004082
1869.868996,0.004082
1867.248908,0.004082
1864.628821,0.004082
1862.008734,0.004082
1859.388646,0.004082
1856.768559,0.004082
1854.148472,0.004082
1851.528384,0.004082
1848.908297,0.004082
1846.288210,0.004082
1843.668122,0.004082
1841.048035,0.004082
1838.427948,0.004082
1835.807860,0.004082
1833.187773,0.004082
1830.567686,0.004082
1827.947598,0.004082
1825.327511,0.004082
1822.707424,0.004082
1820.087336,0.004082
1817.467249,0.004082
1814.847162,0.004082
1812.227074,0.004082
1809.606987,0.004082
1806.986900,0.004082
1804.366812,0.004082
1801.746725,0.004082
1799.126638,0.004082
1796.506550,0.004082
1793.886463,0.004082
1791.266376,0.004082
1788.646288,0.002041
1786.026201,0.004082
1783.406114,0.004082
1780.786026,0.004082
1778.165939,0.004082
1775.545852,0.004082
1772.925764,0.004082
1770.305677,0.002041
1767.685590,0.002041
1765.065502,0.004082
1762.445415,0.004082
1759.825328,0.004082
1757.205240,0.004082
1754.585153,0.004082
1751.965066,0.004082
1749.344978,0.004082
1746.724891,0.004082
1744.104803,0.004082
1741.484716,0.004082
1738.864629,0.004082
1736.244541,0.004082
1733.624454,0.004082
1731.004367,0.004082
1728.384279,0.004082
1725.764192,0.004082
1723.144105,0.004082
1720.524017,0.004082
1717.903930,0.004082
1715.283843,0.004082
1712.663755,0.004082
1710.043668,0.004082
1707.423581,0.004082
1704.803493,0.004082
1702.183406,0.004082
1699.563319,0.004082
1696.943231,0.002041
1694.323144,0.002041
1691.703057,0.004082
1689.082969,0.004082
1686.462882,0.004082
1683.842795,0.004082
1681.222707,0.004082
1678.602620,0.004082
1675.982533,0.004082
1673.362445,0.004082
1670.742358,0.004082
1668.122271,0.004082
1665.502183,0.004082
1662.882096,0.004082
1660.262009,0.004082
1657.641921,0.004082
1655.021834,0.006122
1652.401747,0.004082
1649.781659,0.004082
1647.161572,0.004082
1644.541485,0.004082
1641.921397,0.006122
1639.301310,0.006122
1636.681223,0.004082
1634.061135,0.004082
1631.441048,0.004082
1628.820961,0.004082
1626.200873,0.004082
1623.580786,0.004082
1620.960699,0.004082
1618.340611,0.004082
1615.720524,0.004082
1613.100437,0.004082
1610.480349,0.004082
1607.860262,0.004082
1605.240175,0.004082
1602.620087,0.004082
1600.000000,0.004082
1597.379913,0.004082
1594.759825,0.004082
1592.139738,0.004082
1589.519651,0.004082
1586.899563,0.004082
1584.279476,0.004082
1581.659389,0.004082
1579.039301,0.004082
1576.419214,0.004082
1573.799127,0.004082
1571.179039,0.004082
1568.558952,0.004082
1565.938865,0.004082
1563.318777,0.004082
1560.698690,0.004082
1558.078603,0.004082
1555.458515,0.004082
1552.838428,0.004082
1550.218341,0.004082
1547.598253,0.006122
1544.978166,0.006122
1542.358079,0.006122
1539.737991,0.004082
1537.117904,0.004082
1534.497817,0.006122
1531.877729,0.006122
1529.257642,0.006122
1526.637555,0.006122
1524.017467,0.006122
1521.397380,0.006122
1518.777293,0.006122
1516.157205,0.006122
1513.537118,0.006122
1510.917031,0.006122
1508.296943,0.008163
1505.676856,0.006122
1503.056769,0.008163
1500.436681,0.008163
1497.816594,0.010204
1495.196507,0.010204
1492.576419,0.010204
1489.956332,0.010204
1487.336245,0.012245
1484.716157,0.012245
1482.096070,0.016327
1479.475983,0.020408
1476.855895,0.028571
1474.235808,0.051020
1471.615721,0.095918
1468.995633,0.132653
1466.375546,0.136735
1463.755459,0.136735
1461.135371,0.130612
1458.515284,0.120408
1455.895197,0.112245
1453.275109,0.104082
1450.655022,0.085714
1448.034934,0.071429
1445.414847,0.061224
1442.794760,0.055102
1440.174672,0.051020
1437.554585,0.046939
1434.934498,0.040816
1432.314410,0.036735
1429.694323,0.030612
1427.074236,0.026531
1424.454148,0.024490
1421.834061,0.026531
1419.213974,0.026531
1416.593886,0.030612
1413.973799,0.036735
1411.353712,0.040816
1408.733624,0.044898
1406.113537,0.044898
1403.493450,0.042857
1400.873362,0.038776
1398.253275,0.032653
1395.633188,0.028571
1393.013100,0.026531
1390.393013,0.024490
1387.772926,0.020408
1385.152838,0.020408
1382.532751,0.026531
1379.912664,0.032653
1377.292576,0.032653
1374.672489,0.032653
1372.052402,0.028571
1369.432314,0.028571
1366.812227,0.028571
1364.192140,0.026531
1361.572052,0.024490
1358.951965,0.022449
1356.331878,0.022449
1353.711790,0.024490
1351.091703,0.024490
1348.471616,0.024490
1345.851528,0.024490
1343.231441,0.024490
1340.611354,0.022449
1337.991266,0.022449
1335.371179,0.018367
1332.751092,0.016327
1330.131004,0.014286
1327.510917,0.014286
1324.890830,0.014286
1322.270742,0.014286
1319.650655,0.014286
1317.030568,0.016327
1314.410480,0.016327
1311.790393,0.018367
1309.170306,0.018367
1306.550218,0.020408
1303.930131,0.020408
1301.310044,0.020408
1298.689956,0.020408
1296.069869,0.018367
1293.449782,0.018367
1290.829694,0.018367
1288.209607,0.018367
1285.589520,0.018367
1282.969432,0.018367
1280.349345,0.018367
1277.729258,0.020408
1275.109170,0.020408
1272.489083,0.022449
1269.868996,0.028571
1267.248908,0.036735
1264.628821,0.059184
1262.008734,0.108163
1259.388646,0.159184
1256.768559,0.200000
1254.148472,0.208163
1251.528384,0.206122
1248.908297,0.173469
1246.288210,0.095918
1243.668122,0.051020
1241.048035,0.030612
1238.427948,0.022449
1235.807860,0.018367
1233.187773,0.016327
1230.567686,0.014286
1227.947598,0.014286
1225.327511,0.012245
1222.707424,0.012245
1220.087336,0.012245
1217.467249,0.012245
1214.847162,0.012245
1212.227074,0.012245
1209.606987,0.012245
1206.986900,0.012245
1204.366812,0.014286
1201.746725,0.014286
1199.126638,0.014286
1196.506550,0.016327
1193.886463,0.016327
1191.266376,0.016327
1188.646288,0.018367
1186.026201,0.018367
1183.406114,0.018367
1180.786026,0.020408
1178.165939,0.020408
1175.545852,0.020408
1172.925764,0.020408
1170.305677,0.020408
1167.685590,0.020408
1165.065502,0.020408
1162.445415,0.018367
1159.825328,0.018367
1157.205240,0.018367
1154.585153,0.018367
1151.965066,0.018367
1149.344978,0.018367
1146.724891,0.016327
1144.104803,0.016327
1141.484716,0.016327
1138.864629,0.014286
1136.244541,0.014286
1133.624454,0.014286
1131.004367,0.014286
1128.384279,0.016327
1125.764192,0.018367
1123.144105,0.020408
1120.524017,0.020408
1117.903930,0.020408
1115.283843,0.020408
1112.663755,0.022449
1110.043668,0.022449
1107.423581,0.022449
1104.803493,0.024490
1102.183406,0.024490
1099.563319,0.024490
1096.943231,0.026531
1094.323144,0.026531
1091.703057,0.026531
1089.082969,0.028571
1086.462882,0.028571
1083.842795,0.030612
1081.222707,0.030612
1078.602620,0.030612
1075.982533,0.032653
1073.362445,0.032653
1070.742358,0.032653
1068.122271,0.032653
1065.502183,0.032653
1062.882096,0.030612
1060.262009,0.030612
1057.641921,0.030612
1055.021834,0.030612
1052.401747,0.030612
1049.781659,0.030612
1047.161572,0.028571
1044.541485,0.030612
1041.921397,0.030612
1039.301310,0.030612
1036.681223,0.030612
1034.061135,0.030612
1031.441048,0.030612
1028.820961,0.030612
1026.200873,0.030612
1023.580786,0.030612
1020.960699,0.028571
1018.340611,0.028571
1015.720524,0.028571
1013.100437,0.028571
1010.480349,0.028571
1007.860262,0.026531
1005.240175,0.026531
1002.620087,0.026531
1000.000000,0.024490
997.379913,0.024490
994.759825,0.022449
992.139738,0.022449
989.519651,0.020408
986.899563,0.018367
984.279476,0.016327
981.659389,0.016327
979.039301,0.014286
976.419214,0.014286
973.799127,0.012245
971.179039,0.012245
968.558952,0.012245
965.938865,0.012245
963.318777,0.012245
960.698690,0.012245
958.078603,0.012245
955.458515,0.012245
952.838428,0.012245
950.218341,0.012245
947.598253,0.010204
944.978166,0.010204
942.358079,0.010204
939.737991,0.010204
937.117904,0.012245
934.497817,0.012245
931.877729,0.012245
929.257642,0.012245
926.637555,0.012245
924.017467,0.014286
921.397380,0.014286
918.777293,0.014286
916.157205,0.014286
913.537118,0.016327
910.917031,0.016327
908.296943,0.016327
905.676856,0.016327
903.056769,0.018367
900.436681,0.018367
897.816594,0.020408
895.196507,0.020408
892.576419,0.022449
889.956332,0.024490
887.336245,0.026531
884.716157,0.028571
882.096070,0.032653
879.475983,0.034694
876.855895,0.040816
874.235808,0.046939
871.615721,0.053061
868.995633,0.061224
866.375546,0.071429
863.755459,0.085714
861.135371,0.108163
858.515284,0.138776
855.895197,0.175510
853.275109,0.212245
850.655022,0.224490
848.034934,0.224490
845.414847,0.222449
842.794760,0.206122
840.174672,0.175510
837.554585,0.142857
834.934498,0.122449
832.314410,0.108163
829.694323,0.116327
827.074236,0.132653
824.454148,0.148980
821.834061,0.159184
819.213974,0.167347
816.593886,0.169388
813.973799,0.169388
811.353712,0.169388
808.733624,0.169388
806.113537,0.165306
803.493450,0.157143
800.873362,0.144898
798.253275,0.134694
795.633188,0.128571
793.013100,0.128571
790.393013,0.126531
787.772926,0.124490
785.152838,0.122449
782.532751,0.114286
779.912664,0.102041
777.292576,0.087755
774.672489,0.073469
772.052402,0.061224
769.432314,0.051020
766.812227,0.044898
764.192140,0.038776
761.572052,0.036735
758.951965,0.032653
756.331878,0.030612
753.711790,0.030612
751.091703,0.030612
748.471616,0.028571
745.851528,0.026531
743.231441,0.024490
740.611354,0.022449
737.991266,0.024490
735.371179,0.024490
732.751092,0.026531
730.131004,0.032653
727.510917,0.040816
724.890830,0.051020
722.270742,0.057143
719.650655,0.057143
717.030568,0.057143
714.410480,0.053061
711.790393,0.051020
709.170306,0.046939
706.550218,0.042857
703.930131,0.036735
701.310044,0.032653
698.689956,0.026531
696.069869,0.024490
693.449782,0.022449
690.829694,0.018367
688.209607,0.014286
685.589520,0.012245
682.969432,0.012245
680.349345,0.014286
677.729258,0.016327
675.109170,0.020408
672.489083,0.026531
669.868996,0.028571
667.248908,0.030612
664.628821,0.030612
662.008734,0.028571
659.388646,0.026531
656.768559,0.022449
654.148472,0.020408
651.528384,0.024490
648.908297,0.036735
646.288210,0.044898
643.668122,0.044898
641.048035,0.044898
638.427948,0.036735
635.807860,0.024490
633.187773,0.016327
630.567686,0.012245
627.947598,0.012245
625.327511,0.014286
622.707424,0.016327
620.087336,0.018367
617.467249,0.020408
614.847162,0.022449
612.227074,0.022449
609.606987,0.020408
606.986900,0.020408
604.366812,0.020408
601.746725,0.018367
599.126638,0.014286
596.506550,0.014286
593.886463,0.012245
591.266376,0.012245
588.646288,0.012245
586.026201,0.010204
583.406114,0.008163
580.786026,0.008163
578.165939,0.006122
575.545852,0.006122
572.925764,0.004082
570.305677,0.004082
567.685590,0.004082
565.065502,0.004082
562.445415,0.004082
559.825328,0.002041
557.205240,0.002041
554.585153,0.002041
551.965066,0.002041
549.344978,0.002041
546.724891,0.002041
544.104803,0.002041
541.484716,0.002041
538.864629,0.002041
536.244541,0.002041
533.624454,0.002041
531.004367,0.002041
528.384279,0.002041
525.764192,0.002041
523.144105,0.002041
520.524017,0.002041
517.903930,0.002041
515.283843,0.002041
512.663755,0.002041
510.043668,0.002041
507.423581,0.002041
504.803493,0.002041
502.183406,0.002041
499.563319,0.002041
496.943231,0.002041
494.323144,0.002041
491.703057,0.002041
489.082969,0.002041
486.462882,0.002041
483.842795,0.002041
481.222707,0.002041
478.602620,0.002041
475.982533,0.002041
473.362445,0.002041
470.742358,0.002041
468.122271,0.002041
465.502183,0.002041
462.882096,0.002041
460.262009,0.002041
457.641921,0.002041
455.021834,0.002041
452.401747,0.002041
449.781659,0.002041
447.161572,nan
444.541485,nan
441.921397,nan
439.301310,nan
436.681223,nan
434.061135,nan
431.441048,nan
428.820961,nan
426.200873,nan
423.580786,nan
420.960699,nan
418.340611,nan
415.720524,nan
413.100437,nan
410.480349,nan
407.860262,nan
405.240175,nan
402.620087,nan
400.000000,nan
