4000.000000,0.010204
3997.379913,0.012245
3994.759825,0.012245
3992.139738,0.012245
3989.519651,0.010204
3986.899563,0.010204
3984.279476,0.012245
3981.659389,0.012245
3979.039301,0.012245
3976.419214,0.012245
3973.799127,0.012245
3971.179039,0.012245
3968.558952,0.012245
3965.938865,0.012245
3963.318777,0.012245
3960.698690,0.012245
3958.078603,0.012245
3955.458515,0.012245
3952.838428,0.010204
3950.218341,0.010204
3947.598253,0.010204
3944.978166,0.010204
3942.358079,0.010204
3939.737991,0.012245
3937.117904,0.010204
3934.497817,0.010204
3931.877729,0.010204
3929.257642,0.010204
3926.637555,0.010204
3924.017467,0.010204
3921.397380,0.010204
3918.777293,0.010204
3916.157205,0.010204
3913.537118,0.010204
3910.917031,0.010204
3908.296943,0.010204
3905.676856,0.010204
3903.056769,0.010204
3900.436681,0.010204
3897.816594,0.010204
3895.196507,0.010204
3892.576419,0.010204
3889.956332,0.010204
3887.336245,0.010204
3884.716157,0.010204
3882.096070,0.010204
3879.475983,0.010204
3876.855895,0.010204
3874.235808,0.010204
3871.615721,0.010204
3868.995633,0.010204
3866.375546,0.010204
3863.755459,0.010204
3861.135371,0.010204
3858.515284,0.010204
3855.895197,0.010204
3853.275109,0.010204
3850.655022,0.010204
3848.034934,0.010204
3845.414847,0.010204
3842.794760,0.010204
3840.174672,0.010204
3837.554585,0.010204
3834.934498,0.010204
3832.314410,0.010204
3829.694323,0.010204
3827.074236,0.010204
3824.454148,0.010204
3821.834061,0.010204
3819.213974,0.010204
3816.593886,0.010204
3813.973799,0.010204
3811.353712,0.010204
3808.733624,0.010204
3806.113537,0.010204
3803.493450,0.010204
3800.873362,0.010204
3798.253275,0.010204
3795.633188,0.010204
3793.013100,0.010204
3790.393013,0.010204
3787.772926,0.010204
3785.152838,0.010204
3782.532751,0.010204
3779.912664,0.010204
3777.292576,0.010204
3774.672489,0.010204
3772.052402,0.010204
3769.432314,0.010204
3766.812227,0.010204
3764.192140,0.010204
3761.572052,0.010204
3758.951965,0.010204
3756.331878,0.010204
3753.711790,0.010204
3751.091703,0.010204
3748.471616,0.010204
3745.851528,0.010204
3743.231441,0.010204
3740.611354,0.010204
3737.991266,0.010204
3735.371179,0.010204
3732.751092,0.010204
3730.131004,0.010204
3727.510917,0.010204
3724.890830,0.010204
3722.270742,0.010204
3719.650655,0.010204
3717.030568,0.010204
3714.410480,0.010204
3711.790393,0.010204
3709.170306,0.010204
3706.550218,0.010204
3703.930131,0.010204
3701.310044,0.010204
3698.689956,0.010204
3696.069869,0.010204
3693.449782,0.010204
3690.829694,0.012245
3688.209607,0.012245
3685.589520,0.010204
3682.969432,0.010204
3680.349345,0.010204
3677.729258,0.010204
3675.109170,0.010204
3672.489083,0.010204
3669.868996,0.010204
3667.248908,0.010204
3664.628821,0.010204
3662.008734,0.010204
3659.388646,0.010204
3656.768559,0.010204
3654.148472,0.010204
3651.528384,0.010204
3648.908297,0.010204
3646.288210,0.010204
3643.668122,0.010204
3641.048035,0.010204
3638.427948,0.010204
3635.807860,0.010204
3633.187773,0.010204
3630.567686,0.010204
3627.947598,0.010204
3625.327511,0.010204
3622.707424,0.010204
3620.087336,0.010204
3617.467249,0.010204
3614.847162,0.010204
3612.227074,0.010204
3609.606987,0.010204
3606.986900,0.010204
3604.366812,0.010204
3601.746725,0.010204
3599.126638,0.010204
3596.506550,0.010204
3593.886463,0.010204
3591.266376,0.010204
3588.646288,0.010204
3586.026201,0.010204
3583.406114,0.010204
3580.786026,0.010204
3578.165939,0.010204
3575.545852,0.010204
3572.925764,0.010204
3570.305677,0.010204
3567.685590,0.010204
3565.065502,0.010204
3562.445415,0.010204
3559.825328,0.010204
3557.205240,0.010204
3554.585153,0.012245
3551.965066,0.012245
3549.344978,0.010204
3546.724891,0.012245
3544.104803,0.012245
3541.484716,0.012245
3538.864629,0.012245
3536.244541,0.012245
3533.624454,0.012245
3531.004367,0.012245
3528.384279,0.012245
3525.764192,0.012245
3523.144105,0.012245
3520.524017,0.012245
3517.903930,0.012245
3515.283843,0.012245
3512.663755,0.014286
3510.043668,0.014286
3507.423581,0.014286
3504.803493,0.012245
3502.183406,0.014286
3499.563319,0.014286
3496.943231,0.014286
3494.323144,0.014286
3491.703057,0.014286
3489.082969,0.016327
3486.462882,0.016327
3483.842795,0.016327
3481.222707,0.018367
3478.602620,0.018367
3475.982533,0.020408
3473.362445,0.020408
3470.742358,0.022449
3468.122271,0.022449
3465.502183,0.022449
3462.882096,0.024490
3460.262009,0.024490
3457.641921,0.022449
3455.021834,0.022449
3452.401747,0.022449
3449.781659,0.022449
3447.161572,0.022449
3444.541485,0.020408
3441.921397,0.020408
3439.301310,0.020408
3436.681223,0.020408
3434.061135,0.018367
3431.441048,0.018367
3428.820961,0.018367
3426.200873,0.018367
3423.580786,0.018367
3420.960699,0.018367
3418.340611,0.018367
3415.720524,0.018367
3413.100437,0.018367
3410.480349,0.018367
3407.860262,0.018367
3405.240175,0.018367
3402.620087,0.018367
3400.000000,0.018367
3397.379913,0.018367
3394.759825,0.018367
3392.139738,0.018367
3389.519651,0.018367
3386.899563,0.018367
3384.279476,0.018367
3381.659389,0.018367
3379.039301,0.018367
3376.419214,0.018367
3373.799127,0.018367
3371.179039,0.018367
3368.558952,0.018367
3365.938865,0.018367
3363.318777,0.018367
3360.698690,0.018367
3358.078603,0.018367
3355.458515,0.018367
3352.838428,0.018367
3350.218341,0.018367
3347.598253,0.018367
3344.978166,0.018367
3342.358079,0.018367
3339.737991,0.018367
3337.117904,0.018367
3334.497817,0.018367
3331.877729,0.018367
3329.257642,0.018367
3326.637555,0.018367
3324.017467,0.018367
3321.397380,0.018367
3318.777293,0.018367
3316.157205,0.018367
3313.537118,0.018367
3310.917031,0.018367
3308.296943,0.018367
3305.676856,0.016327
3303.056769,0.018367
3300.436681,0.018367
3297.816594,0.016327
3295.196507,0.018367
3292.576419,0.018367
3289.956332,0.018367
3287.336245,0.018367
3284.716157,0.016327
3282.096070,0.016327
3279.475983,0.016327
3276.855895,0.018367
3274.235808,0.016327
3271.615721,0.016327
3268.995633,0.016327
3266.375546,0.016327
3263.755459,0.016327
3261.135371,0.016327
3258.515284,0.016327
3255.895197,0.016327
3253.275109,0.016327
3250.655022,0.016327
3248.034934,0.016327
3245.414847,0.016327
3242.794760,0.016327
3240.174672,0.016327
3237.554585,0.016327
3234.934498,0.016327
3232.314410,0.016327
3229.694323,0.016327
3227.074236,0.016327
3224.454148,0.016327
3221.834061,0.016327
3219.213974,0.016327
3216.593886,0.016327
3213.973799,0.016327
3211.353712,0.016327
3208.733624,0.016327
3206.113537,0.016327
3203.493450,0.016327
3200.873362,0.016327
3198.253275,0.016327
3195.633188,0.018367
3193.013100,0.016327
3190.393013,0.016327
3187.772926,0.016327
3185.152838,0.016327
3182.532751,0.016327
3179.912664,0.016327
3177.292576,0.016327
3174.672489,0.016327
3172.052402,0.016327
3169.432314,0.016327
3166.812227,0.016327
3164.192140,0.016327
3161.572052,0.016327
3158.951965,0.016327
3156.331878,0.016327
3153.711790,0.016327
3151.091703,0.016327
3148.471616,0.016327
3145.851528,0.016327
3143.231441,0.016327
3140.611354,0.016327
3137.991266,0.016327
3135.371179,0.016327
3132.751092,0.016327
3130.131004,0.016327
3127.510917,0.016327
3124.890830,0.018367
3122.270742,0.018367
3119.650655,0.018367
3117.030568,0.016327
3114.410480,0.018367
3111.790393,0.018367
3109.170306,0.018367
3106.550218,0.018367
3103.930131,0.018367
3101.310044,0.018367
3098.689956,0.018367
3096.069869,0.018367
3093.449782,0.018367
3090.829694,0.018367
3088.209607,0.018367
3085.589520,0.018367
3082.969432,0.018367
3080.349345,0.018367
3077.729258,0.018367
3075.109170,0.018367
3072.489083,0.018367
3069.868996,0.018367
3067.248908,0.018367
3064.628821,0.018367
3062.008734,0.018367
3059.388646,0.018367
3056.768559,0.018367
3054.148472,0.018367
3051.528384,0.018367
3048.908297,0.020408
3046.288210,0.020408
3043.668122,0.020408
3041.048035,0.020408
3038.427948,0.022449
3035.807860,0.022449
3033.187773,0.022449
3030.567686,0.024490
3027.947598,0.024490
3025.327511,0.024490
3022.707424,0.026531
3020.087336,0.026531
3017.467249,0.026531
3014.847162,0.026531
3012.227074,0.026531
3009.606987,0.026531
3006.986900,0.028571
3004.366812,0.028571
3001.746725,0.030612
2999.126638,0.032653
2996.506550,0.036735
2993.886463,0.038776
2991.266376,0.042857
2988.646288,0.044898
2986.026201,0.051020
2983.406114,0.055102
2980.786026,0.059184
2978.165939,0.063265
2975.545852,0.069388
2972.925764,0.075510
2970.305677,0.079592
2967.685590,0.083673
2965.065502,0.087755
2962.445415,0.087755
2959.825328,0.087755
2957.205240,0.085714
2954.585153,0.081633
2951.965066,0.075510
2949.344978,0.067347
2946.724891,0.059184
2944.104803,0.053061
2941.484716,0.051020
2938.864629,0.048980
2936.244541,0.046939
2933.624454,0.044898
2931.004367,0.042857
2928.384279,0.040816
2925.764192,0.040816
2923.144105,0.038776
2920.524017,0.038776
2917.903930,0.042857
2915.283843,0.048980
2912.663755,0.055102
2910.043668,0.063265
2907.423581,0.069388
2904.803493,0.071429
2902.183406,0.071429
2899.563319,0.069388
2896.943231,0.065306
2894.323144,0.059184
2891.703057,0.051020
2889.082969,0.044898
2886.462882,0.036735
2883.842795,0.032653
2881.222707,0.026531
2878.602620,0.024490
2875.982533,0.020408
2873.362445,0.020408
2870.742358,0.018367
2868.122271,0.018367
2865.502183,0.016327
2862.882096,0.016327
2860.262009,0.016327
2857.641921,0.014286
2855.021834,0.014286
2852.401747,0.014286
2849.781659,0.014286
2847.161572,0.014286
2844.541485,0.012245
2841.921397,0.012245
2839.301310,0.012245
2836.681223,0.012245
2834.061135,0.010204
2831.441048,0.010204
2828.820961,0.010204
2826.200873,0.010204
2823.580786,0.010204
2820.960699,0.010204
2818.340611,0.008163
2815.720524,0.008163
2813.100437,0.008163
2810.480349,0.008163
2807.860262,0.008163
2805.240175,0.008163
2802.620087,0.008163
2800.000000,0.008163
2797.379913,0.008163
2794.759825,0.010204
2792.139738,0.010204
2789.519651,0.008163
2786.899563,0.010204
2784.279476,0.010204
2781.659389,0.008163
2779.039301,0.008163
2776.419214,0.008163
2773.799127,0.008163
2771.179039,0.008163
2768.558952,0.008163
2765.938865,0.008163
2763.318777,0.008163
2760.698690,0.008163
2758.078603,0.008163
2755.458515,0.008163
2752.838428,0.008163
2750.218341,0.006122
2747.598253,0.006122
2744.978166,0.006122
2742.358079,0.006122
2739.737991,0.006122
2737.117904,0.006122
2734.497817,0.008163
2731.877729,0.008163
2729.257642,0.006122
2726.637555,0.006122
2724.017467,0.006122
2721.397380,0.006122
2718.777293,0.006122
2716.157205,0.006122
2713.537118,0.006122
2710.917031,0.008163
2708.296943,0.006122
2705.676856,0.006122
2703.056769,0.006122
2700.436681,0.006122
2697.816594,0.006122
2695.196507,0.006122
2692.576419,0.006122
2689.956332,0.006122
2687.336245,0.006122
2684.716157,0.006122
2682.096070,0.006122
2679.475983,0.006122
2676.855895,0.006122
2674.235808,0.006122
2671.615721,0.006122
2668.995633,0.006122
2666.375546,0.006122
2663.755459,0.006122
2661.135371,0.008163
2658.515284,0.008163
2655.895197,0.008163
2653.275109,0.006122
2650.655022,0.006122
2648.034934,0.006122
2645.414847,0.006122
2642.794760,0.006122
2640.174672,0.006122
2637.554585,0.006122
2634.934498,0.006122
2632.314410,0.006122
2629.694323,0.006122
2627.074236,0.006122
2624.454148,0.006122
2621.834061,0.006122
2619.213974,0.008163
2616.593886,0.008163
2613.973799,0.006122
2611.353712,0.006122
2608.733624,0.006122
2606.113537,0.006122
2603.493450,0.006122
2600.873362,0.006122
2598.253275,0.006122
2595.633188,0.006122
2593.013100,0.006122
2590.393013,0.006122
2587.772926,0.006122
2585.152838,0.006122
2582.532751,0.006122
2579.912664,0.006122
2577.292576,0.006122
2574.672489,0.006122
2572.052402,0.006122
2569.432314,0.006122
2566.812227,0.006122
2564.192140,0.006122
2561.572052,0.006122
2558.951965,0.006122
2556.331878,0.006122
2553.711790,0.004082
2551.091703,0.006122
2548.471616,0.006122
2545.851528,0.004082
2543.231441,0.004082
2540.611354,0.004082
2537.991266,0.004082
2535.371179,0.004082
2532.751092,0.004082
2530.131004,0.004082
2527.510917,0.004082
2524.890830,0.004082
2522.270742,0.004082
2519.650655,0.004082
2517.030568,0.004082
2514.410480,0.004082
2511.790393,0.004082
2509.170306,0.006122
2506.550218,0.006122
2503.930131,0.006122
2501.310044,0.006122
2498.689956,0.004082
2496.069869,0.006122
2493.449782,0.006122
2490.829694,0.006122
2488.209607,0.006122
2485.589520,0.006122
2482.969432,0.006122
2480.349345,0.006122
2477.729258,0.006122
2475.109170,0.006122
2472.489083,0.006122
2469.868996,0.006122
2467.248908,0.006122
2464.628821,0.006122
2462.008734,0.006122
2459.388646,0.006122
2456.768559,0.006122
2454.148472,0.006122
2451.528384,0.006122
2448.908297,0.006122
2446.288210,0.006122
2443.668122,0.006122
2441.048035,0.006122
2438.427948,0.006122
2435.807860,0.006122
2433.187773,0.006122
2430.567686,0.004082
2427.947598,0.004082
2425.327511,0.004082
2422.707424,0.004082
2420.087336,0.004082
2417.467249,0.004082
2414.847162,0.006122
2412.227074,0.006122
2409.606987,0.006122
2406.986900,0.006122
2404.366812,0.006122
2401.746725,0.004082
2399.126638,0.004082
2396.506550,0.004082
2393.886463,0.004082
2391.266376,0.004082
2388.646288,0.004082
2386.026201,0.004082
2383.406114,0.004082
2380.786026,0.004082
2378.165939,0.004082
2375.545852,0.004082
2372.925764,0.004082
2370.305677,0.004082
2367.685590,0.004082
2365.065502,0.004082
2362.445415,0.004082
2359.825328,0.004082
2357.205240,0.004082
2354.585153,0.004082
2351.965066,0.004082
2349.344978,0.004082
2346.724891,0.004082
2344.104803,0.004082
2341.484716,0.004082
2338.864629,0.004082
2336.244541,0.004082
2333.624454,0.004082
2331.004367,0.004082
2328.384279,0.004082
2325.764192,0.004082
2323.144105,0.004082
2320.524017,0.004082
2317.903930,0.004082
2315.283843,0.002041
2312.663755,0.004082
2310.043668,0.002041
2307.423581,0.004082
2304.803493,0.004082
2302.183406,0.004082
2299.563319,0.004082
2296.943231,0.004082
2294.323144,0.004082
2291.703057,0.004082
2289.082969,0.004082
2286.462882,0.004082
2283.842795,0.004082
2281.222707,0.004082
2278.602620,0.004082
2275.982533,0.004082
2273.362445,0.004082
2270.742358,0.004082
2268.122271,0.004082
2265.502183,0.004082
2262.882096,0.004082
2260.262009,0.004082
2257.641921,0.004082
2255.021834,0.004082
2252.401747,0.004082
2249.781659,0.002041
2247.161572,0.004082
2244.541485,0.004082
2241.921397,0.004082
2239.301310,0.004082
2236.681223,0.004082
2234.061135,0.004082
2231.441048,0.002041
2228.820961,0.004082
2226.200873,0.004082
2223.580786,0.004082
2220.960699,0.004082
2218.340611,0.004082
2215.720524,0.004082
2213.100437,0.004082
2210.480349,0.004082
2207.860262,0.004082
2205.240175,0.004082
2202.620087,0.004082
2200.000000,0.004082
2197.379913,0.004082
2194.759825,0.002041
2192.139738,0.002041
2189.519651,0.002041
2186.899563,0.004082
2184.279476,0.004082
2181.659389,0.004082
2179.039301,0.004082
2176.419214,0.004082
2173.799127,0.004082
2171.179039,0.004082
2168.558952,0.004082
2165.938865,0.004082
2163.318777,0.004082
2160.698690,0.004082
2158.078603,0.004082
2155.458515,0.004082
2152.838428,0.004082
2150.218341,0.006122
2147.598253,0.004082
2144.978166,0.004082
2142.358079,0.004082
2139.737991,0.004082
2137.117904,0.004082
2134.497817,0.004082
2131.877729,0.004082
2129.257642,0.004082
2126.637555,0.004082
2124.017467,0.004082
2121.397380,0.002041
2118.777293,0.002041
2116.157205,0.002041
2113.537118,0.002041
2110.917031,0.002041
2108.296943,0.002041
2105.676856,0.002041
2103.056769,0.004082
2100.436681,0.004082
2097.816594,0.002041
2095.196507,0.004082
2092.576419,0.004082
2089.956332,0.004082
2087.336245,0.004082
2084.716157,0.004082
2082.096070,0.004082
2079.475983,0.004082
2076.855895,0.006122
2074.235808,0.006122
2071.615721,0.006122
2068.995633,0.006122
2066.375546,0.006122
2063.755459,0.006122
2061.135371,0.006122
2058.515284,0.006122
2055.895197,0.004082
2053.275109,0.004082
2050.655022,0.004082
2048.034934,0.004082
2045.414847,0.004082
2042.794760,0.004082
2040.174672,0.004082
2037.554585,0.004082
2034.934498,0.004082
2032.314410,0.004082
2029.694323,0.004082
2027.074236,0.004082
2024.454148,0.004082
2021.834061,0.004082
2019.213974,0.004082
2016.593886,0.004082
2013.973799,0.004082
2011.353712,0.004082
2008.733624,0.004082
2006.113537,0.004082
2003.493450,0.004082
2000.873362,0.004082
1998.253275,0.004082
1995.633188,0.004082
1993.013100,0.004082
1990.393013,0.004082
1987.772926,0.004082
1985.152838,0.004082
1982.532751,0.004082
1979.912664,0.004082
1977.292576,0.004082
1974.672489,0.004082
1972.052402,0.004082
1969.432314,0.004082
1966.812227,0.004082
1964.192140,0.004082
1961.572052,0.004082
1958.951965,0.004082
1956.331878,0.004082
1953.711790,0.004082
1951.091703,0.004082
1948.471616,0.004082
1945.851528,0.004082
1943.231441,0.004082
1940.611354,0.004082
1937.991266,0.004082
1935.371179,0.004082
1932.751092,0.004082
1930.131004,0.004082
1927.510917,0.004082
1924.890830,0.004082
1922.270742,0.004082
1919.650655,0.004082
1917.030568,0.004082
1914.410480,0.004082
1911.790393,0.004082
1909.170306,0.004082
1906.550218,0.004082
1903.930131,0.002041
1901.310044,0.004082
1898.689956,0.004082
1896.069869,0.004082
1893.449782,0.004082
1890.829694,0.004082
1888.209607,0.004082
1885.589520,0.004082
1882.969432,0.004082
1880.349345,0.004082
1877.729258,0.004082
1875.109170,0.004082
1872.489083,0.004082
1869.868996,0.004082
1867.248908,0.006122
1864.628821,0.006122
1862.008734,0.006122
1859.388646,0.006122
1856.768559,0.006122
1854.148472,0.006122
1851.528384,0.006122
1848.908297,0.006122
1846.288210,0.006122
1843.668122,0.006122
1841.048035,0.006122
1838.427948,0.006122
1835.807860,0.008163
1833.187773,0.008163
1830.567686,0.008163
1827.947598,0.010204
1825.327511,0.010204
1822.707424,0.012245
1820.087336,0.012245
1817.467249,0.014286
1814.847162,0.014286
1812.227074,0.014286
1809.606987,0.016327
1806.986900,0.016327
1804.366812,0.018367
1801.746725,0.020408
1799.126638,0.020408
1796.506550,0.022449
1793.886463,0.024490
1791.266376,0.026531
1788.646288,0.028571
1786.026201,0.030612
1783.406114,0.034694
1780.786026,0.036735
1778.165939,0.040816
1775.545852,0.046939
1772.925764,0.055102
1770.305677,0.067347
1767.685590,0.083673
1765.065502,0.110204
1762.445415,0.155102
1759.825328,0.234694
1757.205240,0.359184
1754.585153,0.542857
1751.965066,0.751020
1749.344978,0.924490
1746.724891,0.993878
1744.104803,1.000000
1741.484716,0.997959
1738.864629,0.963265
1736.244541,0.846939
1733.624454,0.700000
1731.004367,0.553061
1728.384279,0.418367
1725.764192,0.320408
1723.144105,0.246939
1720.524017,0.191837
1717.903930,0.157143
1715.283843,0.130612
1712.663755,0.112245
1710.043668,0.097959
1707.423581,0.089796
1704.803493,0.083673
1702.183406,0.077551
1699.563319,0.071429
1696.943231,0.067347
1694.323144,0.059184
1691.703057,0.053061
1689.082969,0.046939
1686.462882,0.042857
1683.842795,0.036735
1681.222707,0.032653
1678.602620,0.030612
1675.982533,0.026531
1673.362445,0.024490
1670.742358,0.022449
1668.122271,0.022449
1665.502183,0.020408
1662.882096,0.020408
1660.262009,0.020408
1657.641921,0.020408
1655.021834,0.020408
1652.401747,0.020408
1649.781659,0.020408
1647.161572,0.018367
1644.541485,0.016327
1641.921397,0.014286
1639.301310,0.014286
1636.681223,0.012245
1634.061135,0.010204
1631.441048,0.008163
1628.820961,0.008163
1626.200873,0.008163
1623.580786,0.008163
1620.960699,0.006122
1618.340611,0.006122
1615.720524,0.006122
1613.100437,0.006122
1610.480349,0.006122
1607.860262,0.006122
1605.240175,0.006122
1602.620087,0.004082
1600.000000,0.004082
1597.379913,0.004082
1594.759825,0.004082
1592.139738,0.004082
1589.519651,0.004082
1586.899563,0.004082
1584.279476,0.004082
1581.659389,0.004082
1579.039301,0.004082
1576.419214,0.006122
1573.799127,0.004082
1571.179039,0.004082
1568.558952,0.004082
1565.938865,0.004082
1563.318777,0.006122
1560.698690,0.006122
1558.078603,0.006122
1555.458515,0.006122
1552.838428,0.006122
1550.218341,0.006122
1547.598253,0.008163
1544.978166,0.008163
1542.358079,0.008163
1539.737991,0.008163
1537.117904,0.008163
1534.497817,0.008163
1531.877729,0.008163
1529.257642,0.008163
1526.637555,0.008163
1524.017467,0.008163
1521.397380,0.008163
1518.777293,0.010204
1516.157205,0.010204
1513.537118,0.010204
1510.917031,0.010204
1508.296943,0.012245
1505.676856,0.012245
1503.056769,0.012245
1500.436681,0.014286
1497.816594,0.016327
1495.196507,0.016327
1492.576419,0.016327
1489.956332,0.020408
1487.336245,0.024490
1484.716157,0.032653
1482.096070,0.040816
1479.475983,0.046939
1476.855895,0.048980
1474.235808,0.051020
1471.615721,0.051020
1468.995633,0.048980
1466.375546,0.051020
1463.755459,0.057143
1461.135371,0.067347
1458.515284,0.075510
1455.895197,0.079592
1453.275109,0.077551
1450.655022,0.075510
1448.034934,0.065306
1445.414847,0.057143
1442.794760,0.061224
1440.174672,0.065306
1437.554585,0.069388
1434.934498,0.071429
1432.314410,0.073469
1429.694323,0.075510
1427.074236,0.077551
1424.454148,0.079592
1421.834061,0.081633
1419.213974,0.081633
1416.593886,0.079592
1413.973799,0.077551
1411.353712,0.085714
1408.733624,0.095918
1406.113537,0.106122
1403.493450,0.108163
1400.873362,0.110204
1398.253275,0.118367
1395.633188,0.128571
1393.013100,0.140816
1390.393013,0.167347
1387.772926,0.202041
1385.152838,0.224490
1382.532751,0.226531
1379.912664,0.224490
1377.292576,0.204082
1374.672489,0.165306
1372.052402,0.159184
1369.432314,0.202041
1366.812227,0.246939
1364.192140,0.257143
1361.572052,0.257143
1358.951965,0.238776
1356.331878,0.165306
1353.711790,0.100000
1351.091703,0.061224
1348.471616,0.042857
1345.851528,0.032653
1343.231441,0.026531
1340.611354,0.022449
1337.991266,0.020408
1335.371179,0.020408
1332.751092,0.022449
1330.131004,0.022449
1327.510917,0.026531
1324.890830,0.028571
1322.270742,0.034694
1319.650655,0.038776
1317.030568,0.042857
1314.410480,0.044898
1311.790393,0.046939
1309.170306,0.048980
1306.550218,0.053061
1303.930131,0.053061
1301.310044,0.055102
1298.689956,0.059184
1296.069869,0.063265
1293.449782,0.069388
1290.829694,0.079592
1288.209607,0.091837
1285.589520,0.102041
1282.969432,0.114286
1280.349345,0.132653
1277.729258,0.161224
1275.109170,0.202041
1272.489083,0.267347
1269.868996,0.357143
1267.248908,0.448980
1264.628821,0.483673
1262.008734,0.485714
1259.388646,0.481633
1256.768559,0.453061
1254.148472,0.518367
1251.528384,0.614286
1248.908297,0.720408
1246.288210,0.826531
1243.668122,0.897959
1241.048035,0.930612
1238.427948,0.934694
1235.807860,0.932653
1233.187773,0.908163
1230.567686,0.832653
1227.947598,0.714286
1225.327511,0.571429
1222.707424,0.457143
1220.087336,0.373469
1217.467249,0.320408
1214.847162,0.291837
1212.227074,0.271429
1209.606987,0.246939
1206.986900,0.220408
1204.366812,0.202041
1201.746725,0.189796
1199.126638,0.181633
1196.506550,0.179592
1193.886463,0.179592
1191.266376,0.177551
1188.646288,0.171429
1186.026201,0.157143
1183.406114,0.134694
1180.786026,0.110204
1178.165939,0.091837
1175.545852,0.077551
1172.925764,0.063265
1170.305677,0.053061
1167.685590,0.044898
1165.065502,0.038776
1162.445415,0.034694
1159.825328,0.030612
1157.205240,0.030612
1154.585153,0.028571
1151.965066,0.028571
1149.344978,0.028571
1146.724891,0.028571
1144.104803,0.028571
1141.484716,0.030612
1138.864629,0.030612
1136.244541,0.030612
1133.624454,0.032653
1131.004367,0.034694
1128.384279,0.036735
1125.764192,0.038776
1123.144105,0.040816
1120.524017,0.044898
1117.903930,0.046939
1115.283843,0.048980
1112.663755,0.051020
1110.043668,0.053061
1107.423581,0.055102
1104.803493,0.059184
1102.183406,0.061224
1099.563319,0.063265
1096.943231,0.065306
1094.323144,0.067347
1091.703057,0.071429
1089.082969,0.073469
1086.462882,0.077551
1083.842795,0.081633
1081.222707,0.085714
1078.602620,0.091837
1075.982533,0.100000
1073.362445,0.112245
1070.742358,0.134694
1068.122271,0.165306
1065.502183,0.200000
1062.882096,0.242857
1060.262009,0.297959
1057.641921,0.353061
1055.021834,0.402041
1052.401747,0.426531
1049.781659,0.430612
1047.161572,0.428571
1044.541485,0.420408
1041.921397,0.397959
1039.301310,0.371429
1036.681223,0.351020
1034.061135,0.334694
1031.441048,0.316327
1028.820961,0.291837
1026.200873,0.265306
1023.580786,0.234694
1020.960699,0.208163
1018.340611,0.185714
1015.720524,0.165306
1013.100437,0.144898
1010.480349,0.126531
1007.860262,0.108163
1005.240175,0.093878
1002.620087,0.081633
1000.000000,0.073469
997.379913,0.065306
994.759825,0.061224
992.139738,0.065306
989.519651,0.077551
986.899563,0.095918
984.279476,0.110204
981.659389,0.114286
979.039301,0.114286
976.419214,0.108163
973.799127,0.093878
971.179039,0.079592
968.558952,0.071429
965.938865,0.065306
963.318777,0.059184
960.698690,0.055102
958.078603,0.063265
955.458515,0.081633
952.838428,0.110204
950.218341,0.134694
947.598253,0.146939
944.978166,0.148980
942.358079,0.148980
939.737991,0.144898
937.117904,0.128571
934.497817,0.102041
931.877729,0.077551
929.257642,0.059184
926.637555,0.048980
924.017467,0.044898
921.397380,0.053061
918.777293,0.065306
916.157205,0.075510
913.537118,0.079592
910.917031,0.081633
908.296943,0.081633
905.676856,0.079592
903.056769,0.075510
900.436681,0.069388
897.816594,0.059184
895.196507,0.048980
892.576419,0.040816
889.956332,0.034694
887.336245,0.028571
884.716157,0.026531
882.096070,0.024490
879.475983,0.022449
876.855895,0.022449
874.235808,0.022449
871.615721,0.022449
868.995633,0.022449
866.375546,0.024490
863.755459,0.026531
861.135371,0.032653
858.515284,0.038776
855.895197,0.044898
853.275109,0.055102
850.655022,0.063265
848.034934,0.069388
845.414847,0.073469
842.794760,0.075510
840.174672,0.075510
837.554585,0.073469
834.934498,0.079592
832.314410,0.102041
829.694323,0.134694
827.074236,0.177551
824.454148,0.214286
821.834061,0.244898
819.213974,0.281633
816.593886,0.330612
813.973799,0.373469
811.353712,0.385714
808.733624,0.385714
806.113537,0.381633
803.493450,0.353061
800.873362,0.344898
798.253275,0.391837
795.633188,0.434694
793.013100,0.444898
790.393013,0.444898
787.772926,0.432653
785.152838,0.383673
782.532751,0.326531
779.912664,0.291837
777.292576,0.279592
774.672489,0.259184
772.052402,0.224490
769.432314,0.195918
766.812227,0.173469
764.192140,0.155102
761.572052,0.136735
758.951965,0.134694
756.331878,0.138776
753.711790,0.138776
751.091703,0.138776
748.471616,0.134694
745.851528,0.116327
743.231441,0.091837
740.611354,0.071429
737.991266,0.055102
735.371179,0.044898
732.751092,0.038776
730.131004,0.038776
727.510917,0.040816
724.890830,0.044898
722.270742,0.048980
719.650655,0.053061
717.030568,0.057143
714.410480,0.063265
711.790393,0.069388
709.170306,0.071429
706.550218,0.071429
703.930131,0.069388
701.310044,0.067347
698.689956,0.063265
696.069869,0.059184
693.449782,0.053061
690.829694,0.048980
688.209607,0.042857
685.589520,0.038776
682.969432,0.036735
680.349345,0.034694
677.729258,0.034694
675.109170,0.040816
672.489083,0.057143
669.868996,0.077551
667.248908,0.108163
664.628821,0.122449
662.008734,0.122449
659.388646,0.120408
656.768559,0.108163
654.148472,0.079592
651.528384,0.059184
648.908297,0.053061
646.288210,0.059184
643.668122,0.059184
641.048035,0.057143
638.427948,0.057143
635.807860,0.061224
633.187773,0.061224
630.567686,0.061224
627.947598,0.055102
625.327511,0.038776
622.707424,0.028571
620.087336,0.024490
617.467249,0.026531
614.847162,0.036735
612.227074,0.051020
609.606987,0.071429
606.986900,0.081633
604.366812,0.081633
601.746725,0.081633
599.126638,0.067347
596.506550,0.055102
593.886463,0.053061
591.266376,0.051020
588.646288,0.046939
586.026201,0.042857
583.406114,0.036735
580.786026,0.030612
578.165939,0.024490
575.545852,0.020408
572.925764,0.014286
570.305677,0.010204
567.685590,0.008163
565.065502,0.006122
562.445415,0.004082
559.825328,0.004082
557.205240,0.004082
554.585153,0.002041
551.965066,0.002041
549.344978,0.002041
546.724891,0.002041
544.104803,0.002041
541.484716,0.002041
538.864629,0.002041
536.244541,0.002041
533.624454,0.002041
531.004367,0.002041
528.384279,0.002041
525.764192,0.002041
523.144105,0.002041
520.524017,0.002041
517.903930,0.002041
515.283843,0.002041
512.663755,0.002041
510.043668,0.002041
507.423581,0.002041
504.803493,0.002041
502.183406,0.002041
499.563319,0.002041
496.943231,0.002041
494.323144,0.002041
491.703057,0.002041
489.082969,0.002041
486.462882,0.002041
483.842795,0.002041
481.222707,0.002041
478.602620,0.002041
475.982533,0.002041
473.362445,0.002041
470.742358,0.002041
468.122271,0.002041
465.502183,0.002041
462.882096,0.002041
460.262009,0.002041
457.641921,0.002041
455.021834,0.002041
452.401747,0.002041
449.781659,0.002041
447.161572,nan
444.541485,nan
441.921397,nan
439.301310,nan
436.681223,nan
434.061135,nan
431.441048,nan
428.820961,nan
426.200873,nan
423.580786,nan
420.960699,nan
418.340611,nan
415.720524,nan
413.100437,nan
410.480349,nan
407.860262,nan
405.240175,nan
402.620087,nan
400.000000,nan
