4000.000000,0.016327
3997.379913,0.018367
3994.759825,0.018367
3992.139738,0.018367
3989.519651,0.018367
3986.899563,0.018367
3984.279476,0.018367
3981.659389,0.016327
3979.039301,0.018367
3976.419214,0.018367
3973.799127,0.018367
3971.179039,0.018367
3968.558952,0.016327
3965.938865,0.016327
3963.318777,0.016327
3960.698690,0.016327
3958.078603,0.016327
3955.458515,0.016327
3952.838428,0.016327
3950.218341,0.016327
3947.598253,0.016327
3944.978166,0.016327
3942.358079,0.016327
3939.737991,0.016327
3937.117904,0.016327
3934.497817,0.016327
3931.877729,0.018367
3929.257642,0.018367
3926.637555,0.016327
3924.017467,0.016327
3921.397380,0.016327
3918.777293,0.016327
3916.157205,0.016327
3913.537118,0.016327
3910.917031,0.016327
3908.296943,0.016327
3905.676856,0.018367
3903.056769,0.018367
3900.436681,0.018367
3897.816594,0.016327
3895.196507,0.014286
3892.576419,0.016327
3889.956332,0.016327
3887.336245,0.016327
3884.716157,0.016327
3882.096070,0.016327
3879.475983,0.016327
3876.855895,0.016327
3874.235808,0.016327
3871.615721,0.016327
3868.995633,0.016327
3866.375546,0.016327
3863.755459,0.016327
3861.135371,0.016327
3858.515284,0.014286
3855.895197,0.016327
3853.275109,0.020408
3850.655022,0.020408
3848.034934,0.016327
3845.414847,0.014286
3842.794760,0.016327
3840.174672,0.016327
3837.554585,0.016327
3834.934498,0.016327
3832.314410,0.014286
3829.694323,0.014286
3827.074236,0.014286
3824.454148,0.016327
3821.834061,0.016327
3819.213974,0.018367
3816.593886,0.016327
3813.973799,0.014286
3811.353712,0.014286
3808.733624,0.014286
3806.113537,0.016327
3803.493450,0.016327
3800.873362,0.016327
3798.253275,0.016327
3795.633188,0.014286
3793.013100,0.014286
3790.393013,0.014286
3787.772926,0.014286
3785.152838,0.014286
3782.532751,0.014286
3779.912664,0.014286
3777.292576,0.016327
3774.672489,0.014286
3772.052402,0.014286
3769.432314,0.016327
3766.812227,0.016327
3764.192140,0.014286
3761.572052,0.014286
3758.951965,0.016327
3756.331878,0.016327
3753.711790,0.014286
3751.091703,0.016327
3748.471616,0.018367
3745.851528,0.016327
3743.231441,0.016327
3740.611354,0.014286
3737.991266,0.016327
3735.371179,0.018367
3732.751092,0.018367
3730.131004,0.016327
3727.510917,0.014286
3724.890830,0.014286
3722.270742,0.014286
3719.650655,0.014286
3717.030568,0.014286
3714.410480,0.014286
3711.790393,0.016327
3709.170306,0.016327
3706.550218,0.016327
3703.930131,0.014286
3701.310044,0.014286
3698.689956,0.014286
3696.069869,0.014286
3693.449782,0.014286
3690.829694,0.016327
3688.209607,0.016327
3685.589520,0.016327
3682.969432,0.012245
3680.349345,0.014286
3677.729258,0.016327
3675.109170,0.018367
3672.489083,0.018367
3669.868996,0.016327
3667.248908,0.016327
3664.628821,0.012245
3662.008734,0.014286
3659.388646,0.014286
3656.768559,0.016327
3654.148472,0.016327
3651.528384,0.016327
3648.908297,0.018367
3646.288210,0.018367
3643.668122,0.016327
3641.048035,0.014286
3638.427948,0.014286
3635.807860,0.014286
3633.187773,0.016327
3630.567686,0.016327
3627.947598,0.018367
3625.327511,0.018367
3622.707424,0.014286
3620.087336,0.016327
3617.467249,0.016327
3614.847162,0.016327
3612.227074,0.016327
3609.606987,0.016327
3606.986900,0.016327
3604.366812,0.014286
3601.746725,0.014286
3599.126638,0.016327
3596.506550,0.014286
3593.886463,0.014286
3591.266376,0.014286
3588.646288,0.014286
3586.026201,0.016327
3583.406114,0.014286
3580.786026,0.012245
3578.165939,0.014286
3575.545852,0.014286
3572.925764,0.014286
3570.305677,0.012245
3567.685590,0.014286
3565.065502,0.014286
3562.445415,0.014286
3559.825328,0.012245
3557.205240,0.012245
3554.585153,0.012245
3551.965066,0.014286
3549.344978,0.014286
3546.724891,0.014286
3544.104803,0.014286
3541.484716,0.012245
3538.864629,0.012245
3536.244541,0.014286
3533.624454,0.014286
3531.004367,0.012245
3528.384279,0.014286
3525.764192,0.014286
3523.144105,0.014286
3520.524017,0.012245
3517.903930,0.012245
3515.283843,0.012245
3512.663755,0.012245
3510.043668,0.014286
3507.423581,0.014286
3504.803493,0.014286
3502.183406,0.014286
3499.563319,0.014286
3496.943231,0.014286
3494.323144,0.014286
3491.703057,0.014286
3489.082969,0.014286
3486.462882,0.014286
3483.842795,0.014286
3481.222707,0.014286
3478.602620,0.014286
3475.982533,0.014286
3473.362445,0.014286
3470.742358,0.014286
3468.122271,0.014286
3465.502183,0.014286
3462.882096,0.014286
3460.262009,0.014286
3457.641921,0.014286
3455.021834,0.014286
3452.401747,0.014286
3449.781659,0.014286
3447.161572,0.016327
3444.541485,0.016327
3441.921397,0.014286
3439.301310,0.016327
3436.681223,0.014286
3434.061135,0.014286
3431.441048,0.014286
3428.820961,0.014286
3426.200873,0.014286
3423.580786,0.016327
3420.960699,0.016327
3418.340611,0.016327
3415.720524,0.016327
3413.100437,0.016327
3410.480349,0.016327
3407.860262,0.016327
3405.240175,0.016327
3402.620087,0.016327
3400.000000,0.014286
3397.379913,0.014286
3394.759825,0.016327
3392.139738,0.016327
3389.519651,0.016327
3386.899563,0.016327
3384.279476,0.016327
3381.659389,0.016327
3379.039301,0.016327
3376.419214,0.016327
3373.799127,0.016327
3371.179039,0.016327
3368.558952,0.016327
3365.938865,0.016327
3363.318777,0.014286
3360.698690,0.014286
3358.078603,0.014286
3355.458515,0.016327
3352.838428,0.016327
3350.218341,0.014286
3347.598253,0.016327
3344.978166,0.016327
3342.358079,0.016327
3339.737991,0.014286
3337.117904,0.014286
3334.497817,0.014286
3331.877729,0.014286
3329.257642,0.014286
3326.637555,0.014286
3324.017467,0.014286
3321.397380,0.014286
3318.777293,0.014286
3316.157205,0.014286
3313.537118,0.014286
3310.917031,0.014286
3308.296943,0.014286
3305.676856,0.014286
3303.056769,0.014286
3300.436681,0.014286
3297.816594,0.014286
3295.196507,0.014286
3292.576419,0.014286
3289.956332,0.014286
3287.336245,0.014286
3284.716157,0.014286
3282.096070,0.014286
3279.475983,0.014286
3276.855895,0.014286
3274.235808,0.014286
3271.615721,0.014286
3268.995633,0.014286
3266.375546,0.014286
3263.755459,0.014286
3261.135371,0.014286
3258.515284,0.014286
3255.895197,0.014286
3253.275109,0.014286
3250.655022,0.014286
3248.034934,0.014286
3245.414847,0.014286
3242.794760,0.014286
3240.174672,0.014286
3237.554585,0.014286
3234.934498,0.014286
3232.314410,0.014286
3229.694323,0.014286
3227.074236,0.014286
3224.454148,0.014286
3221.834061,0.014286
3219.213974,0.014286
3216.593886,0.014286
3213.973799,0.016327
3211.353712,0.016327
3208.733624,0.014286
3206.113537,0.014286
3203.493450,0.014286
3200.873362,0.016327
3198.253275,0.016327
3195.633188,0.016327
3193.013100,0.016327
3190.393013,0.016327
3187.772926,0.016327
3185.152838,0.016327
3182.532751,0.016327
3179.912664,0.016327
3177.292576,0.016327
3174.672489,0.016327
3172.052402,0.016327
3169.432314,0.016327
3166.812227,0.016327
3164.192140,0.016327
3161.572052,0.016327
3158.951965,0.016327
3156.331878,0.016327
3153.711790,0.016327
3151.091703,0.016327
3148.471616,0.016327
3145.851528,0.016327
3143.231441,0.016327
3140.611354,0.016327
3137.991266,0.016327
3135.371179,0.016327
3132.751092,0.016327
3130.131004,0.016327
3127.510917,0.016327
3124.890830,0.016327
3122.270742,0.016327
3119.650655,0.016327
3117.030568,0.016327
3114.410480,0.016327
3111.790393,0.016327
3109.170306,0.016327
3106.550218,0.018367
3103.930131,0.018367
3101.310044,0.018367
3098.689956,0.018367
3096.069869,0.018367
3093.449782,0.018367
3090.829694,0.018367
3088.209607,0.018367
3085.589520,0.018367
3082.969432,0.018367
3080.349345,0.020408
3077.729258,0.020408
3075.109170,0.020408
3072.489083,0.020408
3069.868996,0.020408
3067.248908,0.020408
3064.628821,0.022449
3062.008734,0.022449
3059.388646,0.022449
3056.768559,0.024490
3054.148472,0.024490
3051.528384,0.024490
3048.908297,0.026531
3046.288210,0.026531
3043.668122,0.026531
3041.048035,0.028571
3038.427948,0.028571
3035.807860,0.028571
3033.187773,0.030612
3030.567686,0.030612
3027.947598,0.030612
3025.327511,0.032653
3022.707424,0.032653
3020.087336,0.034694
3017.467249,0.034694
3014.847162,0.036735
3012.227074,0.038776
3009.606987,0.038776
3006.986900,0.040816
3004.366812,0.042857
3001.746725,0.046939
2999.126638,0.048980
2996.506550,0.051020
2993.886463,0.055102
2991.266376,0.059184
2988.646288,0.063265
2986.026201,0.071429
2983.406114,0.079592
2980.786026,0.087755
2978.165939,0.102041
2975.545852,0.120408
2972.925764,0.146939
2970.305677,0.179592
2967.685590,0.226531
2965.065502,0.275510
2962.445415,0.324490
2959.825328,0.365306
2957.205240,0.391837
2954.585153,0.404082
2951.965066,0.414286
2949.344978,0.436735
2946.724891,0.487755
2944.104803,0.575510
2941.484716,0.700000
2938.864629,0.824490
2936.244541,0.922449
2933.624454,0.979592
2931.004367,0.985714
2928.384279,0.983673
2925.764192,0.989796
2923.144105,0.995918
2920.524017,1.000000
2917.903930,1.000000
2915.283843,0.991837
2912.663755,0.963265
2910.043668,0.916327
2907.423581,0.840816
2904.803493,0.753061
2902.183406,0.681633
2899.563319,0.624490
2896.943231,0.571429
2894.323144,0.528571
2891.703057,0.483673
2889.082969,0.438776
2886.462882,0.395918
2883.842795,0.355102
2881.222707,0.318367
2878.602620,0.291837
2875.982533,0.295918
2873.362445,0.320408
2870.742358,0.346939
2868.122271,0.385714
2865.502183,0.453061
2862.882096,0.561224
2860.262009,0.693878
2857.641921,0.838776
2855.021834,0.936735
2852.401747,0.955102
2849.781659,0.955102
2847.161572,0.924490
2844.541485,0.759184
2841.921397,0.561224
2839.301310,0.395918
2836.681223,0.275510
2834.061135,0.204082
2831.441048,0.161224
2828.820961,0.130612
2826.200873,0.114286
2823.580786,0.100000
2820.960699,0.089796
2818.340611,0.081633
2815.720524,0.073469
2813.100437,0.067347
2810.480349,0.063265
2807.860262,0.057143
2805.240175,0.053061
2802.620087,0.051020
2800.000000,0.046939
2797.379913,0.044898
2794.759825,0.042857
2792.139738,0.040816
2789.519651,0.038776
2786.899563,0.036735
2784.279476,0.034694
2781.659389,0.034694
2779.039301,0.032653
2776.419214,0.030612
2773.799127,0.028571
2771.179039,0.028571
2768.558952,0.028571
2765.938865,0.026531
2763.318777,0.026531
2760.698690,0.026531
2758.078603,0.026531
2755.458515,0.024490
2752.838428,0.024490
2750.218341,0.024490
2747.598253,0.024490
2744.978166,0.024490
2742.358079,0.024490
2739.737991,0.024490
2737.117904,0.024490
2734.497817,0.024490
2731.877729,0.024490
2729.257642,0.024490
2726.637555,0.024490
2724.017467,0.024490
2721.397380,0.024490
2718.777293,0.022449
2716.157205,0.022449
2713.537118,0.022449
2710.917031,0.022449
2708.296943,0.022449
2705.676856,0.022449
2703.056769,0.022449
2700.436681,0.022449
2697.816594,0.022449
2695.196507,0.022449
2692.576419,0.024490
2689.956332,0.024490
2687.336245,0.026531
2684.716157,0.026531
2682.096070,0.026531
2679.475983,0.026531
2676.855895,0.026531
2674.235808,0.026531
2671.615721,0.026531
2668.995633,0.026531
2666.375546,0.026531
2663.755459,0.024490
2661.135371,0.024490
2658.515284,0.022449
2655.895197,0.022449
2653.275109,0.022449
2650.655022,0.022449
2648.034934,0.020408
2645.414847,0.020408
2642.794760,0.020408
2640.174672,0.020408
2637.554585,0.020408
2634.934498,0.020408
2632.314410,0.020408
2629.694323,0.020408
2627.074236,0.018367
2624.454148,0.018367
2621.834061,0.018367
2619.213974,0.018367
2616.593886,0.018367
2613.973799,0.018367
2611.353712,0.018367
2608.733624,0.018367
2606.113537,0.018367
2603.493450,0.018367
2600.873362,0.016327
2598.253275,0.016327
2595.633188,0.016327
2593.013100,0.016327
2590.393013,0.016327
2587.772926,0.014286
2585.152838,0.014286
2582.532751,0.014286
2579.912664,0.014286
2577.292576,0.014286
2574.672489,0.014286
2572.052402,0.014286
2569.432314,0.012245
2566.812227,0.012245
2564.192140,0.012245
2561.572052,0.012245
2558.951965,0.012245
2556.331878,0.012245
2553.711790,0.012245
2551.091703,0.012245
2548.471616,0.012245
2545.851528,0.012245
2543.231441,0.012245
2540.611354,0.012245
2537.991266,0.012245
2535.371179,0.012245
2532.751092,0.012245
2530.131004,0.012245
2527.510917,0.012245
2524.890830,0.010204
2522.270742,0.010204
2519.650655,0.010204
2517.030568,0.010204
2514.410480,0.010204
2511.790393,0.010204
2509.170306,0.010204
2506.550218,0.010204
2503.930131,0.010204
2501.310044,0.010204
2498.689956,0.010204
2496.069869,0.010204
2493.449782,0.010204
2490.829694,0.010204
2488.209607,0.010204
2485.589520,0.010204
2482.969432,0.010204
2480.349345,0.010204
2477.729258,0.008163
2475.109170,0.008163
2472.489083,0.008163
2469.868996,0.008163
2467.248908,0.008163
2464.628821,0.008163
2462.008734,0.008163
2459.388646,0.008163
2456.768559,0.008163
2454.148472,0.008163
2451.528384,0.008163
2448.908297,0.008163
2446.288210,0.008163
2443.668122,0.008163
2441.048035,0.008163
2438.427948,0.008163
2435.807860,0.008163
2433.187773,0.008163
2430.567686,0.008163
2427.947598,0.008163
2425.327511,0.008163
2422.707424,0.008163
2420.087336,0.008163
2417.467249,0.008163
2414.847162,0.008163
2412.227074,0.008163
2409.606987,0.008163
2406.986900,0.008163
2404.366812,0.008163
2401.746725,0.008163
2399.126638,0.008163
2396.506550,0.008163
2393.886463,0.008163
2391.266376,0.008163
2388.646288,0.008163
2386.026201,0.008163
2383.406114,0.010204
2380.786026,0.010204
2378.165939,0.010204
2375.545852,0.010204
2372.925764,0.012245
2370.305677,0.010204
2367.685590,0.010204
2365.065502,0.012245
2362.445415,0.012245
2359.825328,0.012245
2357.205240,0.012245
2354.585153,0.010204
2351.965066,0.010204
2349.344978,0.008163
2346.724891,0.010204
2344.104803,0.010204
2341.484716,0.010204
2338.864629,0.010204
2336.244541,0.010204
2333.624454,0.010204
2331.004367,0.010204
2328.384279,0.012245
2325.764192,0.010204
2323.144105,0.010204
2320.524017,0.010204
2317.903930,0.010204
2315.283843,0.010204
2312.663755,0.010204
2310.043668,0.010204
2307.423581,0.010204
2304.803493,0.010204
2302.183406,0.010204
2299.563319,0.010204
2296.943231,0.012245
2294.323144,0.012245
2291.703057,0.012245
2289.082969,0.012245
2286.462882,0.014286
2283.842795,0.014286
2281.222707,0.016327
2278.602620,0.018367
2275.982533,0.020408
2273.362445,0.024490
2270.742358,0.028571
2268.122271,0.032653
2265.502183,0.038776
2262.882096,0.044898
2260.262009,0.051020
2257.641921,0.055102
2255.021834,0.057143
2252.401747,0.057143
2249.781659,0.055102
2247.161572,0.051020
2244.541485,0.044898
2241.921397,0.036735
2239.301310,0.030612
2236.681223,0.024490
2234.061135,0.022449
2231.441048,0.018367
2228.820961,0.016327
2226.200873,0.014286
2223.580786,0.014286
2220.960699,0.012245
2218.340611,0.012245
2215.720524,0.010204
2213.100437,0.010204
2210.480349,0.010204
2207.860262,0.010204
2205.240175,0.008163
2202.620087,0.008163
2200.000000,0.008163
2197.379913,0.008163
2194.759825,0.008163
2192.139738,0.008163
2189.519651,0.008163
2186.899563,0.008163
2184.279476,0.008163
2181.659389,0.008163
2179.039301,0.008163
2176.419214,0.008163
2173.799127,0.008163
2171.179039,0.008163
2168.558952,0.008163
2165.938865,0.008163
2163.318777,0.008163
2160.698690,0.008163
2158.078603,0.008163
2155.458515,0.008163
2152.838428,0.008163
2150.218341,0.008163
2147.598253,0.008163
2144.978166,0.008163
2142.358079,0.008163
2139.737991,0.008163
2137.117904,0.008163
2134.497817,0.006122
2131.877729,0.008163
2129.257642,0.006122
2126.637555,0.006122
2124.017467,0.006122
2121.397380,0.006122
2118.777293,0.006122
2116.157205,0.006122
2113.537118,0.006122
2110.917031,0.006122
2108.296943,0.006122
2105.676856,0.006122
2103.056769,0.006122
2100.436681,0.006122
2097.816594,0.006122
2095.196507,0.006122
2092.576419,0.006122
2089.956332,0.006122
2087.336245,0.006122
2084.716157,0.006122
2082.096070,0.006122
2079.475983,0.006122
2076.855895,0.006122
2074.235808,0.006122
2071.615721,0.006122
2068.995633,0.006122
2066.375546,0.006122
2063.755459,0.006122
2061.135371,0.006122
2058.515284,0.006122
2055.895197,0.006122
2053.275109,0.006122
2050.655022,0.006122
2048.034934,0.006122
2045.414847,0.006122
2042.794760,0.006122
2040.174672,0.006122
2037.554585,0.006122
2034.934498,0.008163
2032.314410,0.008163
2029.694323,0.008163
2027.074236,0.008163
2024.454148,0.008163
2021.834061,0.008163
2019.213974,0.008163
2016.593886,0.008163
2013.973799,0.006122
2011.353712,0.006122
2008.733624,0.006122
2006.113537,0.006122
2003.493450,0.006122
2000.873362,0.006122
1998.253275,0.006122
1995.633188,0.006122
1993.013100,0.006122
1990.393013,0.006122
1987.772926,0.006122
1985.152838,0.006122
1982.532751,0.006122
1979.912664,0.006122
1977.292576,0.006122
1974.672489,0.006122
1972.052402,0.006122
1969.432314,0.006122
1966.812227,0.006122
1964.192140,0.006122
1961.572052,0.006122
1958.951965,0.006122
1956.331878,0.006122
1953.711790,0.006122
1951.091703,0.006122
1948.471616,0.006122
1945.851528,0.006122
1943.231441,0.006122
1940.611354,0.006122
1937.991266,0.006122
1935.371179,0.006122
1932.751092,0.006122
1930.131004,0.006122
1927.510917,0.006122
1924.890830,0.006122
1922.270742,0.006122
1919.650655,0.004082
1917.030568,0.006122
1914.410480,0.004082
1911.790393,0.004082
1909.170306,0.004082
1906.550218,0.004082
1903.930131,0.004082
1901.310044,0.004082
1898.689956,0.004082
1896.069869,0.004082
1893.449782,0.004082
1890.829694,0.004082
1888.209607,0.004082
1885.589520,0.004082
1882.969432,0.004082
1880.349345,0.004082
1877.729258,0.004082
1875.109170,0.004082
1872.489083,0.004082
1869.868996,0.006122
1867.248908,0.006122
1864.628821,0.004082
1862.008734,0.004082
1859.388646,0.004082
1856.768559,0.004082
1854.148472,0.004082
1851.528384,0.004082
1848.908297,0.004082
1846.288210,0.006122
1843.668122,0.006122
1841.048035,0.004082
1838.427948,0.004082
1835.807860,0.004082
1833.187773,0.004082
1830.567686,0.004082
1827.947598,0.004082
1825.327511,0.004082
1822.707424,0.004082
1820.087336,0.004082
1817.467249,0.004082
1814.847162,0.004082
1812.227074,0.004082
1809.606987,0.004082
1806.986900,0.004082
1804.366812,0.004082
1801.746725,0.004082
1799.126638,0.004082
1796.506550,0.004082
1793.886463,0.006122
1791.266376,0.006122
1788.646288,0.004082
1786.026201,0.004082
1783.406114,0.004082
1780.786026,0.004082
1778.165939,0.004082
1775.545852,0.004082
1772.925764,0.006122
1770.305677,0.004082
1767.685590,0.004082
1765.065502,0.004082
1762.445415,0.004082
1759.825328,0.004082
1757.205240,0.004082
1754.585153,0.004082
1751.965066,0.006122
1749.344978,0.006122
1746.724891,0.004082
1744.104803,0.004082
1741.484716,0.006122
1738.864629,0.006122
1736.244541,0.006122
1733.624454,0.006122
1731.004367,0.006122
1728.384279,0.004082
1725.764192,0.004082
1723.144105,0.004082
1720.524017,0.006122
1717.903930,0.006122
1715.283843,0.006122
1712.663755,0.004082
1710.043668,0.004082
1707.423581,0.006122
1704.803493,0.006122
1702.183406,0.006122
1699.563319,0.006122
1696.943231,0.004082
1694.323144,0.004082
1691.703057,0.004082
1689.082969,0.004082
1686.462882,0.006122
1683.842795,0.006122
1681.222707,0.006122
1678.602620,0.004082
1675.982533,0.006122
1673.362445,0.006122
1670.742358,0.006122
1668.122271,0.006122
1665.502183,0.004082
1662.882096,0.006122
1660.262009,0.006122
1657.641921,0.006122
1655.021834,0.008163
1652.401747,0.008163
1649.781659,0.006122
1647.161572,0.006122
1644.541485,0.004082
1641.921397,0.004082
1639.301310,0.006122
1636.681223,0.006122
1634.061135,0.006122
1631.441048,0.004082
1628.820961,0.006122
1626.200873,0.006122
1623.580786,0.006122
1620.960699,0.004082
1618.340611,0.006122
1615.720524,0.006122
1613.100437,0.004082
1610.480349,0.006122
1607.860262,0.006122
1605.240175,0.006122
1602.620087,0.006122
1600.000000,0.006122
1597.379913,0.006122
1594.759825,0.006122
1592.139738,0.006122
1589.519651,0.006122
1586.899563,0.006122
1584.279476,0.006122
1581.659389,0.006122
1579.039301,0.006122
1576.419214,0.006122
1573.799127,0.006122
1571.179039,0.006122
1568.558952,0.006122
1565.938865,0.006122
1563.318777,0.006122
1560.698690,0.008163
1558.078603,0.008163
1555.458515,0.006122
1552.838428,0.004082
1550.218341,0.006122
1547.598253,0.006122
1544.978166,0.008163
1542.358079,0.008163
1539.737991,0.008163
1537.117904,0.006122
1534.497817,0.008163
1531.877729,0.008163
1529.257642,0.008163
1526.637555,0.008163
1524.017467,0.008163
1521.397380,0.008163
1518.777293,0.008163
1516.157205,0.008163
1513.537118,0.008163
1510.917031,0.010204
1508.296943,0.010204
1505.676856,0.010204
1503.056769,0.010204
1500.436681,0.012245
1497.816594,0.012245
1495.196507,0.012245
1492.576419,0.014286
1489.956332,0.014286
1487.336245,0.016327
1484.716157,0.018367
1482.096070,0.024490
1479.475983,0.030612
1476.855895,0.042857
1474.235808,0.091837
1471.615721,0.191837
1468.995633,0.248980
1466.375546,0.257143
1463.755459,0.257143
1461.135371,0.238776
1458.515284,0.216327
1455.895197,0.204082
1453.275109,0.177551
1450.655022,0.144898
1448.034934,0.122449
1445.414847,0.104082
1442.794760,0.087755
1440.174672,0.081633
1437.554585,0.073469
1434.934498,0.067347
1432.314410,0.053061
1429.694323,0.042857
1427.074236,0.032653
1424.454148,0.024490
1421.834061,0.020408
1419.213974,0.020408
1416.593886,0.018367
1413.973799,0.018367
1411.353712,0.020408
1408.733624,0.024490
1406.113537,0.030612
1403.493450,0.032653
1400.873362,0.032653
1398.253275,0.030612
1395.633188,0.030612
1393.013100,0.030612
1390.393013,0.028571
1387.772926,0.026531
1385.152838,0.028571
1382.532751,0.040816
1379.912664,0.048980
1377.292576,0.051020
1374.672489,0.051020
1372.052402,0.044898
1369.432314,0.042857
1366.812227,0.042857
1364.192140,0.040816
1361.572052,0.036735
1358.951965,0.032653
1356.331878,0.032653
1353.711790,0.034694
1351.091703,0.034694
1348.471616,0.034694
1345.851528,0.032653
1343.231441,0.030612
1340.611354,0.026531
1337.991266,0.024490
1335.371179,0.020408
1332.751092,0.016327
1330.131004,0.014286
1327.510917,0.014286
1324.890830,0.016327
1322.270742,0.016327
1319.650655,0.018367
1317.030568,0.020408
1314.410480,0.022449
1311.790393,0.024490
1309.170306,0.024490
1306.550218,0.024490
1303.930131,0.024490
1301.310044,0.024490
1298.689956,0.024490
1296.069869,0.024490
1293.449782,0.022449
1290.829694,0.020408
1288.209607,0.020408
1285.589520,0.018367
1282.969432,0.018367
1280.349345,0.016327
1277.729258,0.016327
1275.109170,0.016327
1272.489083,0.016327
1269.868996,0.016327
1267.248908,0.016327
1264.628821,0.016327
1262.008734,0.016327
1259.388646,0.016327
1256.768559,0.016327
1254.148472,0.014286
1251.528384,0.014286
1248.908297,0.014286
1246.288210,0.012245
1243.668122,0.012245
1241.048035,0.012245
1238.427948,0.012245
1235.807860,0.012245
1233.187773,0.012245
1230.567686,0.012245
1227.947598,0.012245
1225.327511,0.012245
1222.707424,0.012245
1220.087336,0.012245
1217.467249,0.012245
1214.847162,0.014286
1212.227074,0.014286
1209.606987,0.014286
1206.986900,0.016327
1204.366812,0.018367
1201.746725,0.018367
1199.126638,0.020408
1196.506550,0.022449
1193.886463,0.024490
1191.266376,0.026531
1188.646288,0.028571
1186.026201,0.028571
1183.406114,0.028571
1180.786026,0.030612
1178.165939,0.030612
1175.545852,0.030612
1172.925764,0.030612
1170.305677,0.030612
1167.685590,0.030612
1165.065502,0.028571
1162.445415,0.028571
1159.825328,0.028571
1157.205240,0.028571
1154.585153,0.028571
1151.965066,0.028571
1149.344978,0.028571
1146.724891,0.028571
1144.104803,0.028571
1141.484716,0.026531
1138.864629,0.026531
1136.244541,0.026531
1133.624454,0.026531
1131.004367,0.026531
1128.384279,0.028571
1125.764192,0.030612
1123.144105,0.032653
1120.524017,0.032653
1117.903930,0.032653
1115.283843,0.032653
1112.663755,0.032653
1110.043668,0.034694
1107.423581,0.034694
1104.803493,0.036735
1102.183406,0.036735
1099.563319,0.038776
1096.943231,0.038776
1094.323144,0.040816
1091.703057,0.040816
1089.082969,0.042857
1086.462882,0.044898
1083.842795,0.044898
1081.222707,0.044898
1078.602620,0.044898
1075.982533,0.044898
1073.362445,0.044898
1070.742358,0.042857
1068.122271,0.042857
1065.502183,0.040816
1062.882096,0.040816
1060.262009,0.040816
1057.641921,0.038776
1055.021834,0.038776
1052.401747,0.038776
1049.781659,0.036735
1047.161572,0.036735
1044.541485,0.034694
1041.921397,0.032653
1039.301310,0.032653
1036.681223,0.030612
1034.061135,0.030612
1031.441048,0.030612
1028.820961,0.028571
1026.200873,0.026531
1023.580786,0.026531
1020.960699,0.026531
1018.340611,0.026531
1015.720524,0.026531
1013.100437,0.026531
1010.480349,0.026531
1007.860262,0.026531
1005.240175,0.026531
1002.620087,0.026531
1000.000000,0.026531
997.379913,0.024490
994.759825,0.024490
992.139738,0.022449
989.519651,0.022449
986.899563,0.020408
984.279476,0.020408
981.659389,0.018367
979.039301,0.018367
976.419214,0.018367
973.799127,0.018367
971.179039,0.016327
968.558952,0.016327
965.938865,0.014286
963.318777,0.014286
960.698690,0.014286
958.078603,0.012245
955.458515,0.012245
952.838428,0.012245
950.218341,0.012245
947.598253,0.012245
944.978166,0.012245
942.358079,0.012245
939.737991,0.012245
937.117904,0.010204
934.497817,0.010204
931.877729,0.010204
929.257642,0.010204
926.637555,0.010204
924.017467,0.010204
921.397380,0.012245
918.777293,0.012245
916.157205,0.012245
913.537118,0.012245
910.917031,0.012245
908.296943,0.012245
905.676856,0.012245
903.056769,0.012245
900.436681,0.012245
897.816594,0.012245
895.196507,0.012245
892.576419,0.014286
889.956332,0.014286
887.336245,0.016327
884.716157,0.016327
882.096070,0.016327
879.475983,0.016327
876.855895,0.018367
874.235808,0.018367
871.615721,0.018367
868.995633,0.018367
866.375546,0.018367
863.755459,0.020408
861.135371,0.020408
858.515284,0.020408
855.895197,0.022449
853.275109,0.022449
850.655022,0.024490
848.034934,0.024490
845.414847,0.026531
842.794760,0.028571
840.174672,0.030612
837.554585,0.034694
834.934498,0.038776
832.314410,0.044898
829.694323,0.051020
827.074236,0.055102
824.454148,0.055102
821.834061,0.053061
819.213974,0.051020
816.593886,0.057143
813.973799,0.077551
811.353712,0.118367
808.733624,0.200000
806.113537,0.338776
803.493450,0.477551
800.873362,0.497959
798.253275,0.497959
795.633188,0.432653
793.013100,0.277551
790.393013,0.163265
787.772926,0.102041
785.152838,0.075510
782.532751,0.065306
779.912664,0.073469
777.292576,0.085714
774.672489,0.104082
772.052402,0.128571
769.432314,0.148980
766.812227,0.155102
764.192140,0.155102
761.572052,0.151020
758.951965,0.134694
756.331878,0.114286
753.711790,0.095918
751.091703,0.083673
748.471616,0.075510
745.851528,0.069388
743.231441,0.065306
740.611354,0.065306
737.991266,0.065306
735.371179,0.067347
732.751092,0.073469
730.131004,0.081633
727.510917,0.097959
724.890830,0.110204
722.270742,0.114286
719.650655,0.114286
717.030568,0.110204
714.410480,0.095918
711.790393,0.079592
709.170306,0.071429
706.550218,0.081633
703.930131,0.093878
701.310044,0.122449
698.689956,0.179592
696.069869,0.246939
693.449782,0.263265
690.829694,0.261224
688.209607,0.242857
685.589520,0.175510
682.969432,0.110204
680.349345,0.067347
677.729258,0.040816
675.109170,0.030612
672.489083,0.022449
669.868996,0.018367
667.248908,0.016327
664.628821,0.014286
662.008734,0.014286
659.388646,0.010204
656.768559,0.012245
654.148472,0.012245
651.528384,0.012245
648.908297,0.012245
646.288210,0.012245
643.668122,0.014286
641.048035,0.014286
638.427948,0.018367
635.807860,0.020408
633.187773,0.020408
630.567686,0.022449
627.947598,0.030612
625.327511,0.034694
622.707424,0.044898
620.087336,0.061224
617.467249,0.079592
614.847162,0.089796
612.227074,0.100000
609.606987,0.124490
606.986900,0.185714
604.366812,0.297959
601.746725,0.426531
599.126638,0.432653
596.506550,0.430612
593.886463,0.416327
591.266376,0.397959
588.646288,0.371429
586.026201,0.328571
583.406114,0.281633
580.786026,0.234694
578.165939,0.185714
575.545852,0.142857
572.925764,0.108163
570.305677,0.075510
567.685590,0.053061
565.065502,0.036735
562.445415,0.024490
559.825328,0.014286
557.205240,0.010204
554.585153,0.006122
551.965066,0.004082
549.344978,0.004082
546.724891,0.004082
544.104803,0.004082
541.484716,0.002041
538.864629,0.002041
536.244541,0.002041
533.624454,0.002041
531.004367,0.002041
528.384279,0.002041
525.764192,0.002041
523.144105,0.002041
520.524017,0.002041
517.903930,0.002041
515.283843,0.002041
512.663755,0.002041
510.043668,0.002041
507.423581,0.002041
504.803493,0.002041
502.183406,0.002041
499.563319,0.002041
496.943231,0.002041
494.323144,0.002041
491.703057,0.002041
489.082969,0.002041
486.462882,0.002041
483.842795,0.002041
481.222707,0.002041
478.602620,0.002041
475.982533,0.002041
473.362445,0.002041
470.742358,0.002041
468.122271,0.002041
465.502183,0.002041
462.882096,0.002041
460.262009,0.002041
457.641921,0.002041
455.021834,0.002041
452.401747,0.002041
449.781659,0.002041
447.161572,nan
444.541485,nan
441.921397,nan
439.301310,nan
436.681223,nan
434.061135,nan
431.441048,nan
428.820961,nan
426.200873,nan
423.580786,nan
420.960699,nan
418.340611,nan
415.720524,nan
413.100437,nan
410.480349,nan
407.860262,nan
405.240175,nan
402.620087,nan
400.000000,nan
