4000.000000,0.016327
3997.379913,0.016327
3994.759825,0.016327
3992.139738,0.016327
3989.519651,0.016327
3986.899563,0.016327
3984.279476,0.016327
3981.659389,0.016327
3979.039301,0.016327
3976.419214,0.016327
3973.799127,0.016327
3971.179039,0.016327
3968.558952,0.016327
3965.938865,0.016327
3963.318777,0.016327
3960.698690,0.016327
3958.078603,0.016327
3955.458515,0.016327
3952.838428,0.016327
3950.218341,0.016327
3947.598253,0.016327
3944.978166,0.016327
3942.358079,0.016327
3939.737991,0.016327
3937.117904,0.014286
3934.497817,0.014286
3931.877729,0.014286
3929.257642,0.014286
3926.637555,0.014286
3924.017467,0.014286
3921.397380,0.014286
3918.777293,0.014286
3916.157205,0.014286
3913.537118,0.014286
3910.917031,0.014286
3908.296943,0.014286
3905.676856,0.014286
3903.056769,0.014286
3900.436681,0.014286
3897.816594,0.014286
3895.196507,0.014286
3892.576419,0.014286
3889.956332,0.014286
3887.336245,0.014286
3884.716157,0.014286
3882.096070,0.014286
3879.475983,0.014286
3876.855895,0.014286
3874.235808,0.014286
3871.615721,0.014286
3868.995633,0.014286
3866.375546,0.014286
3863.755459,0.014286
3861.135371,0.014286
3858.515284,0.014286
3855.895197,0.014286
3853.275109,0.014286
3850.655022,0.014286
3848.034934,0.014286
3845.414847,0.014286
3842.794760,0.014286
3840.174672,0.014286
3837.554585,0.014286
3834.934498,0.014286
3832.314410,0.014286
3829.694323,0.014286
3827.074236,0.014286
3824.454148,0.014286
3821.834061,0.014286
3819.213974,0.014286
3816.593886,0.014286
3813.973799,0.014286
3811.353712,0.014286
3808.733624,0.014286
3806.113537,0.014286
3803.493450,0.014286
3800.873362,0.014286
3798.253275,0.014286
3795.633188,0.012245
3793.013100,0.012245
3790.393013,0.014286
3787.772926,0.014286
3785.152838,0.014286
3782.532751,0.014286
3779.912664,0.014286
3777.292576,0.012245
3774.672489,0.012245
3772.052402,0.014286
3769.432314,0.014286
3766.812227,0.012245
3764.192140,0.012245
3761.572052,0.012245
3758.951965,0.012245
3756.331878,0.012245
3753.711790,0.012245
3751.091703,0.012245
3748.471616,0.012245
3745.851528,0.012245
3743.231441,0.012245
3740.611354,0.012245
3737.991266,0.012245
3735.371179,0.012245
3732.751092,0.012245
3730.131004,0.012245
3727.510917,0.012245
3724.890830,0.012245
3722.270742,0.012245
3719.650655,0.012245
3717.030568,0.012245
3714.410480,0.012245
3711.790393,0.012245
3709.170306,0.012245
3706.550218,0.012245
3703.930131,0.012245
3701.310044,0.012245
3698.689956,0.012245
3696.069869,0.012245
3693.449782,0.012245
3690.829694,0.012245
3688.209607,0.012245
3685.589520,0.012245
3682.969432,0.012245
3680.349345,0.012245
3677.729258,0.012245
3675.109170,0.012245
3672.489083,0.012245
3669.868996,0.012245
3667.248908,0.012245
3664.628821,0.012245
3662.008734,0.012245
3659.388646,0.012245
3656.768559,0.012245
3654.148472,0.012245
3651.528384,0.012245
3648.908297,0.012245
3646.288210,0.012245
3643.668122,0.012245
3641.048035,0.012245
3638.427948,0.012245
3635.807860,0.012245
3633.187773,0.012245
3630.567686,0.012245
3627.947598,0.012245
3625.327511,0.012245
3622.707424,0.012245
3620.087336,0.012245
3617.467249,0.012245
3614.847162,0.012245
3612.227074,0.012245
3609.606987,0.012245
3606.986900,0.012245
3604.366812,0.012245
3601.746725,0.012245
3599.126638,0.012245
3596.506550,0.012245
3593.886463,0.012245
3591.266376,0.012245
3588.646288,0.012245
3586.026201,0.012245
3583.406114,0.012245
3580.786026,0.012245
3578.165939,0.014286
3575.545852,0.014286
3572.925764,0.014286
3570.305677,0.012245
3567.685590,0.012245
3565.065502,0.012245
3562.445415,0.012245
3559.825328,0.012245
3557.205240,0.012245
3554.585153,0.014286
3551.965066,0.014286
3549.344978,0.014286
3546.724891,0.014286
3544.104803,0.014286
3541.484716,0.014286
3538.864629,0.014286
3536.244541,0.014286
3533.624454,0.014286
3531.004367,0.014286
3528.384279,0.014286
3525.764192,0.014286
3523.144105,0.014286
3520.524017,0.014286
3517.903930,0.014286
3515.283843,0.014286
3512.663755,0.014286
3510.043668,0.014286
3507.423581,0.014286
3504.803493,0.014286
3502.183406,0.014286
3499.563319,0.014286
3496.943231,0.014286
3494.323144,0.014286
3491.703057,0.014286
3489.082969,0.014286
3486.462882,0.014286
3483.842795,0.014286
3481.222707,0.014286
3478.602620,0.014286
3475.982533,0.014286
3473.362445,0.014286
3470.742358,0.014286
3468.122271,0.014286
3465.502183,0.014286
3462.882096,0.014286
3460.262009,0.014286
3457.641921,0.014286
3455.021834,0.016327
3452.401747,0.016327
3449.781659,0.016327
3447.161572,0.016327
3444.541485,0.014286
3441.921397,0.016327
3439.301310,0.016327
3436.681223,0.016327
3434.061135,0.016327
3431.441048,0.014286
3428.820961,0.016327
3426.200873,0.016327
3423.580786,0.016327
3420.960699,0.016327
3418.340611,0.016327
3415.720524,0.016327
3413.100437,0.016327
3410.480349,0.016327
3407.860262,0.016327
3405.240175,0.016327
3402.620087,0.016327
3400.000000,0.016327
3397.379913,0.016327
3394.759825,0.016327
3392.139738,0.016327
3389.519651,0.016327
3386.899563,0.016327
3384.279476,0.016327
3381.659389,0.016327
3379.039301,0.016327
3376.419214,0.016327
3373.799127,0.016327
3371.179039,0.016327
3368.558952,0.014286
3365.938865,0.016327
3363.318777,0.016327
3360.698690,0.016327
3358.078603,0.016327
3355.458515,0.016327
3352.838428,0.014286
3350.218341,0.014286
3347.598253,0.014286
3344.978166,0.014286
3342.358079,0.014286
3339.737991,0.014286
3337.117904,0.014286
3334.497817,0.014286
3331.877729,0.014286
3329.257642,0.014286
3326.637555,0.014286
3324.017467,0.014286
3321.397380,0.014286
3318.777293,0.014286
3316.157205,0.014286
3313.537118,0.014286
3310.917031,0.014286
3308.296943,0.014286
3305.676856,0.014286
3303.056769,0.014286
3300.436681,0.014286
3297.816594,0.014286
3295.196507,0.014286
3292.576419,0.014286
3289.956332,0.014286
3287.336245,0.014286
3284.716157,0.014286
3282.096070,0.014286
3279.475983,0.014286
3276.855895,0.014286
3274.235808,0.014286
3271.615721,0.014286
3268.995633,0.014286
3266.375546,0.014286
3263.755459,0.014286
3261.135371,0.014286
3258.515284,0.014286
3255.895197,0.014286
3253.275109,0.014286
3250.655022,0.014286
3248.034934,0.014286
3245.414847,0.014286
3242.794760,0.014286
3240.174672,0.014286
3237.554585,0.014286
3234.934498,0.014286
3232.314410,0.014286
3229.694323,0.014286
3227.074236,0.014286
3224.454148,0.014286
3221.834061,0.014286
3219.213974,0.014286
3216.593886,0.014286
3213.973799,0.014286
3211.353712,0.014286
3208.733624,0.014286
3206.113537,0.014286
3203.493450,0.014286
3200.873362,0.014286
3198.253275,0.014286
3195.633188,0.014286
3193.013100,0.016327
3190.393013,0.016327
3187.772926,0.016327
3185.152838,0.016327
3182.532751,0.016327
3179.912664,0.016327
3177.292576,0.016327
3174.672489,0.016327
3172.052402,0.016327
3169.432314,0.016327
3166.812227,0.016327
3164.192140,0.016327
3161.572052,0.016327
3158.951965,0.016327
3156.331878,0.016327
3153.711790,0.016327
3151.091703,0.016327
3148.471616,0.016327
3145.851528,0.016327
3143.231441,0.016327
3140.611354,0.016327
3137.991266,0.016327
3135.371179,0.016327
3132.751092,0.016327
3130.131004,0.016327
3127.510917,0.016327
3124.890830,0.014286
3122.270742,0.016327
3119.650655,0.016327
3117.030568,0.014286
3114.410480,0.016327
3111.790393,0.016327
3109.170306,0.016327
3106.550218,0.016327
3103.930131,0.016327
3101.310044,0.016327
3098.689956,0.016327
3096.069869,0.016327
3093.449782,0.016327
3090.829694,0.016327
3088.209607,0.016327
3085.589520,0.016327
3082.969432,0.016327
3080.349345,0.016327
3077.729258,0.018367
3075.109170,0.018367
3072.489083,0.018367
3069.868996,0.018367
3067.248908,0.018367
3064.628821,0.018367
3062.008734,0.018367
3059.388646,0.018367
3056.768559,0.020408
3054.148472,0.020408
3051.528384,0.020408
3048.908297,0.020408
3046.288210,0.020408
3043.668122,0.020408
3041.048035,0.022449
3038.427948,0.022449
3035.807860,0.024490
3033.187773,0.024490
3030.567686,0.026531
3027.947598,0.026531
3025.327511,0.026531
3022.707424,0.028571
3020.087336,0.030612
3017.467249,0.030612
3014.847162,0.034694
3012.227074,0.036735
3009.606987,0.038776
3006.986900,0.042857
3004.366812,0.044898
3001.746725,0.048980
2999.126638,0.055102
2996.506550,0.061224
2993.886463,0.067347
2991.266376,0.075510
2988.646288,0.085714
2986.026201,0.097959
2983.406114,0.114286
2980.786026,0.134694
2978.165939,0.161224
2975.545852,0.195918
2972.925764,0.236735
2970.305677,0.283673
2967.685590,0.344898
2965.065502,0.402041
2962.445415,0.459184
2959.825328,0.504082
2957.205240,0.540816
2954.585153,0.563265
2951.965066,0.571429
2949.344978,0.575510
2946.724891,0.573469
2944.104803,0.563265
2941.484716,0.546939
2938.864629,0.579592
2936.244541,0.620408
2933.624454,0.644898
2931.004367,0.693878
2928.384279,0.826531
2925.764192,0.997959
2923.144105,1.000000
2920.524017,0.959184
2917.903930,0.857143
2915.283843,0.838776
2912.663755,0.757143
2910.043668,0.738776
2907.423581,0.667347
2904.803493,0.589796
2902.183406,0.534694
2899.563319,0.506122
2896.943231,0.481633
2894.323144,0.448980
2891.703057,0.418367
2889.082969,0.389796
2886.462882,0.359184
2883.842795,0.334694
2881.222707,0.312245
2878.602620,0.300000
2875.982533,0.320408
2873.362445,0.351020
2870.742358,0.375510
2868.122271,0.381633
2865.502183,0.385714
2862.882096,0.404082
2860.262009,0.430612
2857.641921,0.457143
2855.021834,0.463265
2852.401747,0.465306
2849.781659,0.465306
2847.161572,0.457143
2844.541485,0.418367
2841.921397,0.359184
2839.301310,0.302041
2836.681223,0.242857
2834.061135,0.189796
2831.441048,0.146939
2828.820961,0.114286
2826.200873,0.093878
2823.580786,0.077551
2820.960699,0.067347
2818.340611,0.059184
2815.720524,0.053061
2813.100437,0.048980
2810.480349,0.044898
2807.860262,0.040816
2805.240175,0.038776
2802.620087,0.034694
2800.000000,0.032653
2797.379913,0.030612
2794.759825,0.028571
2792.139738,0.026531
2789.519651,0.024490
2786.899563,0.024490
2784.279476,0.022449
2781.659389,0.020408
2779.039301,0.020408
2776.419214,0.018367
2773.799127,0.018367
2771.179039,0.016327
2768.558952,0.016327
2765.938865,0.016327
2763.318777,0.016327
2760.698690,0.014286
2758.078603,0.014286
2755.458515,0.014286
2752.838428,0.014286
2750.218341,0.014286
2747.598253,0.014286
2744.978166,0.014286
2742.358079,0.014286
2739.737991,0.014286
2737.117904,0.014286
2734.497817,0.016327
2731.877729,0.016327
2729.257642,0.016327
2726.637555,0.016327
2724.017467,0.018367
2721.397380,0.016327
2718.777293,0.016327
2716.157205,0.016327
2713.537118,0.016327
2710.917031,0.016327
2708.296943,0.014286
2705.676856,0.014286
2703.056769,0.014286
2700.436681,0.014286
2697.816594,0.014286
2695.196507,0.014286
2692.576419,0.014286
2689.956332,0.014286
2687.336245,0.014286
2684.716157,0.014286
2682.096070,0.014286
2679.475983,0.014286
2676.855895,0.014286
2674.235808,0.014286
2671.615721,0.014286
2668.995633,0.014286
2666.375546,0.014286
2663.755459,0.014286
2661.135371,0.014286
2658.515284,0.014286
2655.895197,0.012245
2653.275109,0.012245
2650.655022,0.012245
2648.034934,0.012245
2645.414847,0.012245
2642.794760,0.012245
2640.174672,0.012245
2637.554585,0.012245
2634.934498,0.012245
2632.314410,0.012245
2629.694323,0.012245
2627.074236,0.012245
2624.454148,0.012245
2621.834061,0.012245
2619.213974,0.012245
2616.593886,0.012245
2613.973799,0.012245
2611.353712,0.012245
2608.733624,0.010204
2606.113537,0.010204
2603.493450,0.010204
2600.873362,0.010204
2598.253275,0.010204
2595.633188,0.010204
2593.013100,0.010204
2590.393013,0.010204
2587.772926,0.010204
2585.152838,0.010204
2582.532751,0.010204
2579.912664,0.008163
2577.292576,0.008163
2574.672489,0.008163
2572.052402,0.008163
2569.432314,0.008163
2566.812227,0.008163
2564.192140,0.008163
2561.572052,0.008163
2558.951965,0.008163
2556.331878,0.008163
2553.711790,0.006122
2551.091703,0.006122
2548.471616,0.006122
2545.851528,0.006122
2543.231441,0.006122
2540.611354,0.006122
2537.991266,0.006122
2535.371179,0.006122
2532.751092,0.006122
2530.131004,0.006122
2527.510917,0.006122
2524.890830,0.006122
2522.270742,0.006122
2519.650655,0.006122
2517.030568,0.006122
2514.410480,0.006122
2511.790393,0.006122
2509.170306,0.006122
2506.550218,0.006122
2503.930131,0.006122
2501.310044,0.004082
2498.689956,0.004082
2496.069869,0.004082
2493.449782,0.004082
2490.829694,0.004082
2488.209607,0.004082
2485.589520,0.004082
2482.969432,0.004082
2480.349345,0.004082
2477.729258,0.004082
2475.109170,0.004082
2472.489083,0.004082
2469.868996,0.004082
2467.248908,0.004082
2464.628821,0.004082
2462.008734,0.004082
2459.388646,0.004082
2456.768559,0.004082
2454.148472,0.004082
2451.528384,0.004082
2448.908297,0.004082
2446.288210,0.004082
2443.668122,0.004082
2441.048035,0.004082
2438.427948,0.004082
2435.807860,0.004082
2433.187773,0.004082
2430.567686,0.004082
2427.947598,0.004082
2425.327511,0.004082
2422.707424,0.004082
2420.087336,0.004082
2417.467249,0.004082
2414.847162,0.004082
2412.227074,0.004082
2409.606987,0.004082
2406.986900,0.004082
2404.366812,0.004082
2401.746725,0.004082
2399.126638,0.004082
2396.506550,0.004082
2393.886463,0.004082
2391.266376,0.004082
2388.646288,0.004082
2386.026201,0.004082
2383.406114,0.004082
2380.786026,0.004082
2378.165939,0.004082
2375.545852,0.004082
2372.925764,0.004082
2370.305677,0.004082
2367.685590,0.004082
2365.065502,0.004082
2362.445415,0.004082
2359.825328,0.002041
2357.205240,0.002041
2354.585153,0.002041
2351.965066,0.002041
2349.344978,0.004082
2346.724891,0.004082
2344.104803,0.004082
2341.484716,0.004082
2338.864629,0.004082
2336.244541,0.004082
2333.624454,0.004082
2331.004367,0.004082
2328.384279,0.004082
2325.764192,0.004082
2323.144105,0.004082
2320.524017,0.004082
2317.903930,0.004082
2315.283843,0.004082
2312.663755,0.004082
2310.043668,0.004082
2307.423581,0.004082
2304.803493,0.004082
2302.183406,0.004082
2299.563319,0.004082
2296.943231,0.004082
2294.323144,0.004082
2291.703057,0.004082
2289.082969,0.004082
2286.462882,0.004082
2283.842795,0.004082
2281.222707,0.004082
2278.602620,0.004082
2275.982533,0.004082
2273.362445,0.004082
2270.742358,0.004082
2268.122271,0.004082
2265.502183,0.004082
2262.882096,0.004082
2260.262009,0.004082
2257.641921,0.004082
2255.021834,0.004082
2252.401747,0.004082
2249.781659,0.004082
2247.161572,0.004082
2244.541485,0.004082
2241.921397,0.004082
2239.301310,0.004082
2236.681223,0.004082
2234.061135,0.004082
2231.441048,0.004082
2228.820961,0.004082
2226.200873,0.004082
2223.580786,0.004082
2220.960699,0.004082
2218.340611,0.004082
2215.720524,0.004082
2213.100437,0.004082
2210.480349,0.004082
2207.860262,0.004082
2205.240175,0.004082
2202.620087,0.004082
2200.000000,0.004082
2197.379913,0.004082
2194.759825,0.004082
2192.139738,0.004082
2189.519651,0.004082
2186.899563,0.004082
2184.279476,0.004082
2181.659389,0.004082
2179.039301,0.004082
2176.419214,0.004082
2173.799127,0.004082
2171.179039,0.004082
2168.558952,0.004082
2165.938865,0.004082
2163.318777,0.004082
2160.698690,0.004082
2158.078603,0.004082
2155.458515,0.004082
2152.838428,0.004082
2150.218341,0.004082
2147.598253,0.004082
2144.978166,0.004082
2142.358079,0.004082
2139.737991,0.004082
2137.117904,0.004082
2134.497817,0.004082
2131.877729,0.004082
2129.257642,0.004082
2126.637555,0.004082
2124.017467,0.004082
2121.397380,0.004082
2118.777293,0.004082
2116.157205,0.004082
2113.537118,0.004082
2110.917031,0.004082
2108.296943,0.004082
2105.676856,0.004082
2103.056769,0.004082
2100.436681,0.004082
2097.816594,0.006122
2095.196507,0.006122
2092.576419,0.006122
2089.956332,0.006122
2087.336245,0.006122
2084.716157,0.006122
2082.096070,0.006122
2079.475983,0.006122
2076.855895,0.006122
2074.235808,0.006122
2071.615721,0.006122
2068.995633,0.006122
2066.375546,0.006122
2063.755459,0.006122
2061.135371,0.006122
2058.515284,0.006122
2055.895197,0.006122
2053.275109,0.006122
2050.655022,0.006122
2048.034934,0.006122
2045.414847,0.006122
2042.794760,0.006122
2040.174672,0.006122
2037.554585,0.006122
2034.934498,0.006122
2032.314410,0.006122
2029.694323,0.006122
2027.074236,0.006122
2024.454148,0.006122
2021.834061,0.006122
2019.213974,0.006122
2016.593886,0.006122
2013.973799,0.006122
2011.353712,0.006122
2008.733624,0.006122
2006.113537,0.006122
2003.493450,0.006122
2000.873362,0.006122
1998.253275,0.006122
1995.633188,0.008163
1993.013100,0.008163
1990.393013,0.006122
1987.772926,0.006122
1985.152838,0.006122
1982.532751,0.006122
1979.912664,0.006122
1977.292576,0.006122
1974.672489,0.006122
1972.052402,0.006122
1969.432314,0.006122
1966.812227,0.006122
1964.192140,0.006122
1961.572052,0.006122
1958.951965,0.006122
1956.331878,0.006122
1953.711790,0.004082
1951.091703,0.004082
1948.471616,0.006122
1945.851528,0.006122
1943.231441,0.004082
1940.611354,0.004082
1937.991266,0.004082
1935.371179,0.004082
1932.751092,0.006122
1930.131004,0.006122
1927.510917,0.006122
1924.890830,0.006122
1922.270742,0.006122
1919.650655,0.006122
1917.030568,0.006122
1914.410480,0.006122
1911.790393,0.006122
1909.170306,0.006122
1906.550218,0.006122
1903.930131,0.006122
1901.310044,0.006122
1898.689956,0.006122
1896.069869,0.006122
1893.449782,0.006122
1890.829694,0.006122
1888.209607,0.006122
1885.589520,0.006122
1882.969432,0.006122
1880.349345,0.006122
1877.729258,0.006122
1875.109170,0.006122
1872.489083,0.006122
1869.868996,0.006122
1867.248908,0.006122
1864.628821,0.006122
1862.008734,0.006122
1859.388646,0.006122
1856.768559,0.008163
1854.148472,0.008163
1851.528384,0.008163
1848.908297,0.008163
1846.288210,0.008163
1843.668122,0.008163
1841.048035,0.008163
1838.427948,0.008163
1835.807860,0.008163
1833.187773,0.008163
1830.567686,0.008163
1827.947598,0.008163
1825.327511,0.008163
1822.707424,0.008163
1820.087336,0.008163
1817.467249,0.008163
1814.847162,0.008163
1812.227074,0.008163
1809.606987,0.008163
1806.986900,0.008163
1804.366812,0.008163
1801.746725,0.010204
1799.126638,0.010204
1796.506550,0.010204
1793.886463,0.010204
1791.266376,0.010204
1788.646288,0.010204
1786.026201,0.010204
1783.406114,0.010204
1780.786026,0.010204
1778.165939,0.010204
1775.545852,0.012245
1772.925764,0.012245
1770.305677,0.012245
1767.685590,0.012245
1765.065502,0.012245
1762.445415,0.012245
1759.825328,0.012245
1757.205240,0.012245
1754.585153,0.012245
1751.965066,0.014286
1749.344978,0.014286
1746.724891,0.014286
1744.104803,0.014286
1741.484716,0.014286
1738.864629,0.014286
1736.244541,0.014286
1733.624454,0.014286
1731.004367,0.014286
1728.384279,0.014286
1725.764192,0.014286
1723.144105,0.014286
1720.524017,0.016327
1717.903930,0.016327
1715.283843,0.014286
1712.663755,0.016327
1710.043668,0.016327
1707.423581,0.016327
1704.803493,0.016327
1702.183406,0.016327
1699.563319,0.016327
1696.943231,0.016327
1694.323144,0.016327
1691.703057,0.016327
1689.082969,0.016327
1686.462882,0.016327
1683.842795,0.016327
1681.222707,0.016327
1678.602620,0.016327
1675.982533,0.016327
1673.362445,0.016327
1670.742358,0.016327
1668.122271,0.016327
1665.502183,0.016327
1662.882096,0.016327
1660.262009,0.016327
1657.641921,0.016327
1655.021834,0.016327
1652.401747,0.016327
1649.781659,0.016327
1647.161572,0.016327
1644.541485,0.016327
1641.921397,0.016327
1639.301310,0.016327
1636.681223,0.016327
1634.061135,0.016327
1631.441048,0.016327
1628.820961,0.016327
1626.200873,0.016327
1623.580786,0.016327
1620.960699,0.016327
1618.340611,0.018367
1615.720524,0.018367
1613.100437,0.018367
1610.480349,0.018367
1607.860262,0.018367
1605.240175,0.018367
1602.620087,0.018367
1600.000000,0.018367
1597.379913,0.018367
1594.759825,0.018367
1592.139738,0.018367
1589.519651,0.018367
1586.899563,0.018367
1584.279476,0.018367
1581.659389,0.018367
1579.039301,0.018367
1576.419214,0.018367
1573.799127,0.018367
1571.179039,0.020408
1568.558952,0.020408
1565.938865,0.020408
1563.318777,0.020408
1560.698690,0.020408
1558.078603,0.020408
1555.458515,0.020408
1552.838428,0.022449
1550.218341,0.022449
1547.598253,0.022449
1544.978166,0.022449
1542.358079,0.022449
1539.737991,0.022449
1537.117904,0.022449
1534.497817,0.024490
1531.877729,0.024490
1529.257642,0.024490
1526.637555,0.024490
1524.017467,0.026531
1521.397380,0.026531
1518.777293,0.026531
1516.157205,0.028571
1513.537118,0.028571
1510.917031,0.030612
1508.296943,0.030612
1505.676856,0.030612
1503.056769,0.030612
1500.436681,0.032653
1497.816594,0.034694
1495.196507,0.034694
1492.576419,0.036735
1489.956332,0.038776
1487.336245,0.040816
1484.716157,0.044898
1482.096070,0.051020
1479.475983,0.059184
1476.855895,0.073469
1474.235808,0.095918
1471.615721,0.132653
1468.995633,0.169388
1466.375546,0.191837
1463.755459,0.200000
1461.135371,0.202041
1458.515284,0.202041
1455.895197,0.200000
1453.275109,0.195918
1450.655022,0.181633
1448.034934,0.165306
1445.414847,0.148980
1442.794760,0.134694
1440.174672,0.120408
1437.554585,0.106122
1434.934498,0.091837
1432.314410,0.079592
1429.694323,0.067347
1427.074236,0.059184
1424.454148,0.053061
1421.834061,0.048980
1419.213974,0.046939
1416.593886,0.044898
1413.973799,0.044898
1411.353712,0.042857
1408.733624,0.042857
1406.113537,0.042857
1403.493450,0.042857
1400.873362,0.042857
1398.253275,0.042857
1395.633188,0.044898
1393.013100,0.048980
1390.393013,0.059184
1387.772926,0.075510
1385.152838,0.091837
1382.532751,0.112245
1379.912664,0.134694
1377.292576,0.140816
1374.672489,0.140816
1372.052402,0.134694
1369.432314,0.112245
1366.812227,0.093878
1364.192140,0.089796
1361.572052,0.087755
1358.951965,0.075510
1356.331878,0.067347
1353.711790,0.065306
1351.091703,0.065306
1348.471616,0.063265
1345.851528,0.063265
1343.231441,0.063265
1340.611354,0.063265
1337.991266,0.063265
1335.371179,0.061224
1332.751092,0.061224
1330.131004,0.059184
1327.510917,0.061224
1324.890830,0.061224
1322.270742,0.061224
1319.650655,0.061224
1317.030568,0.061224
1314.410480,0.063265
1311.790393,0.065306
1309.170306,0.065306
1306.550218,0.065306
1303.930131,0.067347
1301.310044,0.067347
1298.689956,0.067347
1296.069869,0.069388
1293.449782,0.069388
1290.829694,0.069388
1288.209607,0.069388
1285.589520,0.069388
1282.969432,0.071429
1280.349345,0.071429
1277.729258,0.071429
1275.109170,0.073469
1272.489083,0.073469
1269.868996,0.075510
1267.248908,0.077551
1264.628821,0.079592
1262.008734,0.081633
1259.388646,0.081633
1256.768559,0.081633
1254.148472,0.081633
1251.528384,0.081633
1248.908297,0.081633
1246.288210,0.083673
1243.668122,0.083673
1241.048035,0.083673
1238.427948,0.085714
1235.807860,0.087755
1233.187773,0.087755
1230.567686,0.089796
1227.947598,0.091837
1225.327511,0.093878
1222.707424,0.095918
1220.087336,0.095918
1217.467249,0.100000
1214.847162,0.102041
1212.227074,0.102041
1209.606987,0.104082
1206.986900,0.106122
1204.366812,0.110204
1201.746725,0.112245
1199.126638,0.114286
1196.506550,0.116327
1193.886463,0.118367
1191.266376,0.122449
1188.646288,0.124490
1186.026201,0.126531
1183.406114,0.130612
1180.786026,0.134694
1178.165939,0.138776
1175.545852,0.142857
1172.925764,0.146939
1170.305677,0.151020
1167.685590,0.155102
1165.065502,0.159184
1162.445415,0.163265
1159.825328,0.167347
1157.205240,0.171429
1154.585153,0.175510
1151.965066,0.179592
1149.344978,0.183673
1146.724891,0.187755
1144.104803,0.191837
1141.484716,0.195918
1138.864629,0.202041
1136.244541,0.208163
1133.624454,0.214286
1131.004367,0.222449
1128.384279,0.230612
1125.764192,0.238776
1123.144105,0.248980
1120.524017,0.259184
1117.903930,0.271429
1115.283843,0.285714
1112.663755,0.302041
1110.043668,0.320408
1107.423581,0.340816
1104.803493,0.365306
1102.183406,0.385714
1099.563319,0.404082
1096.943231,0.408163
1094.323144,0.410204
1091.703057,0.422449
1089.082969,0.434694
1086.462882,0.451020
1083.842795,0.459184
1081.222707,0.473469
1078.602620,0.491837
1075.982533,0.493878
1073.362445,0.502041
1070.742358,0.520408
1068.122271,0.536735
1065.502183,0.553061
1062.882096,0.553061
1060.262009,0.548980
1057.641921,0.542857
1055.021834,0.544898
1052.401747,0.542857
1049.781659,0.555102
1047.161572,0.555102
1044.541485,0.557143
1041.921397,0.571429
1039.301310,0.571429
1036.681223,0.567347
1034.061135,0.561224
1031.441048,0.551020
1028.820961,0.551020
1026.200873,0.563265
1023.580786,0.571429
1020.960699,0.589796
1018.340611,0.610204
1015.720524,0.614286
1013.100437,0.626531
1010.480349,0.669388
1007.860262,0.689796
1005.240175,0.716327
1002.620087,0.748980
1000.000000,0.751020
997.379913,0.751020
994.759825,0.689796
992.139738,0.702041
989.519651,0.702041
986.899563,0.665306
984.279476,0.663265
981.659389,0.653061
979.039301,0.626531
976.419214,0.616327
973.799127,0.587755
971.179039,0.593878
968.558952,0.593878
965.938865,0.569388
963.318777,0.559184
960.698690,0.559184
958.078603,0.546939
955.458515,0.544898
952.838428,0.522449
950.218341,0.500000
947.598253,0.481633
944.978166,0.469388
942.358079,0.453061
939.737991,0.426531
937.117904,0.412245
934.497817,0.397959
931.877729,0.375510
929.257642,0.351020
926.637555,0.326531
924.017467,0.304082
921.397380,0.285714
918.777293,0.267347
916.157205,0.251020
913.537118,0.234694
910.917031,0.220408
908.296943,0.208163
905.676856,0.195918
903.056769,0.183673
900.436681,0.173469
897.816594,0.163265
895.196507,0.155102
892.576419,0.146939
889.956332,0.140816
887.336245,0.134694
884.716157,0.130612
882.096070,0.134694
879.475983,0.140816
876.855895,0.146939
874.235808,0.151020
871.615721,0.153061
868.995633,0.153061
866.375546,0.151020
863.755459,0.146939
861.135371,0.134694
858.515284,0.120408
855.895197,0.108163
853.275109,0.100000
850.655022,0.091837
848.034934,0.083673
845.414847,0.079592
842.794760,0.077551
840.174672,0.073469
837.554585,0.069388
834.934498,0.065306
832.314410,0.061224
829.694323,0.057143
827.074236,0.055102
824.454148,0.051020
821.834061,0.048980
819.213974,0.046939
816.593886,0.046939
813.973799,0.044898
811.353712,0.042857
808.733624,0.042857
806.113537,0.040816
803.493450,0.040816
800.873362,0.040816
798.253275,0.040816
795.633188,0.038776
793.013100,0.038776
790.393013,0.038776
787.772926,0.038776
785.152838,0.040816
782.532751,0.042857
779.912664,0.044898
777.292576,0.051020
774.672489,0.059184
772.052402,0.073469
769.432314,0.097959
766.812227,0.136735
764.192140,0.185714
761.572052,0.220408
758.951965,0.222449
756.331878,0.222449
753.711790,0.202041
751.091703,0.161224
748.471616,0.126531
745.851528,0.106122
743.231441,0.095918
740.611354,0.089796
737.991266,0.081633
735.371179,0.073469
732.751092,0.067347
730.131004,0.063265
727.510917,0.065306
724.890830,0.067347
722.270742,0.069388
719.650655,0.069388
717.030568,0.075510
714.410480,0.083673
711.790393,0.083673
709.170306,0.083673
706.550218,0.079592
703.930131,0.071429
701.310044,0.065306
698.689956,0.067347
696.069869,0.071429
693.449782,0.079592
690.829694,0.091837
688.209607,0.106122
685.589520,0.128571
682.969432,0.161224
680.349345,0.189796
677.729258,0.197959
675.109170,0.197959
672.489083,0.195918
669.868996,0.175510
667.248908,0.153061
664.628821,0.134694
662.008734,0.128571
659.388646,0.128571
656.768559,0.130612
654.148472,0.134694
651.528384,0.134694
648.908297,0.132653
646.288210,0.134694
643.668122,0.142857
641.048035,0.146939
638.427948,0.148980
635.807860,0.146939
633.187773,0.138776
630.567686,0.128571
627.947598,0.128571
625.327511,0.130612
622.707424,0.132653
620.087336,0.138776
617.467249,0.142857
614.847162,0.151020
612.227074,0.153061
609.606987,0.153061
606.986900,0.153061
604.366812,0.153061
601.746725,0.151020
599.126638,0.151020
596.506550,0.151020
593.886463,0.148980
591.266376,0.142857
588.646288,0.130612
586.026201,0.116327
583.406114,0.100000
580.786026,0.083673
578.165939,0.067347
575.545852,0.051020
572.925764,0.038776
570.305677,0.028571
567.685590,0.020408
565.065502,0.014286
562.445415,0.010204
559.825328,0.006122
557.205240,0.004082
554.585153,0.004082
551.965066,0.004082
549.344978,0.002041
546.724891,0.002041
544.104803,0.002041
541.484716,0.002041
538.864629,0.002041
536.244541,0.002041
533.624454,0.002041
531.004367,0.002041
528.384279,0.002041
525.764192,0.002041
523.144105,0.002041
520.524017,0.002041
517.903930,0.002041
515.283843,0.002041
512.663755,0.002041
510.043668,0.002041
507.423581,0.002041
504.803493,0.002041
502.183406,0.002041
499.563319,0.002041
496.943231,0.002041
494.323144,0.002041
491.703057,0.002041
489.082969,0.002041
486.462882,0.002041
483.842795,0.002041
481.222707,0.002041
478.602620,0.002041
475.982533,0.002041
473.362445,0.002041
470.742358,0.002041
468.122271,0.002041
465.502183,0.002041
462.882096,0.002041
460.262009,0.002041
457.641921,0.002041
455.021834,0.002041
452.401747,0.002041
449.781659,0.002041
447.161572,nan
444.541485,nan
441.921397,nan
439.301310,nan
436.681223,nan
434.061135,nan
431.441048,nan
428.820961,nan
426.200873,nan
423.580786,nan
420.960699,nan
418.340611,nan
415.720524,nan
413.100437,nan
410.480349,nan
407.860262,nan
405.240175,nan
402.620087,nan
400.000000,nan
