4000.000000,0.020408
3997.379913,0.020408
3994.759825,0.020408
3992.139738,0.020408
3989.519651,0.020408
3986.899563,0.020408
3984.279476,0.020408
3981.659389,0.018367
3979.039301,0.020408
3976.419214,0.020408
3973.799127,0.020408
3971.179039,0.020408
3968.558952,0.020408
3965.938865,0.020408
3963.318777,0.020408
3960.698690,0.020408
3958.078603,0.020408
3955.458515,0.020408
3952.838428,0.018367
3950.218341,0.020408
3947.598253,0.020408
3944.978166,0.018367
3942.358079,0.018367
3939.737991,0.018367
3937.117904,0.018367
3934.497817,0.020408
3931.877729,0.020408
3929.257642,0.018367
3926.637555,0.018367
3924.017467,0.018367
3921.397380,0.018367
3918.777293,0.018367
3916.157205,0.018367
3913.537118,0.018367
3910.917031,0.018367
3908.296943,0.018367
3905.676856,0.018367
3903.056769,0.018367
3900.436681,0.018367
3897.816594,0.018367
3895.196507,0.018367
3892.576419,0.018367
3889.956332,0.018367
3887.336245,0.018367
3884.716157,0.018367
3882.096070,0.018367
3879.475983,0.018367
3876.855895,0.018367
3874.235808,0.018367
3871.615721,0.018367
3868.995633,0.018367
3866.375546,0.018367
3863.755459,0.018367
3861.135371,0.018367
3858.515284,0.016327
3855.895197,0.018367
3853.275109,0.018367
3850.655022,0.018367
3848.034934,0.016327
3845.414847,0.018367
3842.794760,0.018367
3840.174672,0.018367
3837.554585,0.018367
3834.934498,0.018367
3832.314410,0.018367
3829.694323,0.018367
3827.074236,0.018367
3824.454148,0.018367
3821.834061,0.018367
3819.213974,0.018367
3816.593886,0.018367
3813.973799,0.018367
3811.353712,0.018367
3808.733624,0.018367
3806.113537,0.020408
3803.493450,0.020408
3800.873362,0.020408
3798.253275,0.020408
3795.633188,0.020408
3793.013100,0.020408
3790.393013,0.020408
3787.772926,0.020408
3785.152838,0.020408
3782.532751,0.020408
3779.912664,0.020408
3777.292576,0.020408
3774.672489,0.020408
3772.052402,0.020408
3769.432314,0.020408
3766.812227,0.020408
3764.192140,0.020408
3761.572052,0.020408
3758.951965,0.020408
3756.331878,0.020408
3753.711790,0.020408
3751.091703,0.020408
3748.471616,0.020408
3745.851528,0.020408
3743.231441,0.020408
3740.611354,0.020408
3737.991266,0.020408
3735.371179,0.020408
3732.751092,0.020408
3730.131004,0.020408
3727.510917,0.020408
3724.890830,0.020408
3722.270742,0.020408
3719.650655,0.020408
3717.030568,0.020408
3714.410480,0.020408
3711.790393,0.020408
3709.170306,0.020408
3706.550218,0.020408
3703.930131,0.020408
3701.310044,0.020408
3698.689956,0.020408
3696.069869,0.020408
3693.449782,0.020408
3690.829694,0.020408
3688.209607,0.020408
3685.589520,0.018367
3682.969432,0.018367
3680.349345,0.018367
3677.729258,0.018367
3675.109170,0.018367
3672.489083,0.018367
3669.868996,0.018367
3667.248908,0.018367
3664.628821,0.018367
3662.008734,0.018367
3659.388646,0.018367
3656.768559,0.020408
3654.148472,0.020408
3651.528384,0.020408
3648.908297,0.020408
3646.288210,0.020408
3643.668122,0.020408
3641.048035,0.020408
3638.427948,0.020408
3635.807860,0.020408
3633.187773,0.020408
3630.567686,0.020408
3627.947598,0.020408
3625.327511,0.020408
3622.707424,0.018367
3620.087336,0.018367
3617.467249,0.020408
3614.847162,0.018367
3612.227074,0.018367
3609.606987,0.020408
3606.986900,0.020408
3604.366812,0.018367
3601.746725,0.018367
3599.126638,0.018367
3596.506550,0.018367
3593.886463,0.020408
3591.266376,0.020408
3588.646288,0.020408
3586.026201,0.020408
3583.406114,0.018367
3580.786026,0.018367
3578.165939,0.020408
3575.545852,0.020408
3572.925764,0.020408
3570.305677,0.020408
3567.685590,0.020408
3565.065502,0.020408
3562.445415,0.020408
3559.825328,0.020408
3557.205240,0.020408
3554.585153,0.020408
3551.965066,0.018367
3549.344978,0.020408
3546.724891,0.020408
3544.104803,0.020408
3541.484716,0.020408
3538.864629,0.020408
3536.244541,0.020408
3533.624454,0.020408
3531.004367,0.020408
3528.384279,0.020408
3525.764192,0.020408
3523.144105,0.018367
3520.524017,0.020408
3517.903930,0.020408
3515.283843,0.020408
3512.663755,0.020408
3510.043668,0.020408
3507.423581,0.020408
3504.803493,0.020408
3502.183406,0.020408
3499.563319,0.020408
3496.943231,0.020408
3494.323144,0.020408
3491.703057,0.020408
3489.082969,0.020408
3486.462882,0.020408
3483.842795,0.020408
3481.222707,0.020408
3478.602620,0.020408
3475.982533,0.022449
3473.362445,0.022449
3470.742358,0.022449
3468.122271,0.022449
3465.502183,0.020408
3462.882096,0.020408
3460.262009,0.020408
3457.641921,0.020408
3455.021834,0.022449
3452.401747,0.020408
3449.781659,0.022449
3447.161572,0.022449
3444.541485,0.022449
3441.921397,0.022449
3439.301310,0.022449
3436.681223,0.024490
3434.061135,0.024490
3431.441048,0.024490
3428.820961,0.026531
3426.200873,0.026531
3423.580786,0.026531
3420.960699,0.026531
3418.340611,0.026531
3415.720524,0.026531
3413.100437,0.026531
3410.480349,0.026531
3407.860262,0.024490
3405.240175,0.024490
3402.620087,0.024490
3400.000000,0.024490
3397.379913,0.024490
3394.759825,0.022449
3392.139738,0.022449
3389.519651,0.022449
3386.899563,0.022449
3384.279476,0.022449
3381.659389,0.022449
3379.039301,0.022449
3376.419214,0.022449
3373.799127,0.022449
3371.179039,0.022449
3368.558952,0.022449
3365.938865,0.022449
3363.318777,0.022449
3360.698690,0.022449
3358.078603,0.022449
3355.458515,0.022449
3352.838428,0.022449
3350.218341,0.024490
3347.598253,0.024490
3344.978166,0.022449
3342.358079,0.022449
3339.737991,0.022449
3337.117904,0.022449
3334.497817,0.022449
3331.877729,0.022449
3329.257642,0.022449
3326.637555,0.022449
3324.017467,0.022449
3321.397380,0.022449
3318.777293,0.022449
3316.157205,0.020408
3313.537118,0.020408
3310.917031,0.022449
3308.296943,0.020408
3305.676856,0.020408
3303.056769,0.020408
3300.436681,0.020408
3297.816594,0.020408
3295.196507,0.020408
3292.576419,0.020408
3289.956332,0.020408
3287.336245,0.020408
3284.716157,0.020408
3282.096070,0.020408
3279.475983,0.020408
3276.855895,0.020408
3274.235808,0.020408
3271.615721,0.020408
3268.995633,0.020408
3266.375546,0.020408
3263.755459,0.020408
3261.135371,0.020408
3258.515284,0.020408
3255.895197,0.020408
3253.275109,0.020408
3250.655022,0.020408
3248.034934,0.020408
3245.414847,0.020408
3242.794760,0.020408
3240.174672,0.020408
3237.554585,0.020408
3234.934498,0.020408
3232.314410,0.020408
3229.694323,0.020408
3227.074236,0.020408
3224.454148,0.020408
3221.834061,0.020408
3219.213974,0.020408
3216.593886,0.020408
3213.973799,0.020408
3211.353712,0.020408
3208.733624,0.020408
3206.113537,0.020408
3203.493450,0.020408
3200.873362,0.020408
3198.253275,0.020408
3195.633188,0.020408
3193.013100,0.020408
3190.393013,0.020408
3187.772926,0.020408
3185.152838,0.020408
3182.532751,0.020408
3179.912664,0.020408
3177.292576,0.020408
3174.672489,0.020408
3172.052402,0.020408
3169.432314,0.020408
3166.812227,0.020408
3164.192140,0.020408
3161.572052,0.020408
3158.951965,0.022449
3156.331878,0.022449
3153.711790,0.022449
3151.091703,0.022449
3148.471616,0.022449
3145.851528,0.022449
3143.231441,0.022449
3140.611354,0.022449
3137.991266,0.022449
3135.371179,0.022449
3132.751092,0.024490
3130.131004,0.022449
3127.510917,0.024490
3124.890830,0.024490
3122.270742,0.024490
3119.650655,0.024490
3117.030568,0.024490
3114.410480,0.026531
3111.790393,0.028571
3109.170306,0.030612
3106.550218,0.032653
3103.930131,0.032653
3101.310044,0.032653
3098.689956,0.030612
3096.069869,0.028571
3093.449782,0.028571
3090.829694,0.026531
3088.209607,0.026531
3085.589520,0.026531
3082.969432,0.026531
3080.349345,0.026531
3077.729258,0.026531
3075.109170,0.026531
3072.489083,0.026531
3069.868996,0.026531
3067.248908,0.026531
3064.628821,0.026531
3062.008734,0.026531
3059.388646,0.026531
3056.768559,0.028571
3054.148472,0.028571
3051.528384,0.028571
3048.908297,0.030612
3046.288210,0.030612
3043.668122,0.030612
3041.048035,0.030612
3038.427948,0.030612
3035.807860,0.030612
3033.187773,0.030612
3030.567686,0.030612
3027.947598,0.032653
3025.327511,0.032653
3022.707424,0.034694
3020.087336,0.036735
3017.467249,0.038776
3014.847162,0.038776
3012.227074,0.038776
3009.606987,0.038776
3006.986900,0.040816
3004.366812,0.044898
3001.746725,0.048980
2999.126638,0.055102
2996.506550,0.061224
2993.886463,0.067347
2991.266376,0.075510
2988.646288,0.085714
2986.026201,0.097959
2983.406114,0.112245
2980.786026,0.122449
2978.165939,0.134694
2975.545852,0.148980
2972.925764,0.171429
2970.305677,0.206122
2967.685590,0.257143
2965.065502,0.322449
2962.445415,0.391837
2959.825328,0.453061
2957.205240,0.471429
2954.585153,0.471429
2951.965066,0.467347
2949.344978,0.428571
2946.724891,0.359184
2944.104803,0.291837
2941.484716,0.236735
2938.864629,0.197959
2936.244541,0.175510
2933.624454,0.165306
2931.004367,0.167347
2928.384279,0.167347
2925.764192,0.165306
2923.144105,0.155102
2920.524017,0.140816
2917.903930,0.128571
2915.283843,0.122449
2912.663755,0.116327
2910.043668,0.114286
2907.423581,0.118367
2904.803493,0.126531
2902.183406,0.134694
2899.563319,0.138776
2896.943231,0.140816
2894.323144,0.140816
2891.703057,0.138776
2889.082969,0.132653
2886.462882,0.124490
2883.842795,0.116327
2881.222707,0.112245
2878.602620,0.108163
2875.982533,0.102041
2873.362445,0.095918
2870.742358,0.087755
2868.122271,0.079592
2865.502183,0.071429
2862.882096,0.063265
2860.262009,0.057143
2857.641921,0.055102
2855.021834,0.053061
2852.401747,0.051020
2849.781659,0.046939
2847.161572,0.044898
2844.541485,0.042857
2841.921397,0.038776
2839.301310,0.036735
2836.681223,0.032653
2834.061135,0.030612
2831.441048,0.030612
2828.820961,0.028571
2826.200873,0.028571
2823.580786,0.026531
2820.960699,0.026531
2818.340611,0.026531
2815.720524,0.026531
2813.100437,0.026531
2810.480349,0.026531
2807.860262,0.026531
2805.240175,0.028571
2802.620087,0.028571
2800.000000,0.028571
2797.379913,0.026531
2794.759825,0.026531
2792.139738,0.026531
2789.519651,0.024490
2786.899563,0.022449
2784.279476,0.022449
2781.659389,0.020408
2779.039301,0.018367
2776.419214,0.018367
2773.799127,0.016327
2771.179039,0.016327
2768.558952,0.016327
2765.938865,0.014286
2763.318777,0.014286
2760.698690,0.014286
2758.078603,0.014286
2755.458515,0.014286
2752.838428,0.014286
2750.218341,0.014286
2747.598253,0.012245
2744.978166,0.012245
2742.358079,0.012245
2739.737991,0.012245
2737.117904,0.012245
2734.497817,0.012245
2731.877729,0.012245
2729.257642,0.012245
2726.637555,0.010204
2724.017467,0.010204
2721.397380,0.010204
2718.777293,0.010204
2716.157205,0.010204
2713.537118,0.010204
2710.917031,0.010204
2708.296943,0.010204
2705.676856,0.010204
2703.056769,0.010204
2700.436681,0.010204
2697.816594,0.010204
2695.196507,0.010204
2692.576419,0.010204
2689.956332,0.010204
2687.336245,0.010204
2684.716157,0.010204
2682.096070,0.010204
2679.475983,0.010204
2676.855895,0.010204
2674.235808,0.010204
2671.615721,0.010204
2668.995633,0.010204
2666.375546,0.010204
2663.755459,0.008163
2661.135371,0.008163
2658.515284,0.008163
2655.895197,0.008163
2653.275109,0.008163
2650.655022,0.008163
2648.034934,0.008163
2645.414847,0.008163
2642.794760,0.008163
2640.174672,0.008163
2637.554585,0.008163
2634.934498,0.008163
2632.314410,0.008163
2629.694323,0.008163
2627.074236,0.008163
2624.454148,0.008163
2621.834061,0.008163
2619.213974,0.008163
2616.593886,0.008163
2613.973799,0.008163
2611.353712,0.006122
2608.733624,0.008163
2606.113537,0.008163
2603.493450,0.008163
2600.873362,0.008163
2598.253275,0.008163
2595.633188,0.008163
2593.013100,0.008163
2590.393013,0.008163
2587.772926,0.006122
2585.152838,0.006122
2582.532751,0.006122
2579.912664,0.008163
2577.292576,0.008163
2574.672489,0.008163
2572.052402,0.008163
2569.432314,0.008163
2566.812227,0.008163
2564.192140,0.006122
2561.572052,0.006122
2558.951965,0.006122
2556.331878,0.006122
2553.711790,0.006122
2551.091703,0.006122
2548.471616,0.006122
2545.851528,0.006122
2543.231441,0.006122
2540.611354,0.006122
2537.991266,0.006122
2535.371179,0.006122
2532.751092,0.006122
2530.131004,0.006122
2527.510917,0.006122
2524.890830,0.006122
2522.270742,0.006122
2519.650655,0.006122
2517.030568,0.006122
2514.410480,0.006122
2511.790393,0.006122
2509.170306,0.006122
2506.550218,0.006122
2503.930131,0.006122
2501.310044,0.006122
2498.689956,0.006122
2496.069869,0.006122
2493.449782,0.008163
2490.829694,0.008163
2488.209607,0.008163
2485.589520,0.008163
2482.969432,0.008163
2480.349345,0.008163
2477.729258,0.008163
2475.109170,0.008163
2472.489083,0.006122
2469.868996,0.006122
2467.248908,0.006122
2464.628821,0.006122
2462.008734,0.006122
2459.388646,0.006122
2456.768559,0.006122
2454.148472,0.006122
2451.528384,0.006122
2448.908297,0.006122
2446.288210,0.006122
2443.668122,0.006122
2441.048035,0.006122
2438.427948,0.006122
2435.807860,0.006122
2433.187773,0.006122
2430.567686,0.006122
2427.947598,0.006122
2425.327511,0.006122
2422.707424,0.006122
2420.087336,0.006122
2417.467249,0.006122
2414.847162,0.006122
2412.227074,0.006122
2409.606987,0.006122
2406.986900,0.004082
2404.366812,0.004082
2401.746725,0.004082
2399.126638,0.004082
2396.506550,0.004082
2393.886463,0.004082
2391.266376,0.004082
2388.646288,0.004082
2386.026201,0.004082
2383.406114,0.004082
2380.786026,0.004082
2378.165939,0.004082
2375.545852,0.004082
2372.925764,0.006122
2370.305677,0.006122
2367.685590,0.004082
2365.065502,0.004082
2362.445415,0.004082
2359.825328,0.004082
2357.205240,0.006122
2354.585153,0.006122
2351.965066,0.004082
2349.344978,0.004082
2346.724891,0.006122
2344.104803,0.006122
2341.484716,0.006122
2338.864629,0.004082
2336.244541,0.004082
2333.624454,0.006122
2331.004367,0.006122
2328.384279,0.006122
2325.764192,0.006122
2323.144105,0.006122
2320.524017,0.006122
2317.903930,0.006122
2315.283843,0.006122
2312.663755,0.006122
2310.043668,0.006122
2307.423581,0.004082
2304.803493,0.004082
2302.183406,0.004082
2299.563319,0.004082
2296.943231,0.004082
2294.323144,0.004082
2291.703057,0.004082
2289.082969,0.004082
2286.462882,0.004082
2283.842795,0.004082
2281.222707,0.004082
2278.602620,0.004082
2275.982533,0.004082
2273.362445,0.004082
2270.742358,0.004082
2268.122271,0.004082
2265.502183,0.004082
2262.882096,0.004082
2260.262009,0.004082
2257.641921,0.004082
2255.021834,0.004082
2252.401747,0.004082
2249.781659,0.006122
2247.161572,0.006122
2244.541485,0.004082
2241.921397,0.004082
2239.301310,0.004082
2236.681223,0.004082
2234.061135,0.004082
2231.441048,0.004082
2228.820961,0.004082
2226.200873,0.004082
2223.580786,0.004082
2220.960699,0.004082
2218.340611,0.004082
2215.720524,0.004082
2213.100437,0.004082
2210.480349,0.004082
2207.860262,0.004082
2205.240175,0.004082
2202.620087,0.004082
2200.000000,0.004082
2197.379913,0.004082
2194.759825,0.004082
2192.139738,0.004082
2189.519651,0.004082
2186.899563,0.004082
2184.279476,0.004082
2181.659389,0.004082
2179.039301,0.004082
2176.419214,0.004082
2173.799127,0.004082
2171.179039,0.004082
2168.558952,0.004082
2165.938865,0.004082
2163.318777,0.004082
2160.698690,0.004082
2158.078603,0.004082
2155.458515,0.004082
2152.838428,0.004082
2150.218341,0.004082
2147.598253,0.004082
2144.978166,0.004082
2142.358079,0.004082
2139.737991,0.004082
2137.117904,0.004082
2134.497817,0.004082
2131.877729,0.004082
2129.257642,0.004082
2126.637555,0.004082
2124.017467,0.004082
2121.397380,0.004082
2118.777293,0.004082
2116.157205,0.004082
2113.537118,0.004082
2110.917031,0.004082
2108.296943,0.006122
2105.676856,0.006122
2103.056769,0.006122
2100.436681,0.006122
2097.816594,0.006122
2095.196507,0.006122
2092.576419,0.006122
2089.956332,0.006122
2087.336245,0.006122
2084.716157,0.006122
2082.096070,0.004082
2079.475983,0.004082
2076.855895,0.004082
2074.235808,0.004082
2071.615721,0.004082
2068.995633,0.004082
2066.375546,0.004082
2063.755459,0.004082
2061.135371,0.004082
2058.515284,0.004082
2055.895197,0.004082
2053.275109,0.004082
2050.655022,0.004082
2048.034934,0.004082
2045.414847,0.004082
2042.794760,0.004082
2040.174672,0.004082
2037.554585,0.004082
2034.934498,0.004082
2032.314410,0.004082
2029.694323,0.004082
2027.074236,0.004082
2024.454148,0.004082
2021.834061,0.004082
2019.213974,0.004082
2016.593886,0.004082
2013.973799,0.006122
2011.353712,0.006122
2008.733624,0.006122
2006.113537,0.006122
2003.493450,0.006122
2000.873362,0.006122
1998.253275,0.006122
1995.633188,0.006122
1993.013100,0.006122
1990.393013,0.004082
1987.772926,0.004082
1985.152838,0.004082
1982.532751,0.004082
1979.912664,0.004082
1977.292576,0.004082
1974.672489,0.004082
1972.052402,0.004082
1969.432314,0.004082
1966.812227,0.004082
1964.192140,0.004082
1961.572052,0.006122
1958.951965,0.006122
1956.331878,0.006122
1953.711790,0.006122
1951.091703,0.006122
1948.471616,0.008163
1945.851528,0.008163
1943.231441,0.008163
1940.611354,0.008163
1937.991266,0.010204
1935.371179,0.010204
1932.751092,0.010204
1930.131004,0.008163
1927.510917,0.008163
1924.890830,0.008163
1922.270742,0.008163
1919.650655,0.006122
1917.030568,0.006122
1914.410480,0.006122
1911.790393,0.006122
1909.170306,0.006122
1906.550218,0.006122
1903.930131,0.006122
1901.310044,0.006122
1898.689956,0.006122
1896.069869,0.006122
1893.449782,0.006122
1890.829694,0.008163
1888.209607,0.008163
1885.589520,0.010204
1882.969432,0.010204
1880.349345,0.010204
1877.729258,0.010204
1875.109170,0.010204
1872.489083,0.010204
1869.868996,0.008163
1867.248908,0.008163
1864.628821,0.006122
1862.008734,0.006122
1859.388646,0.004082
1856.768559,0.004082
1854.148472,0.004082
1851.528384,0.004082
1848.908297,0.002041
1846.288210,0.002041
1843.668122,0.002041
1841.048035,0.004082
1838.427948,0.004082
1835.807860,0.004082
1833.187773,0.004082
1830.567686,0.004082
1827.947598,0.004082
1825.327511,0.004082
1822.707424,0.004082
1820.087336,0.004082
1817.467249,0.004082
1814.847162,0.004082
1812.227074,0.006122
1809.606987,0.006122
1806.986900,0.006122
1804.366812,0.006122
1801.746725,0.006122
1799.126638,0.008163
1796.506550,0.008163
1793.886463,0.008163
1791.266376,0.010204
1788.646288,0.010204
1786.026201,0.010204
1783.406114,0.010204
1780.786026,0.012245
1778.165939,0.012245
1775.545852,0.014286
1772.925764,0.014286
1770.305677,0.016327
1767.685590,0.018367
1765.065502,0.018367
1762.445415,0.020408
1759.825328,0.022449
1757.205240,0.026531
1754.585153,0.030612
1751.965066,0.036735
1749.344978,0.042857
1746.724891,0.055102
1744.104803,0.071429
1741.484716,0.095918
1738.864629,0.128571
1736.244541,0.177551
1733.624454,0.277551
1731.004367,0.434694
1728.384279,0.620408
1725.764192,0.759184
1723.144105,0.785714
1720.524017,0.785714
1717.903930,0.769388
1715.283843,0.659184
1712.663755,0.479592
1710.043668,0.332653
1707.423581,0.224490
1704.803493,0.155102
1702.183406,0.110204
1699.563319,0.085714
1696.943231,0.067347
1694.323144,0.053061
1691.703057,0.042857
1689.082969,0.036735
1686.462882,0.032653
1683.842795,0.030612
1681.222707,0.026531
1678.602620,0.026531
1675.982533,0.024490
1673.362445,0.022449
1670.742358,0.018367
1668.122271,0.016327
1665.502183,0.014286
1662.882096,0.014286
1660.262009,0.012245
1657.641921,0.014286
1655.021834,0.014286
1652.401747,0.016327
1649.781659,0.024490
1647.161572,0.040816
1644.541485,0.075510
1641.921397,0.108163
1639.301310,0.112245
1636.681223,0.112245
1634.061135,0.102041
1631.441048,0.077551
1628.820961,0.059184
1626.200873,0.051020
1623.580786,0.042857
1620.960699,0.034694
1618.340611,0.026531
1615.720524,0.022449
1613.100437,0.018367
1610.480349,0.018367
1607.860262,0.016327
1605.240175,0.016327
1602.620087,0.016327
1600.000000,0.016327
1597.379913,0.016327
1594.759825,0.016327
1592.139738,0.018367
1589.519651,0.018367
1586.899563,0.018367
1584.279476,0.020408
1581.659389,0.020408
1579.039301,0.020408
1576.419214,0.020408
1573.799127,0.020408
1571.179039,0.018367
1568.558952,0.018367
1565.938865,0.016327
1563.318777,0.014286
1560.698690,0.012245
1558.078603,0.010204
1555.458515,0.008163
1552.838428,0.008163
1550.218341,0.008163
1547.598253,0.008163
1544.978166,0.008163
1542.358079,0.008163
1539.737991,0.008163
1537.117904,0.006122
1534.497817,0.008163
1531.877729,0.008163
1529.257642,0.008163
1526.637555,0.008163
1524.017467,0.008163
1521.397380,0.008163
1518.777293,0.010204
1516.157205,0.012245
1513.537118,0.016327
1510.917031,0.018367
1508.296943,0.018367
1505.676856,0.018367
1503.056769,0.016327
1500.436681,0.014286
1497.816594,0.014286
1495.196507,0.014286
1492.576419,0.014286
1489.956332,0.014286
1487.336245,0.018367
1484.716157,0.022449
1482.096070,0.028571
1479.475983,0.038776
1476.855895,0.048980
1474.235808,0.059184
1471.615721,0.065306
1468.995633,0.067347
1466.375546,0.071429
1463.755459,0.079592
1461.135371,0.087755
1458.515284,0.102041
1455.895197,0.118367
1453.275109,0.122449
1450.655022,0.122449
1448.034934,0.118367
1445.414847,0.104082
1442.794760,0.093878
1440.174672,0.095918
1437.554585,0.093878
1434.934498,0.091837
1432.314410,0.081633
1429.694323,0.071429
1427.074236,0.063265
1424.454148,0.065306
1421.834061,0.073469
1419.213974,0.085714
1416.593886,0.097959
1413.973799,0.106122
1411.353712,0.108163
1408.733624,0.108163
1406.113537,0.110204
1403.493450,0.110204
1400.873362,0.108163
1398.253275,0.102041
1395.633188,0.089796
1393.013100,0.079592
1390.393013,0.073469
1387.772926,0.069388
1385.152838,0.069388
1382.532751,0.061224
1379.912664,0.059184
1377.292576,0.061224
1374.672489,0.061224
1372.052402,0.059184
1369.432314,0.046939
1366.812227,0.034694
1364.192140,0.030612
1361.572052,0.030612
1358.951965,0.032653
1356.331878,0.038776
1353.711790,0.044898
1351.091703,0.046939
1348.471616,0.048980
1345.851528,0.048980
1343.231441,0.053061
1340.611354,0.061224
1337.991266,0.077551
1335.371179,0.104082
1332.751092,0.148980
1330.131004,0.206122
1327.510917,0.242857
1324.890830,0.257143
1322.270742,0.261224
1319.650655,0.261224
1317.030568,0.253061
1314.410480,0.218367
1311.790393,0.177551
1309.170306,0.161224
1306.550218,0.169388
1303.930131,0.206122
1301.310044,0.275510
1298.689956,0.326531
1296.069869,0.330612
1293.449782,0.328571
1290.829694,0.289796
1288.209607,0.210204
1285.589520,0.142857
1282.969432,0.106122
1280.349345,0.091837
1277.729258,0.097959
1275.109170,0.106122
1272.489083,0.126531
1269.868996,0.171429
1267.248908,0.246939
1264.628821,0.342857
1262.008734,0.497959
1259.388646,0.689796
1256.768559,0.836735
1254.148472,0.844898
1251.528384,0.844898
1248.908297,0.738776
1246.288210,0.483673
1243.668122,0.281633
1241.048035,0.167347
1238.427948,0.114286
1235.807860,0.085714
1233.187773,0.071429
1230.567686,0.061224
1227.947598,0.055102
1225.327511,0.055102
1222.707424,0.059184
1220.087336,0.065306
1217.467249,0.075510
1214.847162,0.087755
1212.227074,0.108163
1209.606987,0.132653
1206.986900,0.163265
1204.366812,0.200000
1201.746725,0.228571
1199.126638,0.244898
1196.506550,0.248980
1193.886463,0.253061
1191.266376,0.265306
1188.646288,0.287755
1186.026201,0.316327
1183.406114,0.346939
1180.786026,0.385714
1178.165939,0.438776
1175.545852,0.500000
1172.925764,0.563265
1170.305677,0.622449
1167.685590,0.653061
1165.065502,0.657143
1162.445415,0.657143
1159.825328,0.646939
1157.205240,0.606122
1154.585153,0.544898
1151.965066,0.457143
1149.344978,0.348980
1146.724891,0.259184
1144.104803,0.193878
1141.484716,0.148980
1138.864629,0.122449
1136.244541,0.104082
1133.624454,0.093878
1131.004367,0.089796
1128.384279,0.085714
1125.764192,0.085714
1123.144105,0.089796
1120.524017,0.093878
1117.903930,0.097959
1115.283843,0.104082
1112.663755,0.112245
1110.043668,0.118367
1107.423581,0.128571
1104.803493,0.140816
1102.183406,0.157143
1099.563319,0.175510
1096.943231,0.200000
1094.323144,0.230612
1091.703057,0.267347
1089.082969,0.312245
1086.462882,0.371429
1083.842795,0.434694
1081.222707,0.504082
1078.602620,0.583673
1075.982533,0.659184
1073.362445,0.728571
1070.742358,0.789796
1068.122271,0.834694
1065.502183,0.865306
1062.882096,0.881633
1060.262009,0.885714
1057.641921,0.885714
1055.021834,0.883673
1052.401747,0.875510
1049.781659,0.853061
1047.161572,0.816327
1044.541485,0.765306
1041.921397,0.704082
1039.301310,0.636735
1036.681223,0.569388
1034.061135,0.502041
1031.441048,0.430612
1028.820961,0.369388
1026.200873,0.316327
1023.580786,0.275510
1020.960699,0.251020
1018.340611,0.236735
1015.720524,0.236735
1013.100437,0.238776
1010.480349,0.236735
1007.860262,0.220408
1005.240175,0.179592
1002.620087,0.136735
1000.000000,0.110204
997.379913,0.091837
994.759825,0.085714
992.139738,0.081633
989.519651,0.081633
986.899563,0.085714
984.279476,0.089796
981.659389,0.089796
979.039301,0.089796
976.419214,0.087755
973.799127,0.077551
971.179039,0.061224
968.558952,0.046939
965.938865,0.038776
963.318777,0.032653
960.698690,0.036735
958.078603,0.042857
955.458515,0.053061
952.838428,0.065306
950.218341,0.079592
947.598253,0.100000
944.978166,0.126531
942.358079,0.151020
939.737991,0.157143
937.117904,0.157143
934.497817,0.153061
931.877729,0.128571
929.257642,0.097959
926.637555,0.073469
924.017467,0.053061
921.397380,0.038776
918.777293,0.032653
916.157205,0.034694
913.537118,0.036735
910.917031,0.044898
908.296943,0.055102
905.676856,0.061224
903.056769,0.069388
900.436681,0.073469
897.816594,0.075510
895.196507,0.081633
892.576419,0.087755
889.956332,0.095918
887.336245,0.108163
884.716157,0.124490
882.096070,0.140816
879.475983,0.153061
876.855895,0.165306
874.235808,0.179592
871.615721,0.197959
868.995633,0.226531
866.375546,0.263265
863.755459,0.310204
861.135371,0.377551
858.515284,0.467347
855.895197,0.583673
853.275109,0.722449
850.655022,0.857143
848.034934,0.961224
845.414847,0.997959
842.794760,1.000000
840.174672,0.995918
837.554585,0.938776
834.934498,0.806122
832.314410,0.657143
829.694323,0.524490
827.074236,0.432653
824.454148,0.375510
821.834061,0.363265
819.213974,0.387755
816.593886,0.408163
813.973799,0.410204
811.353712,0.410204
808.733624,0.404082
806.113537,0.385714
803.493450,0.369388
800.873362,0.359184
798.253275,0.338776
795.633188,0.302041
793.013100,0.265306
790.393013,0.234694
787.772926,0.210204
785.152838,0.212245
782.532751,0.226531
779.912664,0.234694
777.292576,0.234694
774.672489,0.234694
772.052402,0.222449
769.432314,0.197959
766.812227,0.177551
764.192140,0.157143
761.572052,0.140816
758.951965,0.169388
756.331878,0.191837
753.711790,0.191837
751.091703,0.191837
748.471616,0.169388
745.851528,0.122449
743.231441,0.085714
740.611354,0.065306
737.991266,0.055102
735.371179,0.051020
732.751092,0.044898
730.131004,0.040816
727.510917,0.036735
724.890830,0.032653
722.270742,0.030612
719.650655,0.030612
717.030568,0.036735
714.410480,0.040816
711.790393,0.048980
709.170306,0.053061
706.550218,0.055102
703.930131,0.057143
701.310044,0.057143
698.689956,0.057143
696.069869,0.057143
693.449782,0.065306
690.829694,0.069388
688.209607,0.071429
685.589520,0.069388
682.969432,0.065306
680.349345,0.053061
677.729258,0.040816
675.109170,0.030612
672.489083,0.022449
669.868996,0.018367
667.248908,0.020408
664.628821,0.024490
662.008734,0.028571
659.388646,0.032653
656.768559,0.036735
654.148472,0.038776
651.528384,0.038776
648.908297,0.036735
646.288210,0.034694
643.668122,0.024490
641.048035,0.016327
638.427948,0.012245
635.807860,0.014286
633.187773,0.022449
630.567686,0.036735
627.947598,0.040816
625.327511,0.040816
622.707424,0.036735
620.087336,0.022449
617.467249,0.016327
614.847162,0.018367
612.227074,0.022449
609.606987,0.022449
606.986900,0.020408
604.366812,0.026531
601.746725,0.030612
599.126638,0.030612
596.506550,0.030612
593.886463,0.030612
591.266376,0.028571
588.646288,0.026531
586.026201,0.022449
583.406114,0.020408
580.786026,0.016327
578.165939,0.014286
575.545852,0.010204
572.925764,0.008163
570.305677,0.006122
567.685590,0.006122
565.065502,0.004082
562.445415,0.004082
559.825328,0.004082
557.205240,0.002041
554.585153,0.002041
551.965066,0.002041
549.344978,0.002041
546.724891,0.002041
544.104803,0.002041
541.484716,0.002041
538.864629,0.002041
536.244541,0.002041
533.624454,0.002041
531.004367,0.002041
528.384279,0.002041
525.764192,0.002041
523.144105,0.002041
520.524017,0.002041
517.903930,0.002041
515.283843,0.002041
512.663755,0.002041
510.043668,0.002041
507.423581,0.002041
504.803493,0.002041
502.183406,0.002041
499.563319,0.002041
496.943231,0.002041
494.323144,0.002041
491.703057,0.002041
489.082969,0.002041
486.462882,0.002041
483.842795,0.002041
481.222707,0.002041
478.602620,0.002041
475.982533,0.002041
473.362445,0.002041
470.742358,0.002041
468.122271,0.002041
465.502183,0.002041
462.882096,0.002041
460.262009,0.002041
457.641921,0.002041
455.021834,0.002041
452.401747,0.002041
449.781659,0.002041
447.161572,nan
444.541485,nan
441.921397,nan
439.301310,nan
436.681223,nan
434.061135,nan
431.441048,nan
428.820961,nan
426.200873,nan
423.580786,nan
420.960699,nan
418.340611,nan
415.720524,nan
413.100437,nan
410.480349,nan
407.860262,nan
405.240175,nan
402.620087,nan
400.000000,nan
