4000.000000,0.026531
3997.379913,0.026531
3994.759825,0.026531
3992.139738,0.026531
3989.519651,0.026531
3986.899563,0.026531
3984.279476,0.026531
3981.659389,0.026531
3979.039301,0.026531
3976.419214,0.026531
3973.799127,0.026531
3971.179039,0.026531
3968.558952,0.026531
3965.938865,0.026531
3963.318777,0.026531
3960.698690,0.026531
3958.078603,0.026531
3955.458515,0.026531
3952.838428,0.026531
3950.218341,0.026531
3947.598253,0.026531
3944.978166,0.026531
3942.358079,0.026531
3939.737991,0.026531
3937.117904,0.026531
3934.497817,0.026531
3931.877729,0.026531
3929.257642,0.026531
3926.637555,0.026531
3924.017467,0.026531
3921.397380,0.026531
3918.777293,0.026531
3916.157205,0.026531
3913.537118,0.026531
3910.917031,0.026531
3908.296943,0.026531
3905.676856,0.026531
3903.056769,0.024490
3900.436681,0.022449
3897.816594,0.024490
3895.196507,0.024490
3892.576419,0.022449
3889.956332,0.022449
3887.336245,0.022449
3884.716157,0.022449
3882.096070,0.022449
3879.475983,0.022449
3876.855895,0.022449
3874.235808,0.022449
3871.615721,0.024490
3868.995633,0.024490
3866.375546,0.022449
3863.755459,0.020408
3861.135371,0.022449
3858.515284,0.024490
3855.895197,0.024490
3853.275109,0.024490
3850.655022,0.022449
3848.034934,0.020408
3845.414847,0.022449
3842.794760,0.024490
3840.174672,0.024490
3837.554585,0.024490
3834.934498,0.022449
3832.314410,0.020408
3829.694323,0.020408
3827.074236,0.022449
3824.454148,0.022449
3821.834061,0.022449
3819.213974,0.022449
3816.593886,0.020408
3813.973799,0.020408
3811.353712,0.022449
3808.733624,0.024490
3806.113537,0.024490
3803.493450,0.024490
3800.873362,0.022449
3798.253275,0.020408
3795.633188,0.020408
3793.013100,0.020408
3790.393013,0.022449
3787.772926,0.024490
3785.152838,0.024490
3782.532751,0.022449
3779.912664,0.022449
3777.292576,0.022449
3774.672489,0.022449
3772.052402,0.022449
3769.432314,0.022449
3766.812227,0.022449
3764.192140,0.022449
3761.572052,0.024490
3758.951965,0.024490
3756.331878,0.022449
3753.711790,0.020408
3751.091703,0.020408
3748.471616,0.020408
3745.851528,0.020408
3743.231441,0.020408
3740.611354,0.020408
3737.991266,0.020408
3735.371179,0.020408
3732.751092,0.020408
3730.131004,0.020408
3727.510917,0.020408
3724.890830,0.020408
3722.270742,0.020408
3719.650655,0.020408
3717.030568,0.020408
3714.410480,0.020408
3711.790393,0.020408
3709.170306,0.020408
3706.550218,0.020408
3703.930131,0.020408
3701.310044,0.020408
3698.689956,0.020408
3696.069869,0.020408
3693.449782,0.020408
3690.829694,0.020408
3688.209607,0.020408
3685.589520,0.020408
3682.969432,0.020408
3680.349345,0.020408
3677.729258,0.020408
3675.109170,0.020408
3672.489083,0.020408
3669.868996,0.020408
3667.248908,0.020408
3664.628821,0.020408
3662.008734,0.020408
3659.388646,0.020408
3656.768559,0.020408
3654.148472,0.020408
3651.528384,0.020408
3648.908297,0.020408
3646.288210,0.020408
3643.668122,0.020408
3641.048035,0.020408
3638.427948,0.020408
3635.807860,0.022449
3633.187773,0.022449
3630.567686,0.022449
3627.947598,0.020408
3625.327511,0.020408
3622.707424,0.020408
3620.087336,0.020408
3617.467249,0.020408
3614.847162,0.020408
3612.227074,0.020408
3609.606987,0.020408
3606.986900,0.020408
3604.366812,0.020408
3601.746725,0.022449
3599.126638,0.022449
3596.506550,0.024490
3593.886463,0.024490
3591.266376,0.022449
3588.646288,0.022449
3586.026201,0.024490
3583.406114,0.022449
3580.786026,0.022449
3578.165939,0.022449
3575.545852,0.022449
3572.925764,0.022449
3570.305677,0.022449
3567.685590,0.022449
3565.065502,0.022449
3562.445415,0.022449
3559.825328,0.022449
3557.205240,0.022449
3554.585153,0.022449
3551.965066,0.022449
3549.344978,0.022449
3546.724891,0.022449
3544.104803,0.022449
3541.484716,0.022449
3538.864629,0.022449
3536.244541,0.022449
3533.624454,0.022449
3531.004367,0.022449
3528.384279,0.022449
3525.764192,0.022449
3523.144105,0.022449
3520.524017,0.022449
3517.903930,0.022449
3515.283843,0.022449
3512.663755,0.022449
3510.043668,0.022449
3507.423581,0.022449
3504.803493,0.022449
3502.183406,0.022449
3499.563319,0.022449
3496.943231,0.022449
3494.323144,0.022449
3491.703057,0.022449
3489.082969,0.022449
3486.462882,0.024490
3483.842795,0.024490
3481.222707,0.022449
3478.602620,0.024490
3475.982533,0.024490
3473.362445,0.026531
3470.742358,0.028571
3468.122271,0.026531
3465.502183,0.024490
3462.882096,0.024490
3460.262009,0.026531
3457.641921,0.026531
3455.021834,0.026531
3452.401747,0.026531
3449.781659,0.026531
3447.161572,0.026531
3444.541485,0.026531
3441.921397,0.026531
3439.301310,0.026531
3436.681223,0.026531
3434.061135,0.026531
3431.441048,0.026531
3428.820961,0.026531
3426.200873,0.026531
3423.580786,0.026531
3420.960699,0.028571
3418.340611,0.030612
3415.720524,0.030612
3413.100437,0.030612
3410.480349,0.030612
3407.860262,0.030612
3405.240175,0.030612
3402.620087,0.030612
3400.000000,0.030612
3397.379913,0.030612
3394.759825,0.030612
3392.139738,0.030612
3389.519651,0.030612
3386.899563,0.030612
3384.279476,0.030612
3381.659389,0.030612
3379.039301,0.030612
3376.419214,0.032653
3373.799127,0.032653
3371.179039,0.032653
3368.558952,0.034694
3365.938865,0.036735
3363.318777,0.036735
3360.698690,0.036735
3358.078603,0.036735
3355.458515,0.038776
3352.838428,0.040816
3350.218341,0.040816
3347.598253,0.040816
3344.978166,0.042857
3342.358079,0.042857
3339.737991,0.042857
3337.117904,0.044898
3334.497817,0.046939
3331.877729,0.046939
3329.257642,0.046939
3326.637555,0.046939
3324.017467,0.046939
3321.397380,0.046939
3318.777293,0.044898
3316.157205,0.042857
3313.537118,0.042857
3310.917031,0.042857
3308.296943,0.042857
3305.676856,0.042857
3303.056769,0.042857
3300.436681,0.042857
3297.816594,0.042857
3295.196507,0.042857
3292.576419,0.042857
3289.956332,0.042857
3287.336245,0.042857
3284.716157,0.042857
3282.096070,0.042857
3279.475983,0.042857
3276.855895,0.042857
3274.235808,0.042857
3271.615721,0.042857
3268.995633,0.040816
3266.375546,0.038776
3263.755459,0.040816
3261.135371,0.040816
3258.515284,0.040816
3255.895197,0.040816
3253.275109,0.040816
3250.655022,0.038776
3248.034934,0.036735
3245.414847,0.036735
3242.794760,0.036735
3240.174672,0.036735
3237.554585,0.036735
3234.934498,0.036735
3232.314410,0.036735
3229.694323,0.036735
3227.074236,0.036735
3224.454148,0.036735
3221.834061,0.036735
3219.213974,0.034694
3216.593886,0.032653
3213.973799,0.032653
3211.353712,0.034694
3208.733624,0.032653
3206.113537,0.032653
3203.493450,0.032653
3200.873362,0.034694
3198.253275,0.032653
3195.633188,0.032653
3193.013100,0.032653
3190.393013,0.034694
3187.772926,0.032653
3185.152838,0.032653
3182.532751,0.034694
3179.912664,0.034694
3177.292576,0.032653
3174.672489,0.032653
3172.052402,0.034694
3169.432314,0.034694
3166.812227,0.032653
3164.192140,0.032653
3161.572052,0.034694
3158.951965,0.034694
3156.331878,0.032653
3153.711790,0.030612
3151.091703,0.030612
3148.471616,0.030612
3145.851528,0.030612
3143.231441,0.030612
3140.611354,0.030612
3137.991266,0.030612
3135.371179,0.028571
3132.751092,0.030612
3130.131004,0.032653
3127.510917,0.032653
3124.890830,0.032653
3122.270742,0.030612
3119.650655,0.030612
3117.030568,0.032653
3114.410480,0.032653
3111.790393,0.034694
3109.170306,0.032653
3106.550218,0.032653
3103.930131,0.032653
3101.310044,0.032653
3098.689956,0.032653
3096.069869,0.032653
3093.449782,0.032653
3090.829694,0.032653
3088.209607,0.032653
3085.589520,0.036735
3082.969432,0.036735
3080.349345,0.036735
3077.729258,0.036735
3075.109170,0.036735
3072.489083,0.038776
3069.868996,0.040816
3067.248908,0.040816
3064.628821,0.040816
3062.008734,0.042857
3059.388646,0.042857
3056.768559,0.042857
3054.148472,0.042857
3051.528384,0.044898
3048.908297,0.046939
3046.288210,0.046939
3043.668122,0.046939
3041.048035,0.048980
3038.427948,0.051020
3035.807860,0.053061
3033.187773,0.055102
3030.567686,0.057143
3027.947598,0.057143
3025.327511,0.059184
3022.707424,0.061224
3020.087336,0.063265
3017.467249,0.065306
3014.847162,0.067347
3012.227074,0.071429
3009.606987,0.075510
3006.986900,0.079592
3004.366812,0.081633
3001.746725,0.085714
2999.126638,0.089796
2996.506550,0.095918
2993.886463,0.106122
2991.266376,0.116327
2988.646288,0.126531
2986.026201,0.138776
2983.406114,0.153061
2980.786026,0.167347
2978.165939,0.181633
2975.545852,0.200000
2972.925764,0.216327
2970.305677,0.228571
2967.685590,0.238776
2965.065502,0.246939
2962.445415,0.253061
2959.825328,0.261224
2957.205240,0.269388
2954.585153,0.285714
2951.965066,0.310204
2949.344978,0.336735
2946.724891,0.363265
2944.104803,0.387755
2941.484716,0.400000
2938.864629,0.400000
2936.244541,0.400000
2933.624454,0.389796
2931.004367,0.371429
2928.384279,0.353061
2925.764192,0.338776
2923.144105,0.320408
2920.524017,0.300000
2917.903930,0.283673
2915.283843,0.273469
2912.663755,0.261224
2910.043668,0.246939
2907.423581,0.236735
2904.803493,0.224490
2902.183406,0.214286
2899.563319,0.202041
2896.943231,0.193878
2894.323144,0.189796
2891.703057,0.187755
2889.082969,0.189796
2886.462882,0.191837
2883.842795,0.191837
2881.222707,0.191837
2878.602620,0.189796
2875.982533,0.183673
2873.362445,0.177551
2870.742358,0.175510
2868.122271,0.173469
2865.502183,0.171429
2862.882096,0.171429
2860.262009,0.171429
2857.641921,0.169388
2855.021834,0.179592
2852.401747,0.195918
2849.781659,0.224490
2847.161572,0.273469
2844.541485,0.336735
2841.921397,0.387755
2839.301310,0.393878
2836.681223,0.393878
2834.061135,0.379592
2831.441048,0.320408
2828.820961,0.242857
2826.200873,0.189796
2823.580786,0.155102
2820.960699,0.134694
2818.340611,0.122449
2815.720524,0.116327
2813.100437,0.114286
2810.480349,0.114286
2807.860262,0.118367
2805.240175,0.122449
2802.620087,0.128571
2800.000000,0.140816
2797.379913,0.155102
2794.759825,0.169388
2792.139738,0.177551
2789.519651,0.179592
2786.899563,0.179592
2784.279476,0.179592
2781.659389,0.173469
2779.039301,0.163265
2776.419214,0.148980
2773.799127,0.132653
2771.179039,0.116327
2768.558952,0.104082
2765.938865,0.093878
2763.318777,0.081633
2760.698690,0.071429
2758.078603,0.063265
2755.458515,0.057143
2752.838428,0.053061
2750.218341,0.046939
2747.598253,0.042857
2744.978166,0.040816
2742.358079,0.038776
2739.737991,0.038776
2737.117904,0.036735
2734.497817,0.034694
2731.877729,0.032653
2729.257642,0.032653
2726.637555,0.032653
2724.017467,0.032653
2721.397380,0.032653
2718.777293,0.032653
2716.157205,0.032653
2713.537118,0.032653
2710.917031,0.032653
2708.296943,0.032653
2705.676856,0.032653
2703.056769,0.032653
2700.436681,0.032653
2697.816594,0.032653
2695.196507,0.032653
2692.576419,0.032653
2689.956332,0.032653
2687.336245,0.032653
2684.716157,0.030612
2682.096070,0.030612
2679.475983,0.030612
2676.855895,0.030612
2674.235808,0.028571
2671.615721,0.026531
2668.995633,0.026531
2666.375546,0.026531
2663.755459,0.026531
2661.135371,0.026531
2658.515284,0.026531
2655.895197,0.026531
2653.275109,0.026531
2650.655022,0.024490
2648.034934,0.022449
2645.414847,0.022449
2642.794760,0.022449
2640.174672,0.022449
2637.554585,0.024490
2634.934498,0.024490
2632.314410,0.022449
2629.694323,0.022449
2627.074236,0.024490
2624.454148,0.024490
2621.834061,0.022449
2619.213974,0.024490
2616.593886,0.024490
2613.973799,0.024490
2611.353712,0.022449
2608.733624,0.020408
2606.113537,0.022449
2603.493450,0.022449
2600.873362,0.022449
2598.253275,0.020408
2595.633188,0.020408
2593.013100,0.020408
2590.393013,0.020408
2587.772926,0.020408
2585.152838,0.018367
2582.532751,0.016327
2579.912664,0.016327
2577.292576,0.016327
2574.672489,0.016327
2572.052402,0.016327
2569.432314,0.016327
2566.812227,0.016327
2564.192140,0.016327
2561.572052,0.016327
2558.951965,0.016327
2556.331878,0.016327
2553.711790,0.016327
2551.091703,0.016327
2548.471616,0.016327
2545.851528,0.016327
2543.231441,0.018367
2540.611354,0.018367
2537.991266,0.016327
2535.371179,0.014286
2532.751092,0.014286
2530.131004,0.016327
2527.510917,0.016327
2524.890830,0.016327
2522.270742,0.014286
2519.650655,0.014286
2517.030568,0.014286
2514.410480,0.014286
2511.790393,0.014286
2509.170306,0.014286
2506.550218,0.014286
2503.930131,0.014286
2501.310044,0.014286
2498.689956,0.014286
2496.069869,0.014286
2493.449782,0.014286
2490.829694,0.014286
2488.209607,0.014286
2485.589520,0.014286
2482.969432,0.014286
2480.349345,0.014286
2477.729258,0.014286
2475.109170,0.014286
2472.489083,0.014286
2469.868996,0.014286
2467.248908,0.014286
2464.628821,0.014286
2462.008734,0.014286
2459.388646,0.014286
2456.768559,0.014286
2454.148472,0.014286
2451.528384,0.014286
2448.908297,0.014286
2446.288210,0.014286
2443.668122,0.014286
2441.048035,0.014286
2438.427948,0.014286
2435.807860,0.014286
2433.187773,0.014286
2430.567686,0.014286
2427.947598,0.014286
2425.327511,0.014286
2422.707424,0.014286
2420.087336,0.014286
2417.467249,0.014286
2414.847162,0.014286
2412.227074,0.014286
2409.606987,0.014286
2406.986900,0.012245
2404.366812,0.012245
2401.746725,0.010204
2399.126638,0.010204
2396.506550,0.010204
2393.886463,0.010204
2391.266376,0.010204
2388.646288,0.010204
2386.026201,0.010204
2383.406114,0.010204
2380.786026,0.010204
2378.165939,0.010204
2375.545852,0.010204
2372.925764,0.010204
2370.305677,0.010204
2367.685590,0.010204
2365.065502,0.010204
2362.445415,0.010204
2359.825328,0.010204
2357.205240,0.010204
2354.585153,0.010204
2351.965066,0.010204
2349.344978,0.010204
2346.724891,0.010204
2344.104803,0.010204
2341.484716,0.010204
2338.864629,0.010204
2336.244541,0.010204
2333.624454,0.010204
2331.004367,0.010204
2328.384279,0.010204
2325.764192,0.010204
2323.144105,0.010204
2320.524017,0.010204
2317.903930,0.010204
2315.283843,0.010204
2312.663755,0.010204
2310.043668,0.010204
2307.423581,0.010204
2304.803493,0.010204
2302.183406,0.010204
2299.563319,0.010204
2296.943231,0.010204
2294.323144,0.010204
2291.703057,0.010204
2289.082969,0.010204
2286.462882,0.010204
2283.842795,0.010204
2281.222707,0.010204
2278.602620,0.010204
2275.982533,0.010204
2273.362445,0.010204
2270.742358,0.010204
2268.122271,0.010204
2265.502183,0.010204
2262.882096,0.010204
2260.262009,0.010204
2257.641921,0.010204
2255.021834,0.010204
2252.401747,0.010204
2249.781659,0.010204
2247.161572,0.010204
2244.541485,0.010204
2241.921397,0.010204
2239.301310,0.010204
2236.681223,0.010204
2234.061135,0.010204
2231.441048,0.010204
2228.820961,0.010204
2226.200873,0.010204
2223.580786,0.010204
2220.960699,0.010204
2218.340611,0.010204
2215.720524,0.010204
2213.100437,0.010204
2210.480349,0.010204
2207.860262,0.010204
2205.240175,0.010204
2202.620087,0.010204
2200.000000,0.010204
2197.379913,0.010204
2194.759825,0.010204
2192.139738,0.010204
2189.519651,0.010204
2186.899563,0.010204
2184.279476,0.010204
2181.659389,0.010204
2179.039301,0.010204
2176.419214,0.010204
2173.799127,0.010204
2171.179039,0.010204
2168.558952,0.010204
2165.938865,0.010204
2163.318777,0.010204
2160.698690,0.010204
2158.078603,0.010204
2155.458515,0.010204
2152.838428,0.010204
2150.218341,0.010204
2147.598253,0.010204
2144.978166,0.010204
2142.358079,0.010204
2139.737991,0.010204
2137.117904,0.010204
2134.497817,0.010204
2131.877729,0.010204
2129.257642,0.010204
2126.637555,0.010204
2124.017467,0.010204
2121.397380,0.010204
2118.777293,0.010204
2116.157205,0.010204
2113.537118,0.008163
2110.917031,0.006122
2108.296943,0.008163
2105.676856,0.010204
2103.056769,0.010204
2100.436681,0.010204
2097.816594,0.010204
2095.196507,0.010204
2092.576419,0.010204
2089.956332,0.008163
2087.336245,0.008163
2084.716157,0.010204
2082.096070,0.010204
2079.475983,0.010204
2076.855895,0.010204
2074.235808,0.010204
2071.615721,0.010204
2068.995633,0.010204
2066.375546,0.010204
2063.755459,0.010204
2061.135371,0.010204
2058.515284,0.008163
2055.895197,0.006122
2053.275109,0.008163
2050.655022,0.008163
2048.034934,0.008163
2045.414847,0.008163
2042.794760,0.008163
2040.174672,0.008163
2037.554585,0.010204
2034.934498,0.010204
2032.314410,0.010204
2029.694323,0.008163
2027.074236,0.006122
2024.454148,0.008163
2021.834061,0.008163
2019.213974,0.008163
2016.593886,0.006122
2013.973799,0.008163
2011.353712,0.010204
2008.733624,0.010204
2006.113537,0.010204
2003.493450,0.010204
2000.873362,0.010204
1998.253275,0.010204
1995.633188,0.010204
1993.013100,0.010204
1990.393013,0.010204
1987.772926,0.010204
1985.152838,0.010204
1982.532751,0.010204
1979.912664,0.010204
1977.292576,0.010204
1974.672489,0.010204
1972.052402,0.010204
1969.432314,0.010204
1966.812227,0.010204
1964.192140,0.010204
1961.572052,0.010204
1958.951965,0.010204
1956.331878,0.010204
1953.711790,0.010204
1951.091703,0.010204
1948.471616,0.010204
1945.851528,0.010204
1943.231441,0.010204
1940.611354,0.010204
1937.991266,0.010204
1935.371179,0.010204
1932.751092,0.010204
1930.131004,0.010204
1927.510917,0.012245
1924.890830,0.014286
1922.270742,0.014286
1919.650655,0.014286
1917.030568,0.014286
1914.410480,0.014286
1911.790393,0.014286
1909.170306,0.014286
1906.550218,0.014286
1903.930131,0.014286
1901.310044,0.014286
1898.689956,0.014286
1896.069869,0.014286
1893.449782,0.014286
1890.829694,0.014286
1888.209607,0.014286
1885.589520,0.014286
1882.969432,0.014286
1880.349345,0.012245
1877.729258,0.010204
1875.109170,0.010204
1872.489083,0.010204
1869.868996,0.010204
1867.248908,0.010204
1864.628821,0.010204
1862.008734,0.010204
1859.388646,0.010204
1856.768559,0.010204
1854.148472,0.010204
1851.528384,0.010204
1848.908297,0.010204
1846.288210,0.008163
1843.668122,0.008163
1841.048035,0.006122
1838.427948,0.008163
1835.807860,0.008163
1833.187773,0.008163
1830.567686,0.008163
1827.947598,0.008163
1825.327511,0.008163
1822.707424,0.006122
1820.087336,0.008163
1817.467249,0.008163
1814.847162,0.008163
1812.227074,0.006122
1809.606987,0.008163
1806.986900,0.008163
1804.366812,0.008163
1801.746725,0.006122
1799.126638,0.004082
1796.506550,0.006122
1793.886463,0.008163
1791.266376,0.006122
1788.646288,0.004082
1786.026201,0.006122
1783.406114,0.008163
1780.786026,0.008163
1778.165939,0.006122
1775.545852,0.004082
1772.925764,0.004082
1770.305677,0.004082
1767.685590,0.006122
1765.065502,0.008163
1762.445415,0.008163
1759.825328,0.008163
1757.205240,0.006122
1754.585153,0.008163
1751.965066,0.008163
1749.344978,0.008163
1746.724891,0.006122
1744.104803,0.008163
1741.484716,0.008163
1738.864629,0.008163
1736.244541,0.008163
1733.624454,0.008163
1731.004367,0.008163
1728.384279,0.008163
1725.764192,0.010204
1723.144105,0.010204
1720.524017,0.010204
1717.903930,0.008163
1715.283843,0.004082
1712.663755,0.006122
1710.043668,0.008163
1707.423581,0.008163
1704.803493,0.008163
1702.183406,0.006122
1699.563319,0.006122
1696.943231,0.002041
1694.323144,0.006122
1691.703057,0.008163
1689.082969,0.008163
1686.462882,0.006122
1683.842795,0.004082
1681.222707,0.006122
1678.602620,0.008163
1675.982533,0.008163
1673.362445,0.008163
1670.742358,0.006122
1668.122271,0.008163
1665.502183,0.010204
1662.882096,0.010204
1660.262009,0.010204
1657.641921,0.010204
1655.021834,0.010204
1652.401747,0.010204
1649.781659,0.008163
1647.161572,0.008163
1644.541485,0.012245
1641.921397,0.014286
1639.301310,0.014286
1636.681223,0.012245
1634.061135,0.010204
1631.441048,0.012245
1628.820961,0.014286
1626.200873,0.014286
1623.580786,0.014286
1620.960699,0.014286
1618.340611,0.014286
1615.720524,0.014286
1613.100437,0.014286
1610.480349,0.014286
1607.860262,0.016327
1605.240175,0.016327
1602.620087,0.018367
1600.000000,0.018367
1597.379913,0.016327
1594.759825,0.016327
1592.139738,0.018367
1589.519651,0.016327
1586.899563,0.016327
1584.279476,0.016327
1581.659389,0.018367
1579.039301,0.016327
1576.419214,0.016327
1573.799127,0.018367
1571.179039,0.020408
1568.558952,0.020408
1565.938865,0.020408
1563.318777,0.020408
1560.698690,0.018367
1558.078603,0.016327
1555.458515,0.016327
1552.838428,0.018367
1550.218341,0.020408
1547.598253,0.020408
1544.978166,0.018367
1542.358079,0.016327
1539.737991,0.014286
1537.117904,0.016327
1534.497817,0.018367
1531.877729,0.020408
1529.257642,0.020408
1526.637555,0.020408
1524.017467,0.020408
1521.397380,0.018367
1518.777293,0.016327
1516.157205,0.020408
1513.537118,0.022449
1510.917031,0.024490
1508.296943,0.022449
1505.676856,0.024490
1503.056769,0.030612
1500.436681,0.032653
1497.816594,0.034694
1495.196507,0.036735
1492.576419,0.040816
1489.956332,0.046939
1487.336245,0.055102
1484.716157,0.067347
1482.096070,0.079592
1479.475983,0.087755
1476.855895,0.093878
1474.235808,0.100000
1471.615721,0.102041
1468.995633,0.102041
1466.375546,0.102041
1463.755459,0.097959
1461.135371,0.093878
1458.515284,0.091837
1455.895197,0.089796
1453.275109,0.089796
1450.655022,0.091837
1448.034934,0.091837
1445.414847,0.091837
1442.794760,0.087755
1440.174672,0.083673
1437.554585,0.077551
1434.934498,0.067347
1432.314410,0.053061
1429.694323,0.042857
1427.074236,0.038776
1424.454148,0.034694
1421.834061,0.032653
1419.213974,0.036735
1416.593886,0.042857
1413.973799,0.048980
1411.353712,0.051020
1408.733624,0.051020
1406.113537,0.046939
1403.493450,0.036735
1400.873362,0.028571
1398.253275,0.026531
1395.633188,0.024490
1393.013100,0.020408
1390.393013,0.020408
1387.772926,0.020408
1385.152838,0.020408
1382.532751,0.020408
1379.912664,0.020408
1377.292576,0.022449
1374.672489,0.024490
1372.052402,0.026531
1369.432314,0.028571
1366.812227,0.028571
1364.192140,0.030612
1361.572052,0.030612
1358.951965,0.030612
1356.331878,0.028571
1353.711790,0.026531
1351.091703,0.030612
1348.471616,0.032653
1345.851528,0.032653
1343.231441,0.032653
1340.611354,0.030612
1337.991266,0.026531
1335.371179,0.022449
1332.751092,0.020408
1330.131004,0.020408
1327.510917,0.020408
1324.890830,0.020408
1322.270742,0.022449
1319.650655,0.026531
1317.030568,0.028571
1314.410480,0.032653
1311.790393,0.036735
1309.170306,0.036735
1306.550218,0.036735
1303.930131,0.034694
1301.310044,0.030612
1298.689956,0.030612
1296.069869,0.030612
1293.449782,0.030612
1290.829694,0.030612
1288.209607,0.032653
1285.589520,0.032653
1282.969432,0.034694
1280.349345,0.036735
1277.729258,0.038776
1275.109170,0.040816
1272.489083,0.044898
1269.868996,0.048980
1267.248908,0.051020
1264.628821,0.051020
1262.008734,0.048980
1259.388646,0.046939
1256.768559,0.046939
1254.148472,0.046939
1251.528384,0.044898
1248.908297,0.042857
1246.288210,0.046939
1243.668122,0.048980
1241.048035,0.055102
1238.427948,0.059184
1235.807860,0.065306
1233.187773,0.073469
1230.567686,0.083673
1227.947598,0.097959
1225.327511,0.112245
1222.707424,0.128571
1220.087336,0.144898
1217.467249,0.157143
1214.847162,0.169388
1212.227074,0.179592
1209.606987,0.193878
1206.986900,0.214286
1204.366812,0.246939
1201.746725,0.281633
1199.126638,0.318367
1196.506550,0.344898
1193.886463,0.353061
1191.266376,0.353061
1188.646288,0.351020
1186.026201,0.336735
1183.406114,0.308163
1180.786026,0.275510
1178.165939,0.240816
1175.545852,0.212245
1172.925764,0.191837
1170.305677,0.177551
1167.685590,0.165306
1165.065502,0.155102
1162.445415,0.155102
1159.825328,0.161224
1157.205240,0.171429
1154.585153,0.185714
1151.965066,0.195918
1149.344978,0.202041
1146.724891,0.206122
1144.104803,0.212245
1141.484716,0.224490
1138.864629,0.238776
1136.244541,0.246939
1133.624454,0.261224
1131.004367,0.283673
1128.384279,0.316327
1125.764192,0.351020
1123.144105,0.393878
1120.524017,0.446939
1117.903930,0.502041
1115.283843,0.553061
1112.663755,0.602041
1110.043668,0.642857
1107.423581,0.677551
1104.803493,0.716327
1102.183406,0.763265
1099.563319,0.824490
1096.943231,0.891837
1094.323144,0.953061
1091.703057,0.987755
1089.082969,1.000000
1086.462882,1.000000
1083.842795,0.995918
1081.222707,0.963265
1078.602620,0.889796
1075.982533,0.785714
1073.362445,0.661224
1070.742358,0.542857
1068.122271,0.440816
1065.502183,0.351020
1062.882096,0.287755
1060.262009,0.238776
1057.641921,0.200000
1055.021834,0.171429
1052.401747,0.151020
1049.781659,0.136735
1047.161572,0.128571
1044.541485,0.126531
1041.921397,0.124490
1039.301310,0.116327
1036.681223,0.102041
1034.061135,0.085714
1031.441048,0.077551
1028.820961,0.073469
1026.200873,0.067347
1023.580786,0.063265
1020.960699,0.063265
1018.340611,0.065306
1015.720524,0.069388
1013.100437,0.073469
1010.480349,0.073469
1007.860262,0.073469
1005.240175,0.071429
1002.620087,0.063265
1000.000000,0.055102
997.379913,0.044898
994.759825,0.038776
992.139738,0.036735
989.519651,0.036735
986.899563,0.036735
984.279476,0.034694
981.659389,0.030612
979.039301,0.026531
976.419214,0.026531
973.799127,0.026531
971.179039,0.026531
968.558952,0.022449
965.938865,0.024490
963.318777,0.024490
960.698690,0.024490
958.078603,0.022449
955.458515,0.018367
952.838428,0.016327
950.218341,0.016327
947.598253,0.016327
944.978166,0.016327
942.358079,0.016327
939.737991,0.016327
937.117904,0.016327
934.497817,0.016327
931.877729,0.018367
929.257642,0.016327
926.637555,0.016327
924.017467,0.018367
921.397380,0.020408
918.777293,0.020408
916.157205,0.020408
913.537118,0.020408
910.917031,0.020408
908.296943,0.020408
905.676856,0.024490
903.056769,0.028571
900.436681,0.030612
897.816594,0.032653
895.196507,0.034694
892.576419,0.038776
889.956332,0.040816
887.336245,0.040816
884.716157,0.040816
882.096070,0.040816
879.475983,0.040816
876.855895,0.038776
874.235808,0.042857
871.615721,0.046939
868.995633,0.053061
866.375546,0.059184
863.755459,0.065306
861.135371,0.073469
858.515284,0.081633
855.895197,0.087755
853.275109,0.095918
850.655022,0.104082
848.034934,0.116327
845.414847,0.134694
842.794760,0.163265
840.174672,0.197959
837.554585,0.240816
834.934498,0.287755
832.314410,0.326531
829.694323,0.357143
827.074236,0.381633
824.454148,0.397959
821.834061,0.406122
819.213974,0.408163
816.593886,0.408163
813.973799,0.404082
811.353712,0.393878
808.733624,0.375510
806.113537,0.355102
803.493450,0.332653
800.873362,0.314286
798.253275,0.297959
795.633188,0.287755
793.013100,0.281633
790.393013,0.281633
787.772926,0.281633
785.152838,0.281633
782.532751,0.283673
779.912664,0.283673
777.292576,0.279592
774.672489,0.271429
772.052402,0.253061
769.432314,0.232653
766.812227,0.212245
764.192140,0.193878
761.572052,0.185714
758.951965,0.181633
756.331878,0.177551
753.711790,0.167347
751.091703,0.155102
748.471616,0.140816
745.851528,0.124490
743.231441,0.112245
740.611354,0.102041
737.991266,0.095918
735.371179,0.089796
732.751092,0.087755
730.131004,0.083673
727.510917,0.079592
724.890830,0.075510
722.270742,0.075510
719.650655,0.075510
717.030568,0.073469
714.410480,0.069388
711.790393,0.069388
709.170306,0.071429
706.550218,0.071429
703.930131,0.071429
701.310044,0.075510
698.689956,0.077551
696.069869,0.077551
693.449782,0.079592
690.829694,0.081633
688.209607,0.083673
685.589520,0.085714
682.969432,0.089796
680.349345,0.097959
677.729258,0.102041
675.109170,0.104082
672.489083,0.104082
669.868996,0.104082
667.248908,0.106122
664.628821,0.112245
662.008734,0.118367
659.388646,0.124490
656.768559,0.128571
654.148472,0.134694
651.528384,0.142857
648.908297,0.157143
646.288210,0.167347
643.668122,0.173469
641.048035,0.177551
638.427948,0.181633
635.807860,0.189796
633.187773,0.197959
630.567686,0.206122
627.947598,0.216327
625.327511,0.224490
622.707424,0.234694
620.087336,0.248980
617.467249,0.267347
614.847162,0.285714
612.227074,0.295918
609.606987,0.304082
606.986900,0.320408
604.366812,0.340816
601.746725,0.351020
599.126638,0.353061
596.506550,0.353061
593.886463,0.348980
591.266376,0.334694
588.646288,0.308163
586.026201,0.273469
583.406114,0.234694
580.786026,0.195918
578.165939,0.155102
575.545852,0.120408
572.925764,0.089796
570.305677,0.063265
567.685590,0.044898
565.065502,0.030612
562.445415,0.020408
559.825328,0.012245
557.205240,0.008163
554.585153,0.006122
551.965066,0.004082
549.344978,0.004082
546.724891,0.002041
544.104803,0.002041
541.484716,0.002041
538.864629,0.002041
536.244541,0.002041
533.624454,0.002041
531.004367,0.002041
528.384279,0.002041
525.764192,0.002041
523.144105,0.002041
520.524017,0.002041
517.903930,0.002041
515.283843,0.002041
512.663755,0.002041
510.043668,0.002041
507.423581,0.002041
504.803493,0.002041
502.183406,0.002041
499.563319,0.002041
496.943231,0.002041
494.323144,0.002041
491.703057,0.002041
489.082969,0.002041
486.462882,0.002041
483.842795,0.002041
481.222707,0.002041
478.602620,0.002041
475.982533,0.002041
473.362445,0.002041
470.742358,0.002041
468.122271,0.002041
465.502183,0.002041
462.882096,0.002041
460.262009,0.002041
457.641921,0.002041
455.021834,0.002041
452.401747,0.002041
449.781659,0.002041
447.161572,nan
444.541485,nan
441.921397,nan
439.301310,nan
436.681223,nan
434.061135,nan
431.441048,nan
428.820961,nan
426.200873,nan
423.580786,nan
420.960699,nan
418.340611,nan
415.720524,nan
413.100437,nan
410.480349,nan
407.860262,nan
405.240175,nan
402.620087,nan
400.000000,nan
