4000.000000,0.022449
3997.379913,0.022449
3994.759825,0.024490
3992.139738,0.024490
3989.519651,0.024490
3986.899563,0.024490
3984.279476,0.024490
3981.659389,0.022449
3979.039301,0.022449
3976.419214,0.022449
3973.799127,0.022449
3971.179039,0.022449
3968.558952,0.022449
3965.938865,0.022449
3963.318777,0.022449
3960.698690,0.022449
3958.078603,0.022449
3955.458515,0.022449
3952.838428,0.024490
3950.218341,0.024490
3947.598253,0.024490
3944.978166,0.024490
3942.358079,0.024490
3939.737991,0.024490
3937.117904,0.022449
3934.497817,0.022449
3931.877729,0.024490
3929.257642,0.024490
3926.637555,0.022449
3924.017467,0.024490
3921.397380,0.024490
3918.777293,0.024490
3916.157205,0.024490
3913.537118,0.022449
3910.917031,0.022449
3908.296943,0.022449
3905.676856,0.024490
3903.056769,0.026531
3900.436681,0.026531
3897.816594,0.024490
3895.196507,0.022449
3892.576419,0.024490
3889.956332,0.024490
3887.336245,0.024490
3884.716157,0.024490
3882.096070,0.024490
3879.475983,0.024490
3876.855895,0.022449
3874.235808,0.024490
3871.615721,0.024490
3868.995633,0.024490
3866.375546,0.024490
3863.755459,0.022449
3861.135371,0.022449
3858.515284,0.022449
3855.895197,0.026531
3853.275109,0.028571
3850.655022,0.028571
3848.034934,0.024490
3845.414847,0.022449
3842.794760,0.024490
3840.174672,0.024490
3837.554585,0.024490
3834.934498,0.024490
3832.314410,0.022449
3829.694323,0.022449
3827.074236,0.022449
3824.454148,0.022449
3821.834061,0.024490
3819.213974,0.026531
3816.593886,0.024490
3813.973799,0.022449
3811.353712,0.022449
3808.733624,0.024490
3806.113537,0.026531
3803.493450,0.026531
3800.873362,0.026531
3798.253275,0.026531
3795.633188,0.024490
3793.013100,0.022449
3790.393013,0.022449
3787.772926,0.024490
3785.152838,0.024490
3782.532751,0.024490
3779.912664,0.024490
3777.292576,0.024490
3774.672489,0.024490
3772.052402,0.024490
3769.432314,0.026531
3766.812227,0.026531
3764.192140,0.024490
3761.572052,0.024490
3758.951965,0.026531
3756.331878,0.026531
3753.711790,0.028571
3751.091703,0.032653
3748.471616,0.032653
3745.851528,0.030612
3743.231441,0.028571
3740.611354,0.026531
3737.991266,0.026531
3735.371179,0.030612
3732.751092,0.030612
3730.131004,0.028571
3727.510917,0.024490
3724.890830,0.026531
3722.270742,0.026531
3719.650655,0.026531
3717.030568,0.024490
3714.410480,0.028571
3711.790393,0.030612
3709.170306,0.030612
3706.550218,0.028571
3703.930131,0.026531
3701.310044,0.026531
3698.689956,0.026531
3696.069869,0.026531
3693.449782,0.026531
3690.829694,0.028571
3688.209607,0.030612
3685.589520,0.028571
3682.969432,0.026531
3680.349345,0.028571
3677.729258,0.032653
3675.109170,0.034694
3672.489083,0.034694
3669.868996,0.028571
3667.248908,0.028571
3664.628821,0.026531
3662.008734,0.024490
3659.388646,0.024490
3656.768559,0.026531
3654.148472,0.026531
3651.528384,0.028571
3648.908297,0.030612
3646.288210,0.030612
3643.668122,0.028571
3641.048035,0.024490
3638.427948,0.024490
3635.807860,0.024490
3633.187773,0.026531
3630.567686,0.030612
3627.947598,0.030612
3625.327511,0.030612
3622.707424,0.024490
3620.087336,0.024490
3617.467249,0.024490
3614.847162,0.024490
3612.227074,0.024490
3609.606987,0.024490
3606.986900,0.024490
3604.366812,0.024490
3601.746725,0.022449
3599.126638,0.022449
3596.506550,0.022449
3593.886463,0.022449
3591.266376,0.022449
3588.646288,0.024490
3586.026201,0.024490
3583.406114,0.024490
3580.786026,0.020408
3578.165939,0.022449
3575.545852,0.022449
3572.925764,0.022449
3570.305677,0.022449
3567.685590,0.026531
3565.065502,0.026531
3562.445415,0.024490
3559.825328,0.020408
3557.205240,0.020408
3554.585153,0.022449
3551.965066,0.022449
3549.344978,0.022449
3546.724891,0.022449
3544.104803,0.022449
3541.484716,0.020408
3538.864629,0.020408
3536.244541,0.022449
3533.624454,0.022449
3531.004367,0.022449
3528.384279,0.022449
3525.764192,0.022449
3523.144105,0.022449
3520.524017,0.022449
3517.903930,0.022449
3515.283843,0.022449
3512.663755,0.022449
3510.043668,0.022449
3507.423581,0.022449
3504.803493,0.022449
3502.183406,0.022449
3499.563319,0.022449
3496.943231,0.022449
3494.323144,0.022449
3491.703057,0.022449
3489.082969,0.022449
3486.462882,0.022449
3483.842795,0.022449
3481.222707,0.022449
3478.602620,0.022449
3475.982533,0.022449
3473.362445,0.024490
3470.742358,0.024490
3468.122271,0.022449
3465.502183,0.022449
3462.882096,0.022449
3460.262009,0.022449
3457.641921,0.022449
3455.021834,0.024490
3452.401747,0.024490
3449.781659,0.024490
3447.161572,0.024490
3444.541485,0.024490
3441.921397,0.024490
3439.301310,0.024490
3436.681223,0.022449
3434.061135,0.022449
3431.441048,0.022449
3428.820961,0.024490
3426.200873,0.022449
3423.580786,0.024490
3420.960699,0.024490
3418.340611,0.024490
3415.720524,0.024490
3413.100437,0.024490
3410.480349,0.024490
3407.860262,0.024490
3405.240175,0.024490
3402.620087,0.024490
3400.000000,0.024490
3397.379913,0.022449
3394.759825,0.022449
3392.139738,0.022449
3389.519651,0.022449
3386.899563,0.024490
3384.279476,0.024490
3381.659389,0.024490
3379.039301,0.024490
3376.419214,0.024490
3373.799127,0.024490
3371.179039,0.024490
3368.558952,0.024490
3365.938865,0.024490
3363.318777,0.024490
3360.698690,0.024490
3358.078603,0.024490
3355.458515,0.024490
3352.838428,0.024490
3350.218341,0.022449
3347.598253,0.022449
3344.978166,0.024490
3342.358079,0.024490
3339.737991,0.024490
3337.117904,0.024490
3334.497817,0.024490
3331.877729,0.024490
3329.257642,0.022449
3326.637555,0.024490
3324.017467,0.024490
3321.397380,0.024490
3318.777293,0.024490
3316.157205,0.022449
3313.537118,0.024490
3310.917031,0.024490
3308.296943,0.022449
3305.676856,0.022449
3303.056769,0.022449
3300.436681,0.022449
3297.816594,0.022449
3295.196507,0.022449
3292.576419,0.022449
3289.956332,0.022449
3287.336245,0.022449
3284.716157,0.022449
3282.096070,0.024490
3279.475983,0.024490
3276.855895,0.022449
3274.235808,0.022449
3271.615721,0.022449
3268.995633,0.022449
3266.375546,0.022449
3263.755459,0.024490
3261.135371,0.024490
3258.515284,0.024490
3255.895197,0.024490
3253.275109,0.022449
3250.655022,0.022449
3248.034934,0.022449
3245.414847,0.022449
3242.794760,0.024490
3240.174672,0.024490
3237.554585,0.024490
3234.934498,0.024490
3232.314410,0.022449
3229.694323,0.024490
3227.074236,0.024490
3224.454148,0.024490
3221.834061,0.024490
3219.213974,0.024490
3216.593886,0.024490
3213.973799,0.024490
3211.353712,0.024490
3208.733624,0.026531
3206.113537,0.026531
3203.493450,0.026531
3200.873362,0.026531
3198.253275,0.026531
3195.633188,0.024490
3193.013100,0.024490
3190.393013,0.024490
3187.772926,0.024490
3185.152838,0.026531
3182.532751,0.026531
3179.912664,0.026531
3177.292576,0.026531
3174.672489,0.026531
3172.052402,0.026531
3169.432314,0.026531
3166.812227,0.026531
3164.192140,0.026531
3161.572052,0.026531
3158.951965,0.026531
3156.331878,0.026531
3153.711790,0.026531
3151.091703,0.026531
3148.471616,0.026531
3145.851528,0.026531
3143.231441,0.026531
3140.611354,0.026531
3137.991266,0.026531
3135.371179,0.026531
3132.751092,0.026531
3130.131004,0.026531
3127.510917,0.026531
3124.890830,0.026531
3122.270742,0.026531
3119.650655,0.026531
3117.030568,0.026531
3114.410480,0.026531
3111.790393,0.026531
3109.170306,0.026531
3106.550218,0.026531
3103.930131,0.026531
3101.310044,0.026531
3098.689956,0.026531
3096.069869,0.026531
3093.449782,0.026531
3090.829694,0.026531
3088.209607,0.024490
3085.589520,0.024490
3082.969432,0.024490
3080.349345,0.024490
3077.729258,0.024490
3075.109170,0.024490
3072.489083,0.024490
3069.868996,0.024490
3067.248908,0.024490
3064.628821,0.024490
3062.008734,0.024490
3059.388646,0.024490
3056.768559,0.024490
3054.148472,0.024490
3051.528384,0.024490
3048.908297,0.024490
3046.288210,0.024490
3043.668122,0.024490
3041.048035,0.024490
3038.427948,0.024490
3035.807860,0.024490
3033.187773,0.024490
3030.567686,0.024490
3027.947598,0.024490
3025.327511,0.024490
3022.707424,0.024490
3020.087336,0.024490
3017.467249,0.024490
3014.847162,0.024490
3012.227074,0.024490
3009.606987,0.026531
3006.986900,0.026531
3004.366812,0.026531
3001.746725,0.026531
2999.126638,0.028571
2996.506550,0.028571
2993.886463,0.030612
2991.266376,0.032653
2988.646288,0.034694
2986.026201,0.038776
2983.406114,0.044898
2980.786026,0.053061
2978.165939,0.065306
2975.545852,0.075510
2972.925764,0.085714
2970.305677,0.093878
2967.685590,0.102041
2965.065502,0.106122
2962.445415,0.108163
2959.825328,0.108163
2957.205240,0.106122
2954.585153,0.102041
2951.965066,0.095918
2949.344978,0.087755
2946.724891,0.075510
2944.104803,0.067347
2941.484716,0.057143
2938.864629,0.051020
2936.244541,0.048980
2933.624454,0.046939
2931.004367,0.044898
2928.384279,0.044898
2925.764192,0.044898
2923.144105,0.046939
2920.524017,0.046939
2917.903930,0.046939
2915.283843,0.046939
2912.663755,0.046939
2910.043668,0.048980
2907.423581,0.051020
2904.803493,0.055102
2902.183406,0.055102
2899.563319,0.055102
2896.943231,0.055102
2894.323144,0.051020
2891.703057,0.048980
2889.082969,0.044898
2886.462882,0.040816
2883.842795,0.036735
2881.222707,0.034694
2878.602620,0.034694
2875.982533,0.034694
2873.362445,0.032653
2870.742358,0.032653
2868.122271,0.032653
2865.502183,0.032653
2862.882096,0.030612
2860.262009,0.030612
2857.641921,0.028571
2855.021834,0.028571
2852.401747,0.028571
2849.781659,0.028571
2847.161572,0.028571
2844.541485,0.028571
2841.921397,0.026531
2839.301310,0.024490
2836.681223,0.022449
2834.061135,0.022449
2831.441048,0.022449
2828.820961,0.022449
2826.200873,0.022449
2823.580786,0.022449
2820.960699,0.020408
2818.340611,0.020408
2815.720524,0.020408
2813.100437,0.020408
2810.480349,0.020408
2807.860262,0.020408
2805.240175,0.022449
2802.620087,0.022449
2800.000000,0.020408
2797.379913,0.020408
2794.759825,0.022449
2792.139738,0.022449
2789.519651,0.022449
2786.899563,0.022449
2784.279476,0.022449
2781.659389,0.022449
2779.039301,0.022449
2776.419214,0.022449
2773.799127,0.020408
2771.179039,0.020408
2768.558952,0.018367
2765.938865,0.018367
2763.318777,0.018367
2760.698690,0.018367
2758.078603,0.016327
2755.458515,0.016327
2752.838428,0.016327
2750.218341,0.016327
2747.598253,0.016327
2744.978166,0.016327
2742.358079,0.016327
2739.737991,0.016327
2737.117904,0.016327
2734.497817,0.016327
2731.877729,0.016327
2729.257642,0.016327
2726.637555,0.014286
2724.017467,0.014286
2721.397380,0.014286
2718.777293,0.014286
2716.157205,0.014286
2713.537118,0.014286
2710.917031,0.014286
2708.296943,0.014286
2705.676856,0.014286
2703.056769,0.014286
2700.436681,0.014286
2697.816594,0.014286
2695.196507,0.014286
2692.576419,0.014286
2689.956332,0.014286
2687.336245,0.014286
2684.716157,0.014286
2682.096070,0.014286
2679.475983,0.014286
2676.855895,0.014286
2674.235808,0.014286
2671.615721,0.014286
2668.995633,0.014286
2666.375546,0.014286
2663.755459,0.014286
2661.135371,0.014286
2658.515284,0.014286
2655.895197,0.014286
2653.275109,0.014286
2650.655022,0.014286
2648.034934,0.014286
2645.414847,0.014286
2642.794760,0.014286
2640.174672,0.014286
2637.554585,0.014286
2634.934498,0.014286
2632.314410,0.012245
2629.694323,0.012245
2627.074236,0.012245
2624.454148,0.012245
2621.834061,0.012245
2619.213974,0.012245
2616.593886,0.012245
2613.973799,0.012245
2611.353712,0.012245
2608.733624,0.012245
2606.113537,0.012245
2603.493450,0.012245
2600.873362,0.012245
2598.253275,0.012245
2595.633188,0.012245
2593.013100,0.012245
2590.393013,0.012245
2587.772926,0.012245
2585.152838,0.012245
2582.532751,0.012245
2579.912664,0.012245
2577.292576,0.012245
2574.672489,0.012245
2572.052402,0.012245
2569.432314,0.012245
2566.812227,0.012245
2564.192140,0.012245
2561.572052,0.012245
2558.951965,0.012245
2556.331878,0.012245
2553.711790,0.012245
2551.091703,0.012245
2548.471616,0.012245
2545.851528,0.012245
2543.231441,0.012245
2540.611354,0.012245
2537.991266,0.012245
2535.371179,0.012245
2532.751092,0.012245
2530.131004,0.010204
2527.510917,0.010204
2524.890830,0.010204
2522.270742,0.010204
2519.650655,0.010204
2517.030568,0.010204
2514.410480,0.010204
2511.790393,0.010204
2509.170306,0.010204
2506.550218,0.010204
2503.930131,0.012245
2501.310044,0.012245
2498.689956,0.012245
2496.069869,0.012245
2493.449782,0.012245
2490.829694,0.014286
2488.209607,0.012245
2485.589520,0.012245
2482.969432,0.012245
2480.349345,0.012245
2477.729258,0.010204
2475.109170,0.012245
2472.489083,0.012245
2469.868996,0.012245
2467.248908,0.010204
2464.628821,0.010204
2462.008734,0.010204
2459.388646,0.010204
2456.768559,0.010204
2454.148472,0.010204
2451.528384,0.010204
2448.908297,0.010204
2446.288210,0.010204
2443.668122,0.010204
2441.048035,0.010204
2438.427948,0.010204
2435.807860,0.010204
2433.187773,0.010204
2430.567686,0.010204
2427.947598,0.010204
2425.327511,0.010204
2422.707424,0.010204
2420.087336,0.010204
2417.467249,0.010204
2414.847162,0.010204
2412.227074,0.010204
2409.606987,0.010204
2406.986900,0.010204
2404.366812,0.010204
2401.746725,0.010204
2399.126638,0.010204
2396.506550,0.010204
2393.886463,0.010204
2391.266376,0.010204
2388.646288,0.010204
2386.026201,0.010204
2383.406114,0.010204
2380.786026,0.012245
2378.165939,0.012245
2375.545852,0.012245
2372.925764,0.012245
2370.305677,0.012245
2367.685590,0.014286
2365.065502,0.014286
2362.445415,0.014286
2359.825328,0.014286
2357.205240,0.014286
2354.585153,0.012245
2351.965066,0.010204
2349.344978,0.008163
2346.724891,0.012245
2344.104803,0.014286
2341.484716,0.014286
2338.864629,0.012245
2336.244541,0.012245
2333.624454,0.010204
2331.004367,0.010204
2328.384279,0.010204
2325.764192,0.010204
2323.144105,0.008163
2320.524017,0.010204
2317.903930,0.010204
2315.283843,0.010204
2312.663755,0.010204
2310.043668,0.010204
2307.423581,0.010204
2304.803493,0.008163
2302.183406,0.010204
2299.563319,0.010204
2296.943231,0.010204
2294.323144,0.008163
2291.703057,0.010204
2289.082969,0.010204
2286.462882,0.010204
2283.842795,0.010204
2281.222707,0.010204
2278.602620,0.010204
2275.982533,0.010204
2273.362445,0.010204
2270.742358,0.010204
2268.122271,0.010204
2265.502183,0.010204
2262.882096,0.010204
2260.262009,0.010204
2257.641921,0.010204
2255.021834,0.010204
2252.401747,0.010204
2249.781659,0.010204
2247.161572,0.010204
2244.541485,0.010204
2241.921397,0.010204
2239.301310,0.010204
2236.681223,0.010204
2234.061135,0.010204
2231.441048,0.010204
2228.820961,0.010204
2226.200873,0.010204
2223.580786,0.010204
2220.960699,0.010204
2218.340611,0.010204
2215.720524,0.010204
2213.100437,0.010204
2210.480349,0.010204
2207.860262,0.010204
2205.240175,0.010204
2202.620087,0.010204
2200.000000,0.010204
2197.379913,0.010204
2194.759825,0.010204
2192.139738,0.010204
2189.519651,0.010204
2186.899563,0.010204
2184.279476,0.010204
2181.659389,0.010204
2179.039301,0.010204
2176.419214,0.010204
2173.799127,0.010204
2171.179039,0.010204
2168.558952,0.010204
2165.938865,0.010204
2163.318777,0.010204
2160.698690,0.008163
2158.078603,0.010204
2155.458515,0.010204
2152.838428,0.010204
2150.218341,0.008163
2147.598253,0.008163
2144.978166,0.008163
2142.358079,0.008163
2139.737991,0.010204
2137.117904,0.010204
2134.497817,0.008163
2131.877729,0.008163
2129.257642,0.008163
2126.637555,0.008163
2124.017467,0.008163
2121.397380,0.008163
2118.777293,0.010204
2116.157205,0.010204
2113.537118,0.010204
2110.917031,0.010204
2108.296943,0.010204
2105.676856,0.010204
2103.056769,0.010204
2100.436681,0.010204
2097.816594,0.010204
2095.196507,0.010204
2092.576419,0.010204
2089.956332,0.008163
2087.336245,0.008163
2084.716157,0.008163
2082.096070,0.010204
2079.475983,0.010204
2076.855895,0.008163
2074.235808,0.010204
2071.615721,0.010204
2068.995633,0.010204
2066.375546,0.010204
2063.755459,0.010204
2061.135371,0.010204
2058.515284,0.010204
2055.895197,0.010204
2053.275109,0.010204
2050.655022,0.010204
2048.034934,0.012245
2045.414847,0.012245
2042.794760,0.014286
2040.174672,0.014286
2037.554585,0.014286
2034.934498,0.012245
2032.314410,0.012245
2029.694323,0.012245
2027.074236,0.012245
2024.454148,0.010204
2021.834061,0.010204
2019.213974,0.010204
2016.593886,0.010204
2013.973799,0.010204
2011.353712,0.008163
2008.733624,0.010204
2006.113537,0.010204
2003.493450,0.010204
2000.873362,0.010204
1998.253275,0.012245
1995.633188,0.014286
1993.013100,0.014286
1990.393013,0.014286
1987.772926,0.014286
1985.152838,0.014286
1982.532751,0.014286
1979.912664,0.014286
1977.292576,0.014286
1974.672489,0.012245
1972.052402,0.012245
1969.432314,0.012245
1966.812227,0.010204
1964.192140,0.010204
1961.572052,0.010204
1958.951965,0.010204
1956.331878,0.010204
1953.711790,0.010204
1951.091703,0.010204
1948.471616,0.010204
1945.851528,0.010204
1943.231441,0.010204
1940.611354,0.010204
1937.991266,0.010204
1935.371179,0.010204
1932.751092,0.010204
1930.131004,0.012245
1927.510917,0.012245
1924.890830,0.012245
1922.270742,0.012245
1919.650655,0.010204
1917.030568,0.010204
1914.410480,0.008163
1911.790393,0.008163
1909.170306,0.008163
1906.550218,0.008163
1903.930131,0.006122
1901.310044,0.006122
1898.689956,0.006122
1896.069869,0.006122
1893.449782,0.006122
1890.829694,0.006122
1888.209607,0.006122
1885.589520,0.006122
1882.969432,0.006122
1880.349345,0.006122
1877.729258,0.006122
1875.109170,0.006122
1872.489083,0.006122
1869.868996,0.008163
1867.248908,0.008163
1864.628821,0.006122
1862.008734,0.006122
1859.388646,0.006122
1856.768559,0.006122
1854.148472,0.006122
1851.528384,0.006122
1848.908297,0.006122
1846.288210,0.006122
1843.668122,0.006122
1841.048035,0.004082
1838.427948,0.006122
1835.807860,0.006122
1833.187773,0.006122
1830.567686,0.008163
1827.947598,0.006122
1825.327511,0.006122
1822.707424,0.006122
1820.087336,0.006122
1817.467249,0.006122
1814.847162,0.006122
1812.227074,0.006122
1809.606987,0.006122
1806.986900,0.006122
1804.366812,0.006122
1801.746725,0.006122
1799.126638,0.006122
1796.506550,0.006122
1793.886463,0.006122
1791.266376,0.006122
1788.646288,0.006122
1786.026201,0.006122
1783.406114,0.006122
1780.786026,0.006122
1778.165939,0.006122
1775.545852,0.006122
1772.925764,0.006122
1770.305677,0.006122
1767.685590,0.004082
1765.065502,0.004082
1762.445415,0.006122
1759.825328,0.006122
1757.205240,0.006122
1754.585153,0.006122
1751.965066,0.008163
1749.344978,0.008163
1746.724891,0.006122
1744.104803,0.006122
1741.484716,0.006122
1738.864629,0.006122
1736.244541,0.008163
1733.624454,0.010204
1731.004367,0.008163
1728.384279,0.004082
1725.764192,0.006122
1723.144105,0.006122
1720.524017,0.008163
1717.903930,0.010204
1715.283843,0.008163
1712.663755,0.004082
1710.043668,0.006122
1707.423581,0.008163
1704.803493,0.008163
1702.183406,0.008163
1699.563319,0.008163
1696.943231,0.006122
1694.323144,0.004082
1691.703057,0.006122
1689.082969,0.006122
1686.462882,0.008163
1683.842795,0.010204
1681.222707,0.008163
1678.602620,0.006122
1675.982533,0.008163
1673.362445,0.008163
1670.742358,0.008163
1668.122271,0.008163
1665.502183,0.006122
1662.882096,0.008163
1660.262009,0.006122
1657.641921,0.010204
1655.021834,0.012245
1652.401747,0.014286
1649.781659,0.008163
1647.161572,0.008163
1644.541485,0.008163
1641.921397,0.008163
1639.301310,0.010204
1636.681223,0.010204
1634.061135,0.010204
1631.441048,0.006122
1628.820961,0.008163
1626.200873,0.008163
1623.580786,0.008163
1620.960699,0.008163
1618.340611,0.008163
1615.720524,0.008163
1613.100437,0.006122
1610.480349,0.008163
1607.860262,0.008163
1605.240175,0.008163
1602.620087,0.008163
1600.000000,0.008163
1597.379913,0.008163
1594.759825,0.008163
1592.139738,0.008163
1589.519651,0.008163
1586.899563,0.008163
1584.279476,0.008163
1581.659389,0.008163
1579.039301,0.010204
1576.419214,0.010204
1573.799127,0.010204
1571.179039,0.010204
1568.558952,0.010204
1565.938865,0.010204
1563.318777,0.012245
1560.698690,0.016327
1558.078603,0.016327
1555.458515,0.012245
1552.838428,0.010204
1550.218341,0.010204
1547.598253,0.010204
1544.978166,0.014286
1542.358079,0.014286
1539.737991,0.014286
1537.117904,0.010204
1534.497817,0.010204
1531.877729,0.010204
1529.257642,0.012245
1526.637555,0.012245
1524.017467,0.012245
1521.397380,0.012245
1518.777293,0.010204
1516.157205,0.008163
1513.537118,0.010204
1510.917031,0.012245
1508.296943,0.014286
1505.676856,0.014286
1503.056769,0.008163
1500.436681,0.012245
1497.816594,0.012245
1495.196507,0.012245
1492.576419,0.012245
1489.956332,0.014286
1487.336245,0.012245
1484.716157,0.010204
1482.096070,0.012245
1479.475983,0.014286
1476.855895,0.016327
1474.235808,0.016327
1471.615721,0.016327
1468.995633,0.018367
1466.375546,0.020408
1463.755459,0.020408
1461.135371,0.024490
1458.515284,0.026531
1455.895197,0.024490
1453.275109,0.020408
1450.655022,0.022449
1448.034934,0.022449
1445.414847,0.020408
1442.794760,0.020408
1440.174672,0.020408
1437.554585,0.022449
1434.934498,0.022449
1432.314410,0.022449
1429.694323,0.024490
1427.074236,0.026531
1424.454148,0.028571
1421.834061,0.034694
1419.213974,0.040816
1416.593886,0.048980
1413.973799,0.063265
1411.353712,0.079592
1408.733624,0.106122
1406.113537,0.148980
1403.493450,0.179592
1400.873362,0.183673
1398.253275,0.181633
1395.633188,0.165306
1393.013100,0.126531
1390.393013,0.087755
1387.772926,0.065306
1385.152838,0.051020
1382.532751,0.036735
1379.912664,0.030612
1377.292576,0.026531
1374.672489,0.022449
1372.052402,0.020408
1369.432314,0.018367
1366.812227,0.018367
1364.192140,0.018367
1361.572052,0.018367
1358.951965,0.014286
1356.331878,0.014286
1353.711790,0.014286
1351.091703,0.016327
1348.471616,0.016327
1345.851528,0.014286
1343.231441,0.012245
1340.611354,0.012245
1337.991266,0.012245
1335.371179,0.010204
1332.751092,0.010204
1330.131004,0.010204
1327.510917,0.010204
1324.890830,0.010204
1322.270742,0.010204
1319.650655,0.010204
1317.030568,0.010204
1314.410480,0.010204
1311.790393,0.010204
1309.170306,0.010204
1306.550218,0.010204
1303.930131,0.010204
1301.310044,0.012245
1298.689956,0.012245
1296.069869,0.012245
1293.449782,0.012245
1290.829694,0.014286
1288.209607,0.014286
1285.589520,0.016327
1282.969432,0.018367
1280.349345,0.022449
1277.729258,0.028571
1275.109170,0.036735
1272.489083,0.051020
1269.868996,0.073469
1267.248908,0.110204
1264.628821,0.177551
1262.008734,0.312245
1259.388646,0.469388
1256.768559,0.528571
1254.148472,0.528571
1251.528384,0.510204
1248.908297,0.393878
1246.288210,0.263265
1243.668122,0.161224
1241.048035,0.093878
1238.427948,0.059184
1235.807860,0.040816
1233.187773,0.028571
1230.567686,0.022449
1227.947598,0.018367
1225.327511,0.014286
1222.707424,0.012245
1220.087336,0.010204
1217.467249,0.008163
1214.847162,0.008163
1212.227074,0.008163
1209.606987,0.006122
1206.986900,0.006122
1204.366812,0.006122
1201.746725,0.006122
1199.126638,0.006122
1196.506550,0.006122
1193.886463,0.006122
1191.266376,0.008163
1188.646288,0.010204
1186.026201,0.010204
1183.406114,0.008163
1180.786026,0.006122
1178.165939,0.008163
1175.545852,0.008163
1172.925764,0.008163
1170.305677,0.008163
1167.685590,0.008163
1165.065502,0.008163
1162.445415,0.010204
1159.825328,0.010204
1157.205240,0.010204
1154.585153,0.012245
1151.965066,0.014286
1149.344978,0.014286
1146.724891,0.014286
1144.104803,0.014286
1141.484716,0.012245
1138.864629,0.012245
1136.244541,0.014286
1133.624454,0.014286
1131.004367,0.016327
1128.384279,0.016327
1125.764192,0.018367
1123.144105,0.020408
1120.524017,0.022449
1117.903930,0.024490
1115.283843,0.026531
1112.663755,0.028571
1110.043668,0.030612
1107.423581,0.032653
1104.803493,0.036735
1102.183406,0.038776
1099.563319,0.040816
1096.943231,0.044898
1094.323144,0.046939
1091.703057,0.048980
1089.082969,0.053061
1086.462882,0.055102
1083.842795,0.057143
1081.222707,0.057143
1078.602620,0.057143
1075.982533,0.057143
1073.362445,0.057143
1070.742358,0.057143
1068.122271,0.059184
1065.502183,0.059184
1062.882096,0.061224
1060.262009,0.061224
1057.641921,0.061224
1055.021834,0.059184
1052.401747,0.055102
1049.781659,0.051020
1047.161572,0.044898
1044.541485,0.040816
1041.921397,0.036735
1039.301310,0.034694
1036.681223,0.032653
1034.061135,0.030612
1031.441048,0.030612
1028.820961,0.030612
1026.200873,0.030612
1023.580786,0.030612
1020.960699,0.028571
1018.340611,0.030612
1015.720524,0.030612
1013.100437,0.030612
1010.480349,0.028571
1007.860262,0.028571
1005.240175,0.026531
1002.620087,0.026531
1000.000000,0.026531
997.379913,0.024490
994.759825,0.022449
992.139738,0.020408
989.519651,0.018367
986.899563,0.016327
984.279476,0.016327
981.659389,0.014286
979.039301,0.012245
976.419214,0.012245
973.799127,0.012245
971.179039,0.010204
968.558952,0.010204
965.938865,0.010204
963.318777,0.010204
960.698690,0.010204
958.078603,0.010204
955.458515,0.010204
952.838428,0.010204
950.218341,0.010204
947.598253,0.010204
944.978166,0.010204
942.358079,0.010204
939.737991,0.010204
937.117904,0.010204
934.497817,0.010204
931.877729,0.010204
929.257642,0.010204
926.637555,0.010204
924.017467,0.010204
921.397380,0.010204
918.777293,0.012245
916.157205,0.012245
913.537118,0.012245
910.917031,0.012245
908.296943,0.014286
905.676856,0.014286
903.056769,0.016327
900.436681,0.016327
897.816594,0.018367
895.196507,0.020408
892.576419,0.024490
889.956332,0.026531
887.336245,0.030612
884.716157,0.036735
882.096070,0.040816
879.475983,0.046939
876.855895,0.055102
874.235808,0.065306
871.615721,0.077551
868.995633,0.091837
866.375546,0.108163
863.755459,0.126531
861.135371,0.151020
858.515284,0.187755
855.895197,0.236735
853.275109,0.273469
850.655022,0.279592
848.034934,0.279592
845.414847,0.275510
842.794760,0.263265
840.174672,0.257143
837.554585,0.248980
834.934498,0.238776
832.314410,0.218367
829.694323,0.189796
827.074236,0.167347
824.454148,0.183673
821.834061,0.228571
819.213974,0.271429
816.593886,0.277551
813.973799,0.277551
811.353712,0.267347
808.733624,0.234694
806.113537,0.206122
803.493450,0.222449
800.873362,0.285714
798.253275,0.389796
795.633188,0.540816
793.013100,0.736735
790.393013,0.897959
787.772926,0.983673
785.152838,1.000000
782.532751,1.000000
779.912664,0.981633
777.292576,0.955102
774.672489,0.953061
772.052402,0.897959
769.432314,0.740816
766.812227,0.585714
764.192140,0.436735
761.572052,0.300000
758.951965,0.218367
756.331878,0.171429
753.711790,0.151020
751.091703,0.173469
748.471616,0.210204
745.851528,0.242857
743.231441,0.269388
740.611354,0.297959
737.991266,0.334694
735.371179,0.381633
732.751092,0.395918
730.131004,0.395918
727.510917,0.389796
724.890830,0.342857
722.270742,0.281633
719.650655,0.226531
717.030568,0.177551
714.410480,0.136735
711.790393,0.106122
709.170306,0.081633
706.550218,0.065306
703.930131,0.053061
701.310044,0.051020
698.689956,0.048980
696.069869,0.048980
693.449782,0.046939
690.829694,0.044898
688.209607,0.051020
685.589520,0.071429
682.969432,0.114286
680.349345,0.161224
677.729258,0.175510
675.109170,0.175510
672.489083,0.167347
669.868996,0.128571
667.248908,0.102041
664.628821,0.079592
662.008734,0.069388
659.388646,0.053061
656.768559,0.036735
654.148472,0.022449
651.528384,0.016327
648.908297,0.014286
646.288210,0.016327
643.668122,0.016327
641.048035,0.016327
638.427948,0.018367
635.807860,0.018367
633.187773,0.018367
630.567686,0.022449
627.947598,0.022449
625.327511,0.020408
622.707424,0.022449
620.087336,0.022449
617.467249,0.022449
614.847162,0.022449
612.227074,0.022449
609.606987,0.022449
606.986900,0.024490
604.366812,0.024490
601.746725,0.028571
599.126638,0.028571
596.506550,0.028571
593.886463,0.028571
591.266376,0.026531
588.646288,0.024490
586.026201,0.022449
583.406114,0.020408
580.786026,0.016327
578.165939,0.014286
575.545852,0.010204
572.925764,0.008163
570.305677,0.006122
567.685590,0.006122
565.065502,0.004082
562.445415,0.004082
559.825328,0.004082
557.205240,0.004082
554.585153,0.004082
551.965066,0.004082
549.344978,0.004082
546.724891,0.004082
544.104803,0.004082
541.484716,0.004082
538.864629,0.004082
536.244541,0.004082
533.624454,0.004082
531.004367,0.004082
528.384279,0.004082
525.764192,0.004082
523.144105,0.004082
520.524017,0.004082
517.903930,0.004082
515.283843,0.004082
512.663755,0.004082
510.043668,0.004082
507.423581,0.004082
504.803493,0.004082
502.183406,0.004082
499.563319,0.004082
496.943231,0.004082
494.323144,0.004082
491.703057,0.004082
489.082969,0.004082
486.462882,0.004082
483.842795,0.004082
481.222707,0.004082
478.602620,0.004082
475.982533,0.004082
473.362445,0.004082
470.742358,0.004082
468.122271,0.004082
465.502183,0.004082
462.882096,0.004082
460.262009,0.004082
457.641921,0.004082
455.021834,0.004082
452.401747,0.004082
449.781659,0.004082
447.161572,nan
444.541485,nan
441.921397,nan
439.301310,nan
436.681223,nan
434.061135,nan
431.441048,nan
428.820961,nan
426.200873,nan
423.580786,nan
420.960699,nan
418.340611,nan
415.720524,nan
413.100437,nan
410.480349,nan
407.860262,nan
405.240175,nan
402.620087,nan
400.000000,nan
