4000.000000,0.020408
3997.379913,0.022449
3994.759825,0.022449
3992.139738,0.022449
3989.519651,0.020408
3986.899563,0.020408
3984.279476,0.020408
3981.659389,0.018367
3979.039301,0.018367
3976.419214,0.018367
3973.799127,0.020408
3971.179039,0.020408
3968.558952,0.018367
3965.938865,0.018367
3963.318777,0.016327
3960.698690,0.018367
3958.078603,0.020408
3955.458515,0.018367
3952.838428,0.018367
3950.218341,0.022449
3947.598253,0.026531
3944.978166,0.026531
3942.358079,0.028571
3939.737991,0.028571
3937.117904,0.026531
3934.497817,0.022449
3931.877729,0.032653
3929.257642,0.032653
3926.637555,0.032653
3924.017467,0.028571
3921.397380,0.030612
3918.777293,0.034694
3916.157205,0.038776
3913.537118,0.038776
3910.917031,0.032653
3908.296943,0.020408
3905.676856,0.038776
3903.056769,0.059184
3900.436681,0.063265
3897.816594,0.063265
3895.196507,0.061224
3892.576419,0.040816
3889.956332,0.046939
3887.336245,0.046939
3884.716157,0.057143
3882.096070,0.057143
3879.475983,0.048980
3876.855895,0.048980
3874.235808,0.042857
3871.615721,0.048980
3868.995633,0.075510
3866.375546,0.075510
3863.755459,0.063265
3861.135371,0.057143
3858.515284,0.051020
3855.895197,0.059184
3853.275109,0.140816
3850.655022,0.144898
3848.034934,0.140816
3845.414847,0.063265
3842.794760,0.038776
3840.174672,0.059184
3837.554585,0.083673
3834.934498,0.083673
3832.314410,0.079592
3829.694323,0.059184
3827.074236,0.046939
3824.454148,0.036735
3821.834061,0.075510
3819.213974,0.083673
3816.593886,0.083673
3813.973799,0.077551
3811.353712,0.075510
3808.733624,0.038776
3806.113537,0.063265
3803.493450,0.063265
3800.873362,0.083673
3798.253275,0.083673
3795.633188,0.073469
3793.013100,0.044898
3790.393013,0.036735
3787.772926,0.020408
3785.152838,0.020408
3782.532751,0.022449
3779.912664,0.034694
3777.292576,0.036735
3774.672489,0.034694
3772.052402,0.024490
3769.432314,0.042857
3766.812227,0.044898
3764.192140,0.042857
3761.572052,0.036735
3758.951965,0.042857
3756.331878,0.042857
3753.711790,0.055102
3751.091703,0.108163
3748.471616,0.118367
3745.851528,0.118367
3743.231441,0.136735
3740.611354,0.136735
3737.991266,0.100000
3735.371179,0.093878
3732.751092,0.093878
3730.131004,0.091837
3727.510917,0.087755
3724.890830,0.055102
3722.270742,0.055102
3719.650655,0.053061
3717.030568,0.048980
3714.410480,0.042857
3711.790393,0.073469
3709.170306,0.077551
3706.550218,0.077551
3703.930131,0.063265
3701.310044,0.053061
3698.689956,0.053061
3696.069869,0.051020
3693.449782,0.036735
3690.829694,0.067347
3688.209607,0.091837
3685.589520,0.093878
3682.969432,0.083673
3680.349345,0.036735
3677.729258,0.059184
3675.109170,0.112245
3672.489083,0.112245
3669.868996,0.106122
3667.248908,0.097959
3664.628821,0.089796
3662.008734,0.046939
3659.388646,0.028571
3656.768559,0.057143
3654.148472,0.059184
3651.528384,0.073469
3648.908297,0.112245
3646.288210,0.112245
3643.668122,0.110204
3641.048035,0.067347
3638.427948,0.042857
3635.807860,0.040816
3633.187773,0.048980
3630.567686,0.087755
3627.947598,0.120408
3625.327511,0.120408
3622.707424,0.102041
3620.087336,0.079592
3617.467249,0.085714
3614.847162,0.085714
3612.227074,0.077551
3609.606987,0.081633
3606.986900,0.087755
3604.366812,0.087755
3601.746725,0.069388
3599.126638,0.069388
3596.506550,0.071429
3593.886463,0.077551
3591.266376,0.077551
3588.646288,0.097959
3586.026201,0.102041
3583.406114,0.102041
3580.786026,0.091837
3578.165939,0.079592
3575.545852,0.085714
3572.925764,0.087755
3570.305677,0.097959
3567.685590,0.126531
3565.065502,0.130612
3562.445415,0.130612
3559.825328,0.118367
3557.205240,0.116327
3554.585153,0.122449
3551.965066,0.130612
3549.344978,0.132653
3546.724891,0.146939
3544.104803,0.146939
3541.484716,0.146939
3538.864629,0.146939
3536.244541,0.151020
3533.624454,0.153061
3531.004367,0.157143
3528.384279,0.163265
3525.764192,0.165306
3523.144105,0.165306
3520.524017,0.165306
3517.903930,0.163265
3515.283843,0.161224
3512.663755,0.159184
3510.043668,0.159184
3507.423581,0.161224
3504.803493,0.161224
3502.183406,0.163265
3499.563319,0.163265
3496.943231,0.159184
3494.323144,0.157143
3491.703057,0.157143
3489.082969,0.159184
3486.462882,0.161224
3483.842795,0.161224
3481.222707,0.161224
3478.602620,0.161224
3475.982533,0.161224
3473.362445,0.161224
3470.742358,0.163265
3468.122271,0.163265
3465.502183,0.165306
3462.882096,0.167347
3460.262009,0.169388
3457.641921,0.171429
3455.021834,0.171429
3452.401747,0.171429
3449.781659,0.171429
3447.161572,0.175510
3444.541485,0.175510
3441.921397,0.175510
3439.301310,0.173469
3436.681223,0.171429
3434.061135,0.171429
3431.441048,0.173469
3428.820961,0.173469
3426.200873,0.171429
3423.580786,0.171429
3420.960699,0.171429
3418.340611,0.171429
3415.720524,0.169388
3413.100437,0.169388
3410.480349,0.167347
3407.860262,0.165306
3405.240175,0.165306
3402.620087,0.165306
3400.000000,0.163265
3397.379913,0.159184
3394.759825,0.161224
3392.139738,0.161224
3389.519651,0.159184
3386.899563,0.157143
3384.279476,0.157143
3381.659389,0.157143
3379.039301,0.155102
3376.419214,0.153061
3373.799127,0.153061
3371.179039,0.151020
3368.558952,0.151020
3365.938865,0.148980
3363.318777,0.148980
3360.698690,0.148980
3358.078603,0.146939
3355.458515,0.146939
3352.838428,0.146939
3350.218341,0.144898
3347.598253,0.142857
3344.978166,0.142857
3342.358079,0.140816
3339.737991,0.138776
3337.117904,0.138776
3334.497817,0.138776
3331.877729,0.138776
3329.257642,0.136735
3326.637555,0.134694
3324.017467,0.134694
3321.397380,0.132653
3318.777293,0.130612
3316.157205,0.130612
3313.537118,0.128571
3310.917031,0.128571
3308.296943,0.126531
3305.676856,0.126531
3303.056769,0.124490
3300.436681,0.124490
3297.816594,0.124490
3295.196507,0.122449
3292.576419,0.122449
3289.956332,0.120408
3287.336245,0.120408
3284.716157,0.118367
3282.096070,0.116327
3279.475983,0.116327
3276.855895,0.116327
3274.235808,0.116327
3271.615721,0.114286
3268.995633,0.112245
3266.375546,0.112245
3263.755459,0.110204
3261.135371,0.110204
3258.515284,0.108163
3255.895197,0.110204
3253.275109,0.110204
3250.655022,0.108163
3248.034934,0.106122
3245.414847,0.106122
3242.794760,0.106122
3240.174672,0.104082
3237.554585,0.104082
3234.934498,0.104082
3232.314410,0.104082
3229.694323,0.102041
3227.074236,0.104082
3224.454148,0.104082
3221.834061,0.102041
3219.213974,0.102041
3216.593886,0.102041
3213.973799,0.102041
3211.353712,0.102041
3208.733624,0.102041
3206.113537,0.100000
3203.493450,0.102041
3200.873362,0.102041
3198.253275,0.100000
3195.633188,0.102041
3193.013100,0.100000
3190.393013,0.100000
3187.772926,0.100000
3185.152838,0.100000
3182.532751,0.100000
3179.912664,0.100000
3177.292576,0.100000
3174.672489,0.100000
3172.052402,0.100000
3169.432314,0.100000
3166.812227,0.100000
3164.192140,0.100000
3161.572052,0.100000
3158.951965,0.100000
3156.331878,0.102041
3153.711790,0.102041
3151.091703,0.102041
3148.471616,0.104082
3145.851528,0.104082
3143.231441,0.106122
3140.611354,0.106122
3137.991266,0.106122
3135.371179,0.108163
3132.751092,0.110204
3130.131004,0.112245
3127.510917,0.112245
3124.890830,0.114286
3122.270742,0.114286
3119.650655,0.114286
3117.030568,0.116327
3114.410480,0.116327
3111.790393,0.118367
3109.170306,0.118367
3106.550218,0.122449
3103.930131,0.124490
3101.310044,0.124490
3098.689956,0.124490
3096.069869,0.128571
3093.449782,0.128571
3090.829694,0.130612
3088.209607,0.130612
3085.589520,0.132653
3082.969432,0.136735
3080.349345,0.138776
3077.729258,0.138776
3075.109170,0.142857
3072.489083,0.146939
3069.868996,0.148980
3067.248908,0.153061
3064.628821,0.157143
3062.008734,0.161224
3059.388646,0.165306
3056.768559,0.169388
3054.148472,0.173469
3051.528384,0.179592
3048.908297,0.183673
3046.288210,0.187755
3043.668122,0.193878
3041.048035,0.200000
3038.427948,0.206122
3035.807860,0.212245
3033.187773,0.218367
3030.567686,0.226531
3027.947598,0.232653
3025.327511,0.238776
3022.707424,0.246939
3020.087336,0.253061
3017.467249,0.261224
3014.847162,0.269388
3012.227074,0.279592
3009.606987,0.289796
3006.986900,0.302041
3004.366812,0.314286
3001.746725,0.328571
2999.126638,0.344898
2996.506550,0.361224
2993.886463,0.381633
2991.266376,0.404082
2988.646288,0.428571
2986.026201,0.455102
2983.406114,0.481633
2980.786026,0.508163
2978.165939,0.534694
2975.545852,0.561224
2972.925764,0.587755
2970.305677,0.606122
2967.685590,0.618367
2965.065502,0.622449
2962.445415,0.622449
2959.825328,0.618367
2957.205240,0.612245
2954.585153,0.608163
2951.965066,0.604082
2949.344978,0.612245
2946.724891,0.622449
2944.104803,0.636735
2941.484716,0.648980
2938.864629,0.648980
2936.244541,0.648980
2933.624454,0.642857
2931.004367,0.622449
2928.384279,0.593878
2925.764192,0.569388
2923.144105,0.546939
2920.524017,0.530612
2917.903930,0.520408
2915.283843,0.510204
2912.663755,0.497959
2910.043668,0.485714
2907.423581,0.475510
2904.803493,0.461224
2902.183406,0.444898
2899.563319,0.426531
2896.943231,0.406122
2894.323144,0.383673
2891.703057,0.361224
2889.082969,0.340816
2886.462882,0.322449
2883.842795,0.306122
2881.222707,0.291837
2878.602620,0.279592
2875.982533,0.271429
2873.362445,0.263265
2870.742358,0.259184
2868.122271,0.257143
2865.502183,0.257143
2862.882096,0.265306
2860.262009,0.273469
2857.641921,0.289796
2855.021834,0.312245
2852.401747,0.342857
2849.781659,0.383673
2847.161572,0.440816
2844.541485,0.516327
2841.921397,0.602041
2839.301310,0.655102
2836.681223,0.663265
2834.061135,0.661224
2831.441048,0.646939
2828.820961,0.575510
2826.200873,0.483673
2823.580786,0.400000
2820.960699,0.328571
2818.340611,0.283673
2815.720524,0.246939
2813.100437,0.220408
2810.480349,0.197959
2807.860262,0.181633
2805.240175,0.167347
2802.620087,0.157143
2800.000000,0.146939
2797.379913,0.138776
2794.759825,0.130612
2792.139738,0.124490
2789.519651,0.118367
2786.899563,0.114286
2784.279476,0.110204
2781.659389,0.106122
2779.039301,0.102041
2776.419214,0.097959
2773.799127,0.095918
2771.179039,0.091837
2768.558952,0.087755
2765.938865,0.087755
2763.318777,0.085714
2760.698690,0.083673
2758.078603,0.081633
2755.458515,0.079592
2752.838428,0.077551
2750.218341,0.077551
2747.598253,0.075510
2744.978166,0.073469
2742.358079,0.071429
2739.737991,0.071429
2737.117904,0.069388
2734.497817,0.067347
2731.877729,0.067347
2729.257642,0.065306
2726.637555,0.065306
2724.017467,0.063265
2721.397380,0.063265
2718.777293,0.061224
2716.157205,0.061224
2713.537118,0.061224
2710.917031,0.059184
2708.296943,0.059184
2705.676856,0.057143
2703.056769,0.057143
2700.436681,0.055102
2697.816594,0.055102
2695.196507,0.053061
2692.576419,0.053061
2689.956332,0.053061
2687.336245,0.051020
2684.716157,0.051020
2682.096070,0.051020
2679.475983,0.051020
2676.855895,0.048980
2674.235808,0.048980
2671.615721,0.048980
2668.995633,0.048980
2666.375546,0.048980
2663.755459,0.048980
2661.135371,0.048980
2658.515284,0.048980
2655.895197,0.048980
2653.275109,0.046939
2650.655022,0.046939
2648.034934,0.048980
2645.414847,0.048980
2642.794760,0.048980
2640.174672,0.048980
2637.554585,0.046939
2634.934498,0.046939
2632.314410,0.046939
2629.694323,0.046939
2627.074236,0.046939
2624.454148,0.044898
2621.834061,0.044898
2619.213974,0.042857
2616.593886,0.042857
2613.973799,0.042857
2611.353712,0.042857
2608.733624,0.040816
2606.113537,0.040816
2603.493450,0.040816
2600.873362,0.038776
2598.253275,0.038776
2595.633188,0.038776
2593.013100,0.038776
2590.393013,0.038776
2587.772926,0.036735
2585.152838,0.034694
2582.532751,0.034694
2579.912664,0.034694
2577.292576,0.034694
2574.672489,0.034694
2572.052402,0.032653
2569.432314,0.032653
2566.812227,0.032653
2564.192140,0.032653
2561.572052,0.030612
2558.951965,0.030612
2556.331878,0.030612
2553.711790,0.030612
2551.091703,0.028571
2548.471616,0.028571
2545.851528,0.028571
2543.231441,0.028571
2540.611354,0.028571
2537.991266,0.026531
2535.371179,0.026531
2532.751092,0.026531
2530.131004,0.026531
2527.510917,0.026531
2524.890830,0.024490
2522.270742,0.024490
2519.650655,0.024490
2517.030568,0.024490
2514.410480,0.024490
2511.790393,0.024490
2509.170306,0.024490
2506.550218,0.024490
2503.930131,0.024490
2501.310044,0.026531
2498.689956,0.024490
2496.069869,0.024490
2493.449782,0.024490
2490.829694,0.024490
2488.209607,0.024490
2485.589520,0.022449
2482.969432,0.022449
2480.349345,0.022449
2477.729258,0.022449
2475.109170,0.022449
2472.489083,0.022449
2469.868996,0.022449
2467.248908,0.022449
2464.628821,0.020408
2462.008734,0.020408
2459.388646,0.020408
2456.768559,0.020408
2454.148472,0.020408
2451.528384,0.020408
2448.908297,0.020408
2446.288210,0.020408
2443.668122,0.020408
2441.048035,0.018367
2438.427948,0.018367
2435.807860,0.018367
2433.187773,0.018367
2430.567686,0.018367
2427.947598,0.018367
2425.327511,0.018367
2422.707424,0.018367
2420.087336,0.018367
2417.467249,0.018367
2414.847162,0.018367
2412.227074,0.016327
2409.606987,0.016327
2406.986900,0.016327
2404.366812,0.016327
2401.746725,0.016327
2399.126638,0.016327
2396.506550,0.016327
2393.886463,0.016327
2391.266376,0.016327
2388.646288,0.016327
2386.026201,0.020408
2383.406114,0.032653
2380.786026,0.055102
2378.165939,0.079592
2375.545852,0.108163
2372.925764,0.134694
2370.305677,0.159184
2367.685590,0.181633
2365.065502,0.200000
2362.445415,0.210204
2359.825328,0.214286
2357.205240,0.214286
2354.585153,0.210204
2351.965066,0.195918
2349.344978,0.165306
2346.724891,0.146939
2344.104803,0.161224
2341.484716,0.161224
2338.864629,0.161224
2336.244541,0.159184
2333.624454,0.155102
2331.004367,0.148980
2328.384279,0.148980
2325.764192,0.144898
2323.144105,0.130612
2320.524017,0.126531
2317.903930,0.120408
2315.283843,0.104082
2312.663755,0.089796
2310.043668,0.081633
2307.423581,0.073469
2304.803493,0.063265
2302.183406,0.055102
2299.563319,0.044898
2296.943231,0.038776
2294.323144,0.034694
2291.703057,0.032653
2289.082969,0.028571
2286.462882,0.026531
2283.842795,0.024490
2281.222707,0.024490
2278.602620,0.026531
2275.982533,0.026531
2273.362445,0.028571
2270.742358,0.030612
2268.122271,0.030612
2265.502183,0.032653
2262.882096,0.032653
2260.262009,0.034694
2257.641921,0.034694
2255.021834,0.036735
2252.401747,0.038776
2249.781659,0.038776
2247.161572,0.040816
2244.541485,0.042857
2241.921397,0.046939
2239.301310,0.048980
2236.681223,0.051020
2234.061135,0.057143
2231.441048,0.059184
2228.820961,0.065306
2226.200873,0.069388
2223.580786,0.075510
2220.960699,0.083673
2218.340611,0.093878
2215.720524,0.104082
2213.100437,0.114286
2210.480349,0.128571
2207.860262,0.144898
2205.240175,0.161224
2202.620087,0.181633
2200.000000,0.202041
2197.379913,0.226531
2194.759825,0.253061
2192.139738,0.281633
2189.519651,0.310204
2186.899563,0.344898
2184.279476,0.375510
2181.659389,0.408163
2179.039301,0.444898
2176.419214,0.475510
2173.799127,0.500000
2171.179039,0.522449
2168.558952,0.538776
2165.938865,0.546939
2163.318777,0.551020
2160.698690,0.551020
2158.078603,0.551020
2155.458515,0.544898
2152.838428,0.534694
2150.218341,0.522449
2147.598253,0.508163
2144.978166,0.495918
2142.358079,0.485714
2139.737991,0.477551
2137.117904,0.473469
2134.497817,0.473469
2131.877729,0.475510
2129.257642,0.479592
2126.637555,0.479592
2124.017467,0.481633
2121.397380,0.479592
2118.777293,0.471429
2116.157205,0.453061
2113.537118,0.430612
2110.917031,0.395918
2108.296943,0.355102
2105.676856,0.312245
2103.056769,0.267347
2100.436681,0.224490
2097.816594,0.187755
2095.196507,0.157143
2092.576419,0.130612
2089.956332,0.110204
2087.336245,0.093878
2084.716157,0.079592
2082.096070,0.069388
2079.475983,0.059184
2076.855895,0.053061
2074.235808,0.046939
2071.615721,0.042857
2068.995633,0.036735
2066.375546,0.034694
2063.755459,0.032653
2061.135371,0.030612
2058.515284,0.028571
2055.895197,0.026531
2053.275109,0.024490
2050.655022,0.024490
2048.034934,0.022449
2045.414847,0.022449
2042.794760,0.022449
2040.174672,0.022449
2037.554585,0.022449
2034.934498,0.022449
2032.314410,0.022449
2029.694323,0.022449
2027.074236,0.022449
2024.454148,0.022449
2021.834061,0.022449
2019.213974,0.022449
2016.593886,0.022449
2013.973799,0.022449
2011.353712,0.018367
2008.733624,0.018367
2006.113537,0.020408
2003.493450,0.020408
2000.873362,0.020408
1998.253275,0.020408
1995.633188,0.020408
1993.013100,0.026531
1990.393013,0.026531
1987.772926,0.024490
1985.152838,0.022449
1982.532751,0.022449
1979.912664,0.020408
1977.292576,0.020408
1974.672489,0.020408
1972.052402,0.018367
1969.432314,0.020408
1966.812227,0.022449
1964.192140,0.022449
1961.572052,0.018367
1958.951965,0.018367
1956.331878,0.018367
1953.711790,0.018367
1951.091703,0.016327
1948.471616,0.016327
1945.851528,0.016327
1943.231441,0.028571
1940.611354,0.028571
1937.991266,0.022449
1935.371179,0.014286
1932.751092,0.016327
1930.131004,0.016327
1927.510917,0.016327
1924.890830,0.022449
1922.270742,0.024490
1919.650655,0.030612
1917.030568,0.034694
1914.410480,0.034694
1911.790393,0.020408
1909.170306,0.026531
1906.550218,0.024490
1903.930131,0.024490
1901.310044,0.026531
1898.689956,0.026531
1896.069869,0.028571
1893.449782,0.028571
1890.829694,0.036735
1888.209607,0.036735
1885.589520,0.034694
1882.969432,0.026531
1880.349345,0.026531
1877.729258,0.026531
1875.109170,0.026531
1872.489083,0.030612
1869.868996,0.055102
1867.248908,0.057143
1864.628821,0.051020
1862.008734,0.028571
1859.388646,0.024490
1856.768559,0.024490
1854.148472,0.024490
1851.528384,0.024490
1848.908297,0.030612
1846.288210,0.065306
1843.668122,0.079592
1841.048035,0.077551
1838.427948,0.030612
1835.807860,0.032653
1833.187773,0.040816
1830.567686,0.055102
1827.947598,0.055102
1825.327511,0.051020
1822.707424,0.051020
1820.087336,0.038776
1817.467249,0.030612
1814.847162,0.030612
1812.227074,0.032653
1809.606987,0.030612
1806.986900,0.028571
1804.366812,0.024490
1801.746725,0.042857
1799.126638,0.044898
1796.506550,0.036735
1793.886463,0.065306
1791.266376,0.069388
1788.646288,0.067347
1786.026201,0.028571
1783.406114,0.030612
1780.786026,0.030612
1778.165939,0.030612
1775.545852,0.048980
1772.925764,0.081633
1770.305677,0.079592
1767.685590,0.059184
1765.065502,0.034694
1762.445415,0.042857
1759.825328,0.042857
1757.205240,0.034694
1754.585153,0.034694
1751.965066,0.065306
1749.344978,0.067347
1746.724891,0.059184
1744.104803,0.046939
1741.484716,0.069388
1738.864629,0.075510
1736.244541,0.126531
1733.624454,0.144898
1731.004367,0.144898
1728.384279,0.053061
1725.764192,0.030612
1723.144105,0.024490
1720.524017,0.073469
1717.903930,0.102041
1715.283843,0.102041
1712.663755,0.091837
1710.043668,0.034694
1707.423581,0.046939
1704.803493,0.053061
1702.183406,0.142857
1699.563319,0.155102
1696.943231,0.151020
1694.323144,0.128571
1691.703057,0.106122
1689.082969,0.026531
1686.462882,0.124490
1683.842795,0.155102
1681.222707,0.155102
1678.602620,0.046939
1675.982533,0.081633
1673.362445,0.083673
1670.742358,0.081633
1668.122271,0.083673
1665.502183,0.083673
1662.882096,0.069388
1660.262009,0.069388
1657.641921,0.038776
1655.021834,0.230612
1652.401747,0.242857
1649.781659,0.236735
1647.161572,0.108163
1644.541485,0.108163
1641.921397,0.100000
1639.301310,0.069388
1636.681223,0.138776
1634.061135,0.140816
1631.441048,0.106122
1628.820961,0.053061
1626.200873,0.057143
1623.580786,0.063265
1620.960699,0.063265
1618.340611,0.114286
1615.720524,0.118367
1613.100437,0.112245
1610.480349,0.032653
1607.860262,0.034694
1605.240175,0.032653
1602.620087,0.026531
1600.000000,0.024490
1597.379913,0.024490
1594.759825,0.026531
1592.139738,0.024490
1589.519651,0.024490
1586.899563,0.024490
1584.279476,0.024490
1581.659389,0.028571
1579.039301,0.071429
1576.419214,0.124490
1573.799127,0.124490
1571.179039,0.073469
1568.558952,0.073469
1565.938865,0.069388
1563.318777,0.057143
1560.698690,0.220408
1558.078603,0.226531
1555.458515,0.226531
1552.838428,0.087755
1550.218341,0.067347
1547.598253,0.065306
1544.978166,0.093878
1542.358079,0.175510
1539.737991,0.200000
1537.117904,0.200000
1534.497817,0.102041
1531.877729,0.102041
1529.257642,0.079592
1526.637555,0.089796
1524.017467,0.130612
1521.397380,0.146939
1518.777293,0.146939
1516.157205,0.100000
1513.537118,0.095918
1510.917031,0.089796
1508.296943,0.216327
1505.676856,0.216327
1503.056769,0.202041
1500.436681,0.106122
1497.816594,0.124490
1495.196507,0.124490
1492.576419,0.118367
1489.956332,0.128571
1487.336245,0.128571
1484.716157,0.124490
1482.096070,0.120408
1479.475983,0.138776
1476.855895,0.183673
1474.235808,0.236735
1471.615721,0.238776
1468.995633,0.238776
1466.375546,0.218367
1463.755459,0.220408
1461.135371,0.220408
1458.515284,0.300000
1455.895197,0.302041
1453.275109,0.302041
1450.655022,0.167347
1448.034934,0.151020
1445.414847,0.151020
1442.794760,0.120408
1440.174672,0.126531
1437.554585,0.169388
1434.934498,0.167347
1432.314410,0.126531
1429.694323,0.116327
1427.074236,0.116327
1424.454148,0.126531
1421.834061,0.177551
1419.213974,0.183673
1416.593886,0.183673
1413.973799,0.146939
1411.353712,0.144898
1408.733624,0.144898
1406.113537,0.151020
1403.493450,0.153061
1400.873362,0.146939
1398.253275,0.140816
1395.633188,0.142857
1393.013100,0.142857
1390.393013,0.116327
1387.772926,0.097959
1385.152838,0.097959
1382.532751,0.077551
1379.912664,0.063265
1377.292576,0.059184
1374.672489,0.069388
1372.052402,0.067347
1369.432314,0.051020
1366.812227,0.040816
1364.192140,0.055102
1361.572052,0.055102
1358.951965,0.048980
1356.331878,0.032653
1353.711790,0.028571
1351.091703,0.024490
1348.471616,0.022449
1345.851528,0.022449
1343.231441,0.022449
1340.611354,0.032653
1337.991266,0.032653
1335.371179,0.026531
1332.751092,0.020408
1330.131004,0.018367
1327.510917,0.016327
1324.890830,0.018367
1322.270742,0.022449
1319.650655,0.022449
1317.030568,0.022449
1314.410480,0.026531
1311.790393,0.026531
1309.170306,0.026531
1306.550218,0.030612
1303.930131,0.034694
1301.310044,0.040816
1298.689956,0.051020
1296.069869,0.059184
1293.449782,0.065306
1290.829694,0.071429
1288.209607,0.077551
1285.589520,0.079592
1282.969432,0.089796
1280.349345,0.108163
1277.729258,0.128571
1275.109170,0.163265
1272.489083,0.222449
1269.868996,0.297959
1267.248908,0.412245
1264.628821,0.546939
1262.008734,0.636735
1259.388646,0.646939
1256.768559,0.646939
1254.148472,0.606122
1251.528384,0.479592
1248.908297,0.342857
1246.288210,0.255102
1243.668122,0.204082
1241.048035,0.169388
1238.427948,0.153061
1235.807860,0.146939
1233.187773,0.148980
1230.567686,0.159184
1227.947598,0.169388
1225.327511,0.187755
1222.707424,0.208163
1220.087336,0.230612
1217.467249,0.257143
1214.847162,0.289796
1212.227074,0.324490
1209.606987,0.365306
1206.986900,0.408163
1204.366812,0.453061
1201.746725,0.497959
1199.126638,0.534694
1196.506550,0.559184
1193.886463,0.567347
1191.266376,0.569388
1188.646288,0.569388
1186.026201,0.565306
1183.406114,0.530612
1180.786026,0.491837
1178.165939,0.459184
1175.545852,0.424490
1172.925764,0.397959
1170.305677,0.381633
1167.685590,0.371429
1165.065502,0.371429
1162.445415,0.379592
1159.825328,0.391837
1157.205240,0.402041
1154.585153,0.414286
1151.965066,0.430612
1149.344978,0.440816
1146.724891,0.453061
1144.104803,0.467347
1141.484716,0.483673
1138.864629,0.500000
1136.244541,0.518367
1133.624454,0.540816
1131.004367,0.561224
1128.384279,0.591837
1125.764192,0.620408
1123.144105,0.648980
1120.524017,0.685714
1117.903930,0.724490
1115.283843,0.761224
1112.663755,0.800000
1110.043668,0.834694
1107.423581,0.867347
1104.803493,0.893878
1102.183406,0.920408
1099.563319,0.944898
1096.943231,0.967347
1094.323144,0.985714
1091.703057,0.995918
1089.082969,1.000000
1086.462882,1.000000
1083.842795,0.995918
1081.222707,0.983673
1078.602620,0.951020
1075.982533,0.906122
1073.362445,0.859184
1070.742358,0.820408
1068.122271,0.787755
1065.502183,0.759184
1062.882096,0.728571
1060.262009,0.697959
1057.641921,0.663265
1055.021834,0.624490
1052.401747,0.585714
1049.781659,0.542857
1047.161572,0.504082
1044.541485,0.469388
1041.921397,0.442857
1039.301310,0.426531
1036.681223,0.430612
1034.061135,0.434694
1031.441048,0.434694
1028.820961,0.404082
1026.200873,0.363265
1023.580786,0.332653
1020.960699,0.300000
1018.340611,0.271429
1015.720524,0.244898
1013.100437,0.222449
1010.480349,0.197959
1007.860262,0.177551
1005.240175,0.161224
1002.620087,0.142857
1000.000000,0.130612
997.379913,0.118367
994.759825,0.108163
992.139738,0.100000
989.519651,0.093878
986.899563,0.087755
984.279476,0.081633
981.659389,0.077551
979.039301,0.071429
976.419214,0.069388
973.799127,0.067347
971.179039,0.069388
968.558952,0.071429
965.938865,0.073469
963.318777,0.077551
960.698690,0.083673
958.078603,0.089796
955.458515,0.097959
952.838428,0.110204
950.218341,0.122449
947.598253,0.140816
944.978166,0.159184
942.358079,0.177551
939.737991,0.206122
937.117904,0.236735
934.497817,0.271429
931.877729,0.312245
929.257642,0.353061
926.637555,0.397959
924.017467,0.446939
921.397380,0.504082
918.777293,0.567347
916.157205,0.628571
913.537118,0.685714
910.917031,0.744898
908.296943,0.795918
905.676856,0.848980
903.056769,0.902041
900.436681,0.940816
897.816594,0.969388
895.196507,0.981633
892.576419,0.983673
889.956332,0.981633
887.336245,0.961224
884.716157,0.922449
882.096070,0.851020
879.475983,0.775510
876.855895,0.704082
874.235808,0.644898
871.615721,0.604082
868.995633,0.569388
866.375546,0.536735
863.755459,0.487755
861.135371,0.442857
858.515284,0.402041
855.895197,0.367347
853.275109,0.330612
850.655022,0.297959
848.034934,0.267347
845.414847,0.240816
842.794760,0.216327
840.174672,0.195918
837.554585,0.179592
834.934498,0.165306
832.314410,0.151020
829.694323,0.140816
827.074236,0.134694
824.454148,0.134694
821.834061,0.132653
819.213974,0.136735
816.593886,0.148980
813.973799,0.165306
811.353712,0.187755
808.733624,0.210204
806.113537,0.236735
803.493450,0.263265
800.873362,0.302041
798.253275,0.346939
795.633188,0.383673
793.013100,0.410204
790.393013,0.414286
787.772926,0.414286
785.152838,0.422449
782.532751,0.457143
779.912664,0.502041
777.292576,0.555102
774.672489,0.581633
772.052402,0.585714
769.432314,0.583673
766.812227,0.569388
764.192140,0.530612
761.572052,0.487755
758.951965,0.442857
756.331878,0.418367
753.711790,0.440816
751.091703,0.457143
748.471616,0.461224
745.851528,0.461224
743.231441,0.455102
740.611354,0.428571
737.991266,0.412245
735.371179,0.393878
732.751092,0.367347
730.131004,0.334694
727.510917,0.308163
724.890830,0.265306
722.270742,0.210204
719.650655,0.161224
717.030568,0.124490
714.410480,0.087755
711.790393,0.071429
709.170306,0.055102
706.550218,0.044898
703.930131,0.042857
701.310044,0.034694
698.689956,0.030612
696.069869,0.030612
693.449782,0.028571
690.829694,0.028571
688.209607,0.026531
685.589520,0.024490
682.969432,0.026531
680.349345,0.026531
677.729258,0.024490
675.109170,0.024490
672.489083,0.042857
669.868996,0.134694
667.248908,0.134694
664.628821,0.116327
662.008734,0.036735
659.388646,0.034694
656.768559,0.042857
654.148472,0.057143
651.528384,0.093878
648.908297,0.126531
646.288210,0.128571
643.668122,0.128571
641.048035,0.110204
638.427948,0.057143
635.807860,0.036735
633.187773,0.024490
630.567686,0.016327
627.947598,0.018367
625.327511,0.020408
622.707424,0.020408
620.087336,0.028571
617.467249,0.030612
614.847162,0.028571
612.227074,0.024490
609.606987,0.028571
606.986900,0.028571
604.366812,0.034694
601.746725,0.034694
599.126638,0.032653
596.506550,0.028571
593.886463,0.028571
591.266376,0.026531
588.646288,0.024490
586.026201,0.022449
583.406114,0.020408
580.786026,0.018367
578.165939,0.016327
575.545852,0.014286
572.925764,0.014286
570.305677,0.012245
567.685590,0.010204
565.065502,0.010204
562.445415,0.010204
559.825328,0.010204
557.205240,0.010204
554.585153,0.010204
551.965066,0.010204
549.344978,0.010204
546.724891,0.010204
544.104803,0.010204
541.484716,0.008163
538.864629,0.010204
536.244541,0.008163
533.624454,0.008163
531.004367,0.008163
528.384279,0.008163
525.764192,0.008163
523.144105,0.008163
520.524017,0.008163
517.903930,0.008163
515.283843,0.008163
512.663755,0.008163
510.043668,0.008163
507.423581,0.008163
504.803493,0.008163
502.183406,0.008163
499.563319,0.008163
496.943231,0.008163
494.323144,0.008163
491.703057,0.008163
489.082969,0.008163
486.462882,0.008163
483.842795,0.008163
481.222707,0.008163
478.602620,0.008163
475.982533,0.008163
473.362445,0.008163
470.742358,0.008163
468.122271,0.008163
465.502183,0.008163
462.882096,0.008163
460.262009,0.008163
457.641921,0.008163
455.021834,0.008163
452.401747,0.008163
449.781659,0.008163
447.161572,nan
444.541485,nan
441.921397,nan
439.301310,nan
436.681223,nan
434.061135,nan
431.441048,nan
428.820961,nan
426.200873,nan
423.580786,nan
420.960699,nan
418.340611,nan
415.720524,nan
413.100437,nan
410.480349,nan
407.860262,nan
405.240175,nan
402.620087,nan
400.000000,nan
