4000.000000,0.030612
3997.379913,0.030612
3994.759825,0.030612
3992.139738,0.030612
3989.519651,0.030612
3986.899563,0.030612
3984.279476,0.030612
3981.659389,0.030612
3979.039301,0.030612
3976.419214,0.030612
3973.799127,0.028571
3971.179039,0.028571
3968.558952,0.030612
3965.938865,0.030612
3963.318777,0.030612
3960.698690,0.030612
3958.078603,0.030612
3955.458515,0.030612
3952.838428,0.028571
3950.218341,0.028571
3947.598253,0.028571
3944.978166,0.028571
3942.358079,0.028571
3939.737991,0.028571
3937.117904,0.028571
3934.497817,0.030612
3931.877729,0.030612
3929.257642,0.028571
3926.637555,0.028571
3924.017467,0.028571
3921.397380,0.028571
3918.777293,0.028571
3916.157205,0.028571
3913.537118,0.028571
3910.917031,0.028571
3908.296943,0.030612
3905.676856,0.030612
3903.056769,0.028571
3900.436681,0.026531
3897.816594,0.024490
3895.196507,0.024490
3892.576419,0.026531
3889.956332,0.028571
3887.336245,0.028571
3884.716157,0.026531
3882.096070,0.026531
3879.475983,0.026531
3876.855895,0.026531
3874.235808,0.026531
3871.615721,0.026531
3868.995633,0.026531
3866.375546,0.026531
3863.755459,0.024490
3861.135371,0.024490
3858.515284,0.026531
3855.895197,0.026531
3853.275109,0.026531
3850.655022,0.026531
3848.034934,0.022449
3845.414847,0.024490
3842.794760,0.026531
3840.174672,0.026531
3837.554585,0.026531
3834.934498,0.026531
3832.314410,0.024490
3829.694323,0.024490
3827.074236,0.026531
3824.454148,0.028571
3821.834061,0.028571
3819.213974,0.026531
3816.593886,0.024490
3813.973799,0.026531
3811.353712,0.026531
3808.733624,0.028571
3806.113537,0.028571
3803.493450,0.028571
3800.873362,0.026531
3798.253275,0.026531
3795.633188,0.024490
3793.013100,0.026531
3790.393013,0.028571
3787.772926,0.030612
3785.152838,0.030612
3782.532751,0.030612
3779.912664,0.030612
3777.292576,0.028571
3774.672489,0.028571
3772.052402,0.030612
3769.432314,0.030612
3766.812227,0.030612
3764.192140,0.028571
3761.572052,0.028571
3758.951965,0.028571
3756.331878,0.028571
3753.711790,0.028571
3751.091703,0.028571
3748.471616,0.028571
3745.851528,0.024490
3743.231441,0.022449
3740.611354,0.022449
3737.991266,0.024490
3735.371179,0.026531
3732.751092,0.026531
3730.131004,0.024490
3727.510917,0.026531
3724.890830,0.028571
3722.270742,0.028571
3719.650655,0.028571
3717.030568,0.028571
3714.410480,0.030612
3711.790393,0.030612
3709.170306,0.030612
3706.550218,0.028571
3703.930131,0.030612
3701.310044,0.030612
3698.689956,0.030612
3696.069869,0.032653
3693.449782,0.032653
3690.829694,0.032653
3688.209607,0.032653
3685.589520,0.030612
3682.969432,0.032653
3680.349345,0.034694
3677.729258,0.034694
3675.109170,0.034694
3672.489083,0.032653
3669.868996,0.028571
3667.248908,0.026531
3664.628821,0.030612
3662.008734,0.032653
3659.388646,0.034694
3656.768559,0.034694
3654.148472,0.034694
3651.528384,0.034694
3648.908297,0.034694
3646.288210,0.032653
3643.668122,0.030612
3641.048035,0.032653
3638.427948,0.034694
3635.807860,0.034694
3633.187773,0.034694
3630.567686,0.034694
3627.947598,0.032653
3625.327511,0.030612
3622.707424,0.030612
3620.087336,0.032653
3617.467249,0.032653
3614.847162,0.032653
3612.227074,0.030612
3609.606987,0.032653
3606.986900,0.032653
3604.366812,0.030612
3601.746725,0.032653
3599.126638,0.032653
3596.506550,0.032653
3593.886463,0.032653
3591.266376,0.032653
3588.646288,0.032653
3586.026201,0.032653
3583.406114,0.030612
3580.786026,0.032653
3578.165939,0.034694
3575.545852,0.034694
3572.925764,0.032653
3570.305677,0.032653
3567.685590,0.032653
3565.065502,0.032653
3562.445415,0.030612
3559.825328,0.032653
3557.205240,0.032653
3554.585153,0.034694
3551.965066,0.034694
3549.344978,0.034694
3546.724891,0.034694
3544.104803,0.032653
3541.484716,0.032653
3538.864629,0.034694
3536.244541,0.034694
3533.624454,0.034694
3531.004367,0.034694
3528.384279,0.034694
3525.764192,0.034694
3523.144105,0.034694
3520.524017,0.036735
3517.903930,0.036735
3515.283843,0.036735
3512.663755,0.036735
3510.043668,0.036735
3507.423581,0.036735
3504.803493,0.036735
3502.183406,0.036735
3499.563319,0.038776
3496.943231,0.038776
3494.323144,0.038776
3491.703057,0.038776
3489.082969,0.040816
3486.462882,0.040816
3483.842795,0.040816
3481.222707,0.040816
3478.602620,0.040816
3475.982533,0.040816
3473.362445,0.042857
3470.742358,0.042857
3468.122271,0.042857
3465.502183,0.042857
3462.882096,0.042857
3460.262009,0.042857
3457.641921,0.044898
3455.021834,0.044898
3452.401747,0.044898
3449.781659,0.044898
3447.161572,0.044898
3444.541485,0.044898
3441.921397,0.044898
3439.301310,0.046939
3436.681223,0.046939
3434.061135,0.046939
3431.441048,0.046939
3428.820961,0.046939
3426.200873,0.046939
3423.580786,0.048980
3420.960699,0.048980
3418.340611,0.048980
3415.720524,0.048980
3413.100437,0.048980
3410.480349,0.048980
3407.860262,0.048980
3405.240175,0.048980
3402.620087,0.048980
3400.000000,0.048980
3397.379913,0.048980
3394.759825,0.048980
3392.139738,0.048980
3389.519651,0.048980
3386.899563,0.048980
3384.279476,0.051020
3381.659389,0.051020
3379.039301,0.051020
3376.419214,0.051020
3373.799127,0.051020
3371.179039,0.051020
3368.558952,0.048980
3365.938865,0.051020
3363.318777,0.051020
3360.698690,0.051020
3358.078603,0.051020
3355.458515,0.051020
3352.838428,0.051020
3350.218341,0.051020
3347.598253,0.051020
3344.978166,0.051020
3342.358079,0.051020
3339.737991,0.051020
3337.117904,0.051020
3334.497817,0.051020
3331.877729,0.051020
3329.257642,0.051020
3326.637555,0.051020
3324.017467,0.051020
3321.397380,0.051020
3318.777293,0.048980
3316.157205,0.051020
3313.537118,0.051020
3310.917031,0.051020
3308.296943,0.051020
3305.676856,0.048980
3303.056769,0.051020
3300.436681,0.051020
3297.816594,0.051020
3295.196507,0.051020
3292.576419,0.051020
3289.956332,0.048980
3287.336245,0.051020
3284.716157,0.051020
3282.096070,0.051020
3279.475983,0.048980
3276.855895,0.051020
3274.235808,0.051020
3271.615721,0.051020
3268.995633,0.051020
3266.375546,0.051020
3263.755459,0.051020
3261.135371,0.051020
3258.515284,0.051020
3255.895197,0.051020
3253.275109,0.051020
3250.655022,0.051020
3248.034934,0.048980
3245.414847,0.051020
3242.794760,0.051020
3240.174672,0.051020
3237.554585,0.051020
3234.934498,0.051020
3232.314410,0.048980
3229.694323,0.048980
3227.074236,0.048980
3224.454148,0.051020
3221.834061,0.051020
3219.213974,0.051020
3216.593886,0.051020
3213.973799,0.048980
3211.353712,0.048980
3208.733624,0.048980
3206.113537,0.048980
3203.493450,0.051020
3200.873362,0.051020
3198.253275,0.051020
3195.633188,0.051020
3193.013100,0.051020
3190.393013,0.051020
3187.772926,0.051020
3185.152838,0.051020
3182.532751,0.051020
3179.912664,0.051020
3177.292576,0.051020
3174.672489,0.051020
3172.052402,0.051020
3169.432314,0.053061
3166.812227,0.053061
3164.192140,0.053061
3161.572052,0.053061
3158.951965,0.051020
3156.331878,0.051020
3153.711790,0.051020
3151.091703,0.051020
3148.471616,0.051020
3145.851528,0.051020
3143.231441,0.053061
3140.611354,0.053061
3137.991266,0.051020
3135.371179,0.053061
3132.751092,0.053061
3130.131004,0.053061
3127.510917,0.053061
3124.890830,0.053061
3122.270742,0.053061
3119.650655,0.053061
3117.030568,0.057143
3114.410480,0.061224
3111.790393,0.069388
3109.170306,0.075510
3106.550218,0.079592
3103.930131,0.081633
3101.310044,0.079592
3098.689956,0.077551
3096.069869,0.079592
3093.449782,0.091837
3090.829694,0.114286
3088.209607,0.138776
3085.589520,0.146939
3082.969432,0.148980
3080.349345,0.146939
3077.729258,0.134694
3075.109170,0.120408
3072.489083,0.126531
3069.868996,0.144898
3067.248908,0.169388
3064.628821,0.183673
3062.008734,0.185714
3059.388646,0.185714
3056.768559,0.177551
3054.148472,0.157143
3051.528384,0.134694
3048.908297,0.120408
3046.288210,0.108163
3043.668122,0.110204
3041.048035,0.122449
3038.427948,0.142857
3035.807860,0.181633
3033.187773,0.230612
3030.567686,0.277551
3027.947598,0.293878
3025.327511,0.293878
3022.707424,0.289796
3020.087336,0.255102
3017.467249,0.202041
3014.847162,0.155102
3012.227074,0.122449
3009.606987,0.102041
3006.986900,0.091837
3004.366812,0.095918
3001.746725,0.095918
2999.126638,0.095918
2996.506550,0.091837
2993.886463,0.083673
2991.266376,0.077551
2988.646288,0.083673
2986.026201,0.095918
2983.406114,0.110204
2980.786026,0.130612
2978.165939,0.151020
2975.545852,0.173469
2972.925764,0.185714
2970.305677,0.193878
2967.685590,0.195918
2965.065502,0.193878
2962.445415,0.191837
2959.825328,0.185714
2957.205240,0.173469
2954.585153,0.157143
2951.965066,0.142857
2949.344978,0.132653
2946.724891,0.140816
2944.104803,0.155102
2941.484716,0.173469
2938.864629,0.191837
2936.244541,0.208163
2933.624454,0.220408
2931.004367,0.222449
2928.384279,0.222449
2925.764192,0.218367
2923.144105,0.210204
2920.524017,0.197959
2917.903930,0.187755
2915.283843,0.179592
2912.663755,0.169388
2910.043668,0.163265
2907.423581,0.157143
2904.803493,0.155102
2902.183406,0.151020
2899.563319,0.142857
2896.943231,0.132653
2894.323144,0.126531
2891.703057,0.124490
2889.082969,0.128571
2886.462882,0.134694
2883.842795,0.138776
2881.222707,0.146939
2878.602620,0.155102
2875.982533,0.159184
2873.362445,0.159184
2870.742358,0.155102
2868.122271,0.144898
2865.502183,0.136735
2862.882096,0.136735
2860.262009,0.136735
2857.641921,0.134694
2855.021834,0.126531
2852.401747,0.114286
2849.781659,0.104082
2847.161572,0.095918
2844.541485,0.087755
2841.921397,0.077551
2839.301310,0.067347
2836.681223,0.057143
2834.061135,0.053061
2831.441048,0.048980
2828.820961,0.044898
2826.200873,0.042857
2823.580786,0.040816
2820.960699,0.038776
2818.340611,0.036735
2815.720524,0.036735
2813.100437,0.034694
2810.480349,0.034694
2807.860262,0.034694
2805.240175,0.034694
2802.620087,0.034694
2800.000000,0.034694
2797.379913,0.036735
2794.759825,0.036735
2792.139738,0.036735
2789.519651,0.038776
2786.899563,0.038776
2784.279476,0.038776
2781.659389,0.038776
2779.039301,0.036735
2776.419214,0.036735
2773.799127,0.034694
2771.179039,0.034694
2768.558952,0.034694
2765.938865,0.032653
2763.318777,0.032653
2760.698690,0.030612
2758.078603,0.030612
2755.458515,0.030612
2752.838428,0.030612
2750.218341,0.030612
2747.598253,0.030612
2744.978166,0.030612
2742.358079,0.030612
2739.737991,0.030612
2737.117904,0.030612
2734.497817,0.030612
2731.877729,0.028571
2729.257642,0.028571
2726.637555,0.028571
2724.017467,0.026531
2721.397380,0.026531
2718.777293,0.026531
2716.157205,0.026531
2713.537118,0.026531
2710.917031,0.026531
2708.296943,0.024490
2705.676856,0.024490
2703.056769,0.024490
2700.436681,0.024490
2697.816594,0.024490
2695.196507,0.024490
2692.576419,0.024490
2689.956332,0.024490
2687.336245,0.024490
2684.716157,0.024490
2682.096070,0.024490
2679.475983,0.022449
2676.855895,0.024490
2674.235808,0.024490
2671.615721,0.024490
2668.995633,0.024490
2666.375546,0.024490
2663.755459,0.024490
2661.135371,0.024490
2658.515284,0.024490
2655.895197,0.024490
2653.275109,0.024490
2650.655022,0.024490
2648.034934,0.024490
2645.414847,0.024490
2642.794760,0.024490
2640.174672,0.024490
2637.554585,0.024490
2634.934498,0.024490
2632.314410,0.024490
2629.694323,0.026531
2627.074236,0.024490
2624.454148,0.024490
2621.834061,0.024490
2619.213974,0.024490
2616.593886,0.022449
2613.973799,0.022449
2611.353712,0.024490
2608.733624,0.024490
2606.113537,0.024490
2603.493450,0.024490
2600.873362,0.024490
2598.253275,0.024490
2595.633188,0.022449
2593.013100,0.022449
2590.393013,0.022449
2587.772926,0.024490
2585.152838,0.024490
2582.532751,0.024490
2579.912664,0.024490
2577.292576,0.024490
2574.672489,0.022449
2572.052402,0.022449
2569.432314,0.022449
2566.812227,0.020408
2564.192140,0.022449
2561.572052,0.022449
2558.951965,0.020408
2556.331878,0.020408
2553.711790,0.022449
2551.091703,0.022449
2548.471616,0.022449
2545.851528,0.022449
2543.231441,0.020408
2540.611354,0.020408
2537.991266,0.020408
2535.371179,0.020408
2532.751092,0.020408
2530.131004,0.020408
2527.510917,0.020408
2524.890830,0.018367
2522.270742,0.020408
2519.650655,0.020408
2517.030568,0.020408
2514.410480,0.020408
2511.790393,0.020408
2509.170306,0.022449
2506.550218,0.022449
2503.930131,0.022449
2501.310044,0.022449
2498.689956,0.022449
2496.069869,0.022449
2493.449782,0.020408
2490.829694,0.020408
2488.209607,0.020408
2485.589520,0.020408
2482.969432,0.020408
2480.349345,0.020408
2477.729258,0.020408
2475.109170,0.020408
2472.489083,0.020408
2469.868996,0.020408
2467.248908,0.020408
2464.628821,0.020408
2462.008734,0.020408
2459.388646,0.020408
2456.768559,0.020408
2454.148472,0.020408
2451.528384,0.020408
2448.908297,0.020408
2446.288210,0.020408
2443.668122,0.020408
2441.048035,0.020408
2438.427948,0.020408
2435.807860,0.020408
2433.187773,0.020408
2430.567686,0.020408
2427.947598,0.020408
2425.327511,0.020408
2422.707424,0.020408
2420.087336,0.020408
2417.467249,0.020408
2414.847162,0.020408
2412.227074,0.020408
2409.606987,0.020408
2406.986900,0.020408
2404.366812,0.020408
2401.746725,0.020408
2399.126638,0.020408
2396.506550,0.020408
2393.886463,0.020408
2391.266376,0.020408
2388.646288,0.020408
2386.026201,0.020408
2383.406114,0.020408
2380.786026,0.020408
2378.165939,0.020408
2375.545852,0.020408
2372.925764,0.022449
2370.305677,0.022449
2367.685590,0.020408
2365.065502,0.020408
2362.445415,0.018367
2359.825328,0.016327
2357.205240,0.014286
2354.585153,0.014286
2351.965066,0.012245
2349.344978,0.016327
2346.724891,0.020408
2344.104803,0.020408
2341.484716,0.020408
2338.864629,0.020408
2336.244541,0.018367
2333.624454,0.018367
2331.004367,0.016327
2328.384279,0.016327
2325.764192,0.016327
2323.144105,0.016327
2320.524017,0.016327
2317.903930,0.016327
2315.283843,0.018367
2312.663755,0.020408
2310.043668,0.020408
2307.423581,0.018367
2304.803493,0.018367
2302.183406,0.018367
2299.563319,0.018367
2296.943231,0.018367
2294.323144,0.018367
2291.703057,0.018367
2289.082969,0.018367
2286.462882,0.018367
2283.842795,0.018367
2281.222707,0.018367
2278.602620,0.018367
2275.982533,0.018367
2273.362445,0.018367
2270.742358,0.018367
2268.122271,0.018367
2265.502183,0.018367
2262.882096,0.018367
2260.262009,0.018367
2257.641921,0.018367
2255.021834,0.018367
2252.401747,0.018367
2249.781659,0.018367
2247.161572,0.018367
2244.541485,0.018367
2241.921397,0.018367
2239.301310,0.018367
2236.681223,0.018367
2234.061135,0.018367
2231.441048,0.018367
2228.820961,0.018367
2226.200873,0.018367
2223.580786,0.018367
2220.960699,0.018367
2218.340611,0.018367
2215.720524,0.018367
2213.100437,0.018367
2210.480349,0.018367
2207.860262,0.018367
2205.240175,0.018367
2202.620087,0.018367
2200.000000,0.018367
2197.379913,0.018367
2194.759825,0.018367
2192.139738,0.018367
2189.519651,0.018367
2186.899563,0.018367
2184.279476,0.018367
2181.659389,0.018367
2179.039301,0.018367
2176.419214,0.018367
2173.799127,0.018367
2171.179039,0.018367
2168.558952,0.018367
2165.938865,0.018367
2163.318777,0.018367
2160.698690,0.018367
2158.078603,0.018367
2155.458515,0.018367
2152.838428,0.018367
2150.218341,0.018367
2147.598253,0.016327
2144.978166,0.016327
2142.358079,0.016327
2139.737991,0.016327
2137.117904,0.016327
2134.497817,0.016327
2131.877729,0.016327
2129.257642,0.016327
2126.637555,0.016327
2124.017467,0.016327
2121.397380,0.016327
2118.777293,0.016327
2116.157205,0.016327
2113.537118,0.016327
2110.917031,0.016327
2108.296943,0.016327
2105.676856,0.016327
2103.056769,0.016327
2100.436681,0.016327
2097.816594,0.016327
2095.196507,0.016327
2092.576419,0.016327
2089.956332,0.016327
2087.336245,0.016327
2084.716157,0.016327
2082.096070,0.016327
2079.475983,0.016327
2076.855895,0.016327
2074.235808,0.018367
2071.615721,0.018367
2068.995633,0.018367
2066.375546,0.018367
2063.755459,0.018367
2061.135371,0.018367
2058.515284,0.018367
2055.895197,0.018367
2053.275109,0.018367
2050.655022,0.018367
2048.034934,0.018367
2045.414847,0.018367
2042.794760,0.018367
2040.174672,0.018367
2037.554585,0.018367
2034.934498,0.018367
2032.314410,0.018367
2029.694323,0.018367
2027.074236,0.018367
2024.454148,0.018367
2021.834061,0.018367
2019.213974,0.018367
2016.593886,0.018367
2013.973799,0.018367
2011.353712,0.020408
2008.733624,0.020408
2006.113537,0.020408
2003.493450,0.020408
2000.873362,0.022449
1998.253275,0.022449
1995.633188,0.022449
1993.013100,0.020408
1990.393013,0.020408
1987.772926,0.020408
1985.152838,0.020408
1982.532751,0.020408
1979.912664,0.020408
1977.292576,0.020408
1974.672489,0.020408
1972.052402,0.022449
1969.432314,0.026531
1966.812227,0.028571
1964.192140,0.030612
1961.572052,0.032653
1958.951965,0.032653
1956.331878,0.032653
1953.711790,0.034694
1951.091703,0.038776
1948.471616,0.040816
1945.851528,0.042857
1943.231441,0.042857
1940.611354,0.040816
1937.991266,0.036735
1935.371179,0.032653
1932.751092,0.028571
1930.131004,0.024490
1927.510917,0.022449
1924.890830,0.020408
1922.270742,0.018367
1919.650655,0.018367
1917.030568,0.016327
1914.410480,0.016327
1911.790393,0.016327
1909.170306,0.016327
1906.550218,0.016327
1903.930131,0.018367
1901.310044,0.018367
1898.689956,0.020408
1896.069869,0.022449
1893.449782,0.024490
1890.829694,0.024490
1888.209607,0.024490
1885.589520,0.026531
1882.969432,0.026531
1880.349345,0.028571
1877.729258,0.028571
1875.109170,0.030612
1872.489083,0.032653
1869.868996,0.032653
1867.248908,0.030612
1864.628821,0.026531
1862.008734,0.024490
1859.388646,0.022449
1856.768559,0.020408
1854.148472,0.020408
1851.528384,0.018367
1848.908297,0.016327
1846.288210,0.016327
1843.668122,0.014286
1841.048035,0.012245
1838.427948,0.014286
1835.807860,0.014286
1833.187773,0.016327
1830.567686,0.016327
1827.947598,0.014286
1825.327511,0.016327
1822.707424,0.020408
1820.087336,0.022449
1817.467249,0.022449
1814.847162,0.024490
1812.227074,0.026531
1809.606987,0.028571
1806.986900,0.032653
1804.366812,0.032653
1801.746725,0.032653
1799.126638,0.032653
1796.506550,0.028571
1793.886463,0.024490
1791.266376,0.020408
1788.646288,0.014286
1786.026201,0.016327
1783.406114,0.016327
1780.786026,0.014286
1778.165939,0.016327
1775.545852,0.016327
1772.925764,0.016327
1770.305677,0.012245
1767.685590,0.014286
1765.065502,0.014286
1762.445415,0.016327
1759.825328,0.016327
1757.205240,0.018367
1754.585153,0.020408
1751.965066,0.022449
1749.344978,0.020408
1746.724891,0.020408
1744.104803,0.022449
1741.484716,0.022449
1738.864629,0.020408
1736.244541,0.018367
1733.624454,0.016327
1731.004367,0.012245
1728.384279,0.016327
1725.764192,0.018367
1723.144105,0.018367
1720.524017,0.016327
1717.903930,0.014286
1715.283843,0.010204
1712.663755,0.012245
1710.043668,0.014286
1707.423581,0.014286
1704.803493,0.012245
1702.183406,0.010204
1699.563319,0.010204
1696.943231,0.006122
1694.323144,0.010204
1691.703057,0.014286
1689.082969,0.014286
1686.462882,0.014286
1683.842795,0.014286
1681.222707,0.012245
1678.602620,0.016327
1675.982533,0.016327
1673.362445,0.016327
1670.742358,0.016327
1668.122271,0.018367
1665.502183,0.020408
1662.882096,0.022449
1660.262009,0.020408
1657.641921,0.022449
1655.021834,0.020408
1652.401747,0.018367
1649.781659,0.012245
1647.161572,0.012245
1644.541485,0.014286
1641.921397,0.018367
1639.301310,0.018367
1636.681223,0.018367
1634.061135,0.014286
1631.441048,0.018367
1628.820961,0.018367
1626.200873,0.018367
1623.580786,0.018367
1620.960699,0.020408
1618.340611,0.022449
1615.720524,0.024490
1613.100437,0.036735
1610.480349,0.063265
1607.860262,0.122449
1605.240175,0.167347
1602.620087,0.179592
1600.000000,0.179592
1597.379913,0.173469
1594.759825,0.128571
1592.139738,0.079592
1589.519651,0.055102
1586.899563,0.051020
1584.279476,0.053061
1581.659389,0.053061
1579.039301,0.051020
1576.419214,0.040816
1573.799127,0.030612
1571.179039,0.024490
1568.558952,0.024490
1565.938865,0.020408
1563.318777,0.020408
1560.698690,0.018367
1558.078603,0.016327
1555.458515,0.012245
1552.838428,0.018367
1550.218341,0.020408
1547.598253,0.022449
1544.978166,0.022449
1542.358079,0.022449
1539.737991,0.018367
1537.117904,0.016327
1534.497817,0.018367
1531.877729,0.018367
1529.257642,0.018367
1526.637555,0.018367
1524.017467,0.016327
1521.397380,0.014286
1518.777293,0.014286
1516.157205,0.020408
1513.537118,0.024490
1510.917031,0.028571
1508.296943,0.034694
1505.676856,0.061224
1503.056769,0.110204
1500.436681,0.216327
1497.816594,0.326531
1495.196507,0.326531
1492.576419,0.324490
1489.956332,0.300000
1487.336245,0.267347
1484.716157,0.161224
1482.096070,0.093878
1479.475983,0.065306
1476.855895,0.053061
1474.235808,0.046939
1471.615721,0.053061
1468.995633,0.065306
1466.375546,0.087755
1463.755459,0.130612
1461.135371,0.185714
1458.515284,0.293878
1455.895197,0.391837
1453.275109,0.395918
1450.655022,0.395918
1448.034934,0.348980
1445.414847,0.228571
1442.794760,0.132653
1440.174672,0.097959
1437.554585,0.077551
1434.934498,0.067347
1432.314410,0.057143
1429.694323,0.053061
1427.074236,0.046939
1424.454148,0.046939
1421.834061,0.046939
1419.213974,0.053061
1416.593886,0.069388
1413.973799,0.093878
1411.353712,0.128571
1408.733624,0.161224
1406.113537,0.181633
1403.493450,0.185714
1400.873362,0.183673
1398.253275,0.175510
1395.633188,0.146939
1393.013100,0.116327
1390.393013,0.089796
1387.772926,0.073469
1385.152838,0.065306
1382.532751,0.073469
1379.912664,0.077551
1377.292576,0.077551
1374.672489,0.071429
1372.052402,0.053061
1369.432314,0.038776
1366.812227,0.032653
1364.192140,0.030612
1361.572052,0.028571
1358.951965,0.030612
1356.331878,0.034694
1353.711790,0.036735
1351.091703,0.036735
1348.471616,0.036735
1345.851528,0.036735
1343.231441,0.038776
1340.611354,0.046939
1337.991266,0.051020
1335.371179,0.051020
1332.751092,0.048980
1330.131004,0.042857
1327.510917,0.042857
1324.890830,0.044898
1322.270742,0.044898
1319.650655,0.044898
1317.030568,0.042857
1314.410480,0.042857
1311.790393,0.040816
1309.170306,0.036735
1306.550218,0.036735
1303.930131,0.036735
1301.310044,0.034694
1298.689956,0.034694
1296.069869,0.034694
1293.449782,0.034694
1290.829694,0.032653
1288.209607,0.032653
1285.589520,0.032653
1282.969432,0.034694
1280.349345,0.040816
1277.729258,0.048980
1275.109170,0.065306
1272.489083,0.097959
1269.868996,0.167347
1267.248908,0.318367
1264.628821,0.542857
1262.008734,0.614286
1259.388646,0.614286
1256.768559,0.573469
1254.148472,0.367347
1251.528384,0.193878
1248.908297,0.108163
1246.288210,0.073469
1243.668122,0.057143
1241.048035,0.044898
1238.427948,0.038776
1235.807860,0.034694
1233.187773,0.030612
1230.567686,0.028571
1227.947598,0.026531
1225.327511,0.026531
1222.707424,0.028571
1220.087336,0.030612
1217.467249,0.032653
1214.847162,0.036735
1212.227074,0.042857
1209.606987,0.051020
1206.986900,0.059184
1204.366812,0.067347
1201.746725,0.077551
1199.126638,0.089796
1196.506550,0.102041
1193.886463,0.108163
1191.266376,0.120408
1188.646288,0.140816
1186.026201,0.155102
1183.406114,0.159184
1180.786026,0.157143
1178.165939,0.153061
1175.545852,0.142857
1172.925764,0.132653
1170.305677,0.118367
1167.685590,0.102041
1165.065502,0.087755
1162.445415,0.081633
1159.825328,0.079592
1157.205240,0.077551
1154.585153,0.075510
1151.965066,0.067347
1149.344978,0.057143
1146.724891,0.048980
1144.104803,0.044898
1141.484716,0.044898
1138.864629,0.048980
1136.244541,0.057143
1133.624454,0.065306
1131.004367,0.075510
1128.384279,0.095918
1125.764192,0.112245
1123.144105,0.114286
1120.524017,0.114286
1117.903930,0.102041
1115.283843,0.079592
1112.663755,0.075510
1110.043668,0.075510
1107.423581,0.075510
1104.803493,0.073469
1102.183406,0.071429
1099.563319,0.077551
1096.943231,0.087755
1094.323144,0.104082
1091.703057,0.110204
1089.082969,0.110204
1086.462882,0.108163
1083.842795,0.095918
1081.222707,0.087755
1078.602620,0.085714
1075.982533,0.087755
1073.362445,0.089796
1070.742358,0.095918
1068.122271,0.097959
1065.502183,0.097959
1062.882096,0.095918
1060.262009,0.089796
1057.641921,0.100000
1055.021834,0.112245
1052.401747,0.120408
1049.781659,0.122449
1047.161572,0.120408
1044.541485,0.110204
1041.921397,0.093878
1039.301310,0.097959
1036.681223,0.132653
1034.061135,0.159184
1031.441048,0.161224
1028.820961,0.161224
1026.200873,0.144898
1023.580786,0.108163
1020.960699,0.102041
1018.340611,0.124490
1015.720524,0.146939
1013.100437,0.155102
1010.480349,0.157143
1007.860262,0.157143
1005.240175,0.155102
1002.620087,0.142857
1000.000000,0.159184
997.379913,0.159184
994.759825,0.155102
992.139738,0.134694
989.519651,0.112245
986.899563,0.095918
984.279476,0.083673
981.659389,0.073469
979.039301,0.065306
976.419214,0.057143
973.799127,0.046939
971.179039,0.040816
968.558952,0.042857
965.938865,0.042857
963.318777,0.042857
960.698690,0.042857
958.078603,0.038776
955.458515,0.032653
952.838428,0.028571
950.218341,0.028571
947.598253,0.026531
944.978166,0.026531
942.358079,0.028571
939.737991,0.030612
937.117904,0.034694
934.497817,0.040816
931.877729,0.046939
929.257642,0.057143
926.637555,0.067347
924.017467,0.071429
921.397380,0.073469
918.777293,0.075510
916.157205,0.087755
913.537118,0.110204
910.917031,0.138776
908.296943,0.155102
905.676856,0.159184
903.056769,0.161224
900.436681,0.161224
897.816594,0.161224
895.196507,0.153061
892.576419,0.138776
889.956332,0.120408
887.336245,0.108163
884.716157,0.097959
882.096070,0.087755
879.475983,0.077551
876.855895,0.069388
874.235808,0.065306
871.615721,0.065306
868.995633,0.065306
866.375546,0.069388
863.755459,0.073469
861.135371,0.077551
858.515284,0.085714
855.895197,0.100000
853.275109,0.114286
850.655022,0.144898
848.034934,0.191837
845.414847,0.259184
842.794760,0.334694
840.174672,0.379592
837.554585,0.395918
834.934498,0.397959
832.314410,0.395918
829.694323,0.373469
827.074236,0.334694
824.454148,0.363265
821.834061,0.436735
819.213974,0.577551
816.593886,0.722449
813.973799,0.824490
811.353712,0.873469
808.733624,0.879592
806.113537,0.877551
803.493450,0.865306
800.873362,0.846939
798.253275,0.810204
795.633188,0.804082
793.013100,0.936735
790.393013,0.997959
787.772926,1.000000
785.152838,0.995918
782.532751,0.924490
779.912664,0.744898
777.292576,0.563265
774.672489,0.442857
772.052402,0.430612
769.432314,0.430612
766.812227,0.526531
764.192140,0.667347
761.572052,0.710204
758.951965,0.712245
756.331878,0.695918
753.711790,0.602041
751.091703,0.640816
748.471616,0.646939
745.851528,0.646939
743.231441,0.628571
740.611354,0.557143
737.991266,0.467347
735.371179,0.397959
732.751092,0.344898
730.131004,0.291837
727.510917,0.242857
724.890830,0.200000
722.270742,0.171429
719.650655,0.163265
717.030568,0.191837
714.410480,0.248980
711.790393,0.355102
709.170306,0.524490
706.550218,0.710204
703.930131,0.853061
701.310044,0.891837
698.689956,0.891837
696.069869,0.830612
693.449782,0.604082
690.829694,0.418367
688.209607,0.297959
685.589520,0.218367
682.969432,0.165306
680.349345,0.136735
677.729258,0.126531
675.109170,0.124490
672.489083,0.136735
669.868996,0.161224
667.248908,0.191837
664.628821,0.202041
662.008734,0.202041
659.388646,0.197959
656.768559,0.177551
654.148472,0.159184
651.528384,0.144898
648.908297,0.122449
646.288210,0.093878
643.668122,0.069388
641.048035,0.053061
638.427948,0.042857
635.807860,0.036735
633.187773,0.034694
630.567686,0.032653
627.947598,0.032653
625.327511,0.036735
622.707424,0.046939
620.087336,0.046939
617.467249,0.046939
614.847162,0.042857
612.227074,0.038776
609.606987,0.040816
606.986900,0.044898
604.366812,0.044898
601.746725,0.044898
599.126638,0.044898
596.506550,0.044898
593.886463,0.044898
591.266376,0.042857
588.646288,0.038776
586.026201,0.034694
583.406114,0.030612
580.786026,0.026531
578.165939,0.020408
575.545852,0.016327
572.925764,0.014286
570.305677,0.010204
567.685590,0.008163
565.065502,0.006122
562.445415,0.006122
559.825328,0.004082
557.205240,0.004082
554.585153,0.004082
551.965066,0.004082
549.344978,0.004082
546.724891,0.004082
544.104803,0.004082
541.484716,0.004082
538.864629,0.004082
536.244541,0.004082
533.624454,0.004082
531.004367,0.004082
528.384279,0.004082
525.764192,0.004082
523.144105,0.004082
520.524017,0.004082
517.903930,0.004082
515.283843,0.004082
512.663755,0.004082
510.043668,0.004082
507.423581,0.004082
504.803493,0.004082
502.183406,0.004082
499.563319,0.004082
496.943231,0.004082
494.323144,0.004082
491.703057,0.004082
489.082969,0.004082
486.462882,0.004082
483.842795,0.004082
481.222707,0.004082
478.602620,0.004082
475.982533,0.004082
473.362445,0.004082
470.742358,0.004082
468.122271,0.004082
465.502183,0.004082
462.882096,0.004082
460.262009,0.004082
457.641921,0.004082
455.021834,0.004082
452.401747,0.004082
449.781659,0.004082
447.161572,nan
444.541485,nan
441.921397,nan
439.301310,nan
436.681223,nan
434.061135,nan
431.441048,nan
428.820961,nan
426.200873,nan
423.580786,nan
420.960699,nan
418.340611,nan
415.720524,nan
413.100437,nan
410.480349,nan
407.860262,nan
405.240175,nan
402.620087,nan
400.000000,nan
