4000.000000,0.006122
3997.379913,0.006122
3994.759825,0.006122
3992.139738,0.006122
3989.519651,0.006122
3986.899563,0.006122
3984.279476,0.006122
3981.659389,0.006122
3979.039301,0.006122
3976.419214,0.006122
3973.799127,0.006122
3971.179039,0.006122
3968.558952,0.006122
3965.938865,0.006122
3963.318777,0.006122
3960.698690,0.006122
3958.078603,0.006122
3955.458515,0.006122
3952.838428,0.006122
3950.218341,0.006122
3947.598253,0.006122
3944.978166,0.006122
3942.358079,0.006122
3939.737991,0.006122
3937.117904,0.006122
3934.497817,0.006122
3931.877729,0.008163
3929.257642,0.008163
3926.637555,0.006122
3924.017467,0.006122
3921.397380,0.006122
3918.777293,0.006122
3916.157205,0.008163
3913.537118,0.008163
3910.917031,0.006122
3908.296943,0.006122
3905.676856,0.008163
3903.056769,0.010204
3900.436681,0.010204
3897.816594,0.010204
3895.196507,0.008163
3892.576419,0.006122
3889.956332,0.008163
3887.336245,0.008163
3884.716157,0.008163
3882.096070,0.008163
3879.475983,0.008163
3876.855895,0.008163
3874.235808,0.006122
3871.615721,0.008163
3868.995633,0.010204
3866.375546,0.010204
3863.755459,0.008163
3861.135371,0.008163
3858.515284,0.006122
3855.895197,0.012245
3853.275109,0.016327
3850.655022,0.016327
3848.034934,0.014286
3845.414847,0.004082
3842.794760,0.008163
3840.174672,0.010204
3837.554585,0.012245
3834.934498,0.012245
3832.314410,0.008163
3829.694323,0.006122
3827.074236,0.006122
3824.454148,0.008163
3821.834061,0.010204
3819.213974,0.012245
3816.593886,0.010204
3813.973799,0.010204
3811.353712,0.008163
3808.733624,0.008163
3806.113537,0.010204
3803.493450,0.010204
3800.873362,0.012245
3798.253275,0.012245
3795.633188,0.010204
3793.013100,0.008163
3790.393013,0.010204
3787.772926,0.010204
3785.152838,0.012245
3782.532751,0.012245
3779.912664,0.014286
3777.292576,0.014286
3774.672489,0.014286
3772.052402,0.012245
3769.432314,0.014286
3766.812227,0.014286
3764.192140,0.012245
3761.572052,0.010204
3758.951965,0.012245
3756.331878,0.012245
3753.711790,0.012245
3751.091703,0.016327
3748.471616,0.018367
3745.851528,0.016327
3743.231441,0.016327
3740.611354,0.016327
3737.991266,0.012245
3735.371179,0.014286
3732.751092,0.014286
3730.131004,0.014286
3727.510917,0.010204
3724.890830,0.010204
3722.270742,0.012245
3719.650655,0.012245
3717.030568,0.012245
3714.410480,0.016327
3711.790393,0.020408
3709.170306,0.020408
3706.550218,0.020408
3703.930131,0.018367
3701.310044,0.018367
3698.689956,0.018367
3696.069869,0.016327
3693.449782,0.012245
3690.829694,0.014286
3688.209607,0.014286
3685.589520,0.014286
3682.969432,0.012245
3680.349345,0.010204
3677.729258,0.014286
3675.109170,0.018367
3672.489083,0.018367
3669.868996,0.016327
3667.248908,0.014286
3664.628821,0.012245
3662.008734,0.008163
3659.388646,0.008163
3656.768559,0.012245
3654.148472,0.012245
3651.528384,0.012245
3648.908297,0.014286
3646.288210,0.014286
3643.668122,0.012245
3641.048035,0.006122
3638.427948,0.008163
3635.807860,0.008163
3633.187773,0.010204
3630.567686,0.012245
3627.947598,0.014286
3625.327511,0.014286
3622.707424,0.010204
3620.087336,0.010204
3617.467249,0.010204
3614.847162,0.010204
3612.227074,0.008163
3609.606987,0.010204
3606.986900,0.010204
3604.366812,0.008163
3601.746725,0.008163
3599.126638,0.008163
3596.506550,0.008163
3593.886463,0.008163
3591.266376,0.008163
3588.646288,0.010204
3586.026201,0.012245
3583.406114,0.012245
3580.786026,0.010204
3578.165939,0.010204
3575.545852,0.010204
3572.925764,0.008163
3570.305677,0.008163
3567.685590,0.010204
3565.065502,0.010204
3562.445415,0.010204
3559.825328,0.008163
3557.205240,0.008163
3554.585153,0.008163
3551.965066,0.008163
3549.344978,0.008163
3546.724891,0.008163
3544.104803,0.008163
3541.484716,0.008163
3538.864629,0.008163
3536.244541,0.008163
3533.624454,0.008163
3531.004367,0.008163
3528.384279,0.008163
3525.764192,0.008163
3523.144105,0.008163
3520.524017,0.008163
3517.903930,0.008163
3515.283843,0.008163
3512.663755,0.008163
3510.043668,0.008163
3507.423581,0.008163
3504.803493,0.008163
3502.183406,0.008163
3499.563319,0.008163
3496.943231,0.008163
3494.323144,0.008163
3491.703057,0.008163
3489.082969,0.008163
3486.462882,0.008163
3483.842795,0.008163
3481.222707,0.008163
3478.602620,0.008163
3475.982533,0.008163
3473.362445,0.008163
3470.742358,0.010204
3468.122271,0.010204
3465.502183,0.010204
3462.882096,0.010204
3460.262009,0.010204
3457.641921,0.010204
3455.021834,0.010204
3452.401747,0.010204
3449.781659,0.010204
3447.161572,0.010204
3444.541485,0.010204
3441.921397,0.010204
3439.301310,0.010204
3436.681223,0.010204
3434.061135,0.010204
3431.441048,0.010204
3428.820961,0.010204
3426.200873,0.010204
3423.580786,0.010204
3420.960699,0.010204
3418.340611,0.010204
3415.720524,0.010204
3413.100437,0.010204
3410.480349,0.010204
3407.860262,0.010204
3405.240175,0.010204
3402.620087,0.010204
3400.000000,0.010204
3397.379913,0.010204
3394.759825,0.010204
3392.139738,0.010204
3389.519651,0.010204
3386.899563,0.010204
3384.279476,0.010204
3381.659389,0.010204
3379.039301,0.010204
3376.419214,0.010204
3373.799127,0.010204
3371.179039,0.010204
3368.558952,0.010204
3365.938865,0.010204
3363.318777,0.010204
3360.698690,0.010204
3358.078603,0.010204
3355.458515,0.012245
3352.838428,0.012245
3350.218341,0.010204
3347.598253,0.010204
3344.978166,0.010204
3342.358079,0.010204
3339.737991,0.010204
3337.117904,0.010204
3334.497817,0.010204
3331.877729,0.010204
3329.257642,0.010204
3326.637555,0.010204
3324.017467,0.010204
3321.397380,0.010204
3318.777293,0.010204
3316.157205,0.010204
3313.537118,0.010204
3310.917031,0.010204
3308.296943,0.010204
3305.676856,0.010204
3303.056769,0.010204
3300.436681,0.010204
3297.816594,0.010204
3295.196507,0.010204
3292.576419,0.010204
3289.956332,0.010204
3287.336245,0.010204
3284.716157,0.010204
3282.096070,0.010204
3279.475983,0.010204
3276.855895,0.010204
3274.235808,0.010204
3271.615721,0.010204
3268.995633,0.010204
3266.375546,0.010204
3263.755459,0.010204
3261.135371,0.010204
3258.515284,0.010204
3255.895197,0.010204
3253.275109,0.010204
3250.655022,0.010204
3248.034934,0.010204
3245.414847,0.010204
3242.794760,0.012245
3240.174672,0.012245
3237.554585,0.012245
3234.934498,0.012245
3232.314410,0.010204
3229.694323,0.012245
3227.074236,0.012245
3224.454148,0.012245
3221.834061,0.012245
3219.213974,0.012245
3216.593886,0.012245
3213.973799,0.014286
3211.353712,0.014286
3208.733624,0.014286
3206.113537,0.014286
3203.493450,0.012245
3200.873362,0.012245
3198.253275,0.012245
3195.633188,0.010204
3193.013100,0.010204
3190.393013,0.010204
3187.772926,0.010204
3185.152838,0.010204
3182.532751,0.010204
3179.912664,0.010204
3177.292576,0.010204
3174.672489,0.010204
3172.052402,0.010204
3169.432314,0.010204
3166.812227,0.010204
3164.192140,0.010204
3161.572052,0.010204
3158.951965,0.010204
3156.331878,0.010204
3153.711790,0.010204
3151.091703,0.010204
3148.471616,0.012245
3145.851528,0.012245
3143.231441,0.012245
3140.611354,0.012245
3137.991266,0.010204
3135.371179,0.010204
3132.751092,0.010204
3130.131004,0.010204
3127.510917,0.010204
3124.890830,0.010204
3122.270742,0.010204
3119.650655,0.010204
3117.030568,0.008163
3114.410480,0.008163
3111.790393,0.010204
3109.170306,0.008163
3106.550218,0.010204
3103.930131,0.010204
3101.310044,0.010204
3098.689956,0.010204
3096.069869,0.010204
3093.449782,0.010204
3090.829694,0.008163
3088.209607,0.008163
3085.589520,0.008163
3082.969432,0.008163
3080.349345,0.008163
3077.729258,0.008163
3075.109170,0.010204
3072.489083,0.010204
3069.868996,0.010204
3067.248908,0.010204
3064.628821,0.010204
3062.008734,0.010204
3059.388646,0.010204
3056.768559,0.010204
3054.148472,0.008163
3051.528384,0.008163
3048.908297,0.010204
3046.288210,0.010204
3043.668122,0.010204
3041.048035,0.010204
3038.427948,0.010204
3035.807860,0.010204
3033.187773,0.010204
3030.567686,0.010204
3027.947598,0.010204
3025.327511,0.010204
3022.707424,0.010204
3020.087336,0.010204
3017.467249,0.012245
3014.847162,0.012245
3012.227074,0.012245
3009.606987,0.012245
3006.986900,0.012245
3004.366812,0.012245
3001.746725,0.012245
2999.126638,0.014286
2996.506550,0.014286
2993.886463,0.016327
2991.266376,0.016327
2988.646288,0.018367
2986.026201,0.020408
2983.406114,0.022449
2980.786026,0.022449
2978.165939,0.022449
2975.545852,0.022449
2972.925764,0.020408
2970.305677,0.020408
2967.685590,0.020408
2965.065502,0.020408
2962.445415,0.020408
2959.825328,0.020408
2957.205240,0.018367
2954.585153,0.016327
2951.965066,0.016327
2949.344978,0.014286
2946.724891,0.014286
2944.104803,0.014286
2941.484716,0.016327
2938.864629,0.016327
2936.244541,0.016327
2933.624454,0.016327
2931.004367,0.016327
2928.384279,0.018367
2925.764192,0.018367
2923.144105,0.020408
2920.524017,0.022449
2917.903930,0.028571
2915.283843,0.032653
2912.663755,0.034694
2910.043668,0.032653
2907.423581,0.028571
2904.803493,0.020408
2902.183406,0.016327
2899.563319,0.014286
2896.943231,0.012245
2894.323144,0.012245
2891.703057,0.012245
2889.082969,0.010204
2886.462882,0.010204
2883.842795,0.010204
2881.222707,0.010204
2878.602620,0.010204
2875.982533,0.010204
2873.362445,0.010204
2870.742358,0.010204
2868.122271,0.010204
2865.502183,0.012245
2862.882096,0.012245
2860.262009,0.012245
2857.641921,0.010204
2855.021834,0.010204
2852.401747,0.010204
2849.781659,0.010204
2847.161572,0.010204
2844.541485,0.010204
2841.921397,0.012245
2839.301310,0.010204
2836.681223,0.010204
2834.061135,0.010204
2831.441048,0.010204
2828.820961,0.010204
2826.200873,0.010204
2823.580786,0.010204
2820.960699,0.012245
2818.340611,0.012245
2815.720524,0.010204
2813.100437,0.010204
2810.480349,0.010204
2807.860262,0.008163
2805.240175,0.010204
2802.620087,0.010204
2800.000000,0.010204
2797.379913,0.012245
2794.759825,0.012245
2792.139738,0.010204
2789.519651,0.010204
2786.899563,0.010204
2784.279476,0.010204
2781.659389,0.010204
2779.039301,0.010204
2776.419214,0.010204
2773.799127,0.010204
2771.179039,0.010204
2768.558952,0.010204
2765.938865,0.010204
2763.318777,0.010204
2760.698690,0.010204
2758.078603,0.010204
2755.458515,0.010204
2752.838428,0.010204
2750.218341,0.010204
2747.598253,0.010204
2744.978166,0.010204
2742.358079,0.010204
2739.737991,0.010204
2737.117904,0.008163
2734.497817,0.010204
2731.877729,0.010204
2729.257642,0.008163
2726.637555,0.008163
2724.017467,0.008163
2721.397380,0.008163
2718.777293,0.008163
2716.157205,0.008163
2713.537118,0.008163
2710.917031,0.008163
2708.296943,0.008163
2705.676856,0.008163
2703.056769,0.008163
2700.436681,0.008163
2697.816594,0.008163
2695.196507,0.008163
2692.576419,0.008163
2689.956332,0.008163
2687.336245,0.008163
2684.716157,0.008163
2682.096070,0.010204
2679.475983,0.010204
2676.855895,0.010204
2674.235808,0.010204
2671.615721,0.008163
2668.995633,0.010204
2666.375546,0.010204
2663.755459,0.010204
2661.135371,0.010204
2658.515284,0.010204
2655.895197,0.008163
2653.275109,0.008163
2650.655022,0.008163
2648.034934,0.008163
2645.414847,0.008163
2642.794760,0.008163
2640.174672,0.008163
2637.554585,0.008163
2634.934498,0.008163
2632.314410,0.008163
2629.694323,0.008163
2627.074236,0.008163
2624.454148,0.008163
2621.834061,0.008163
2619.213974,0.008163
2616.593886,0.008163
2613.973799,0.008163
2611.353712,0.008163
2608.733624,0.008163
2606.113537,0.008163
2603.493450,0.008163
2600.873362,0.008163
2598.253275,0.008163
2595.633188,0.008163
2593.013100,0.008163
2590.393013,0.008163
2587.772926,0.008163
2585.152838,0.008163
2582.532751,0.008163
2579.912664,0.008163
2577.292576,0.008163
2574.672489,0.008163
2572.052402,0.008163
2569.432314,0.008163
2566.812227,0.008163
2564.192140,0.008163
2561.572052,0.008163
2558.951965,0.006122
2556.331878,0.006122
2553.711790,0.006122
2551.091703,0.006122
2548.471616,0.006122
2545.851528,0.006122
2543.231441,0.006122
2540.611354,0.006122
2537.991266,0.006122
2535.371179,0.006122
2532.751092,0.006122
2530.131004,0.006122
2527.510917,0.006122
2524.890830,0.006122
2522.270742,0.008163
2519.650655,0.008163
2517.030568,0.008163
2514.410480,0.008163
2511.790393,0.008163
2509.170306,0.008163
2506.550218,0.008163
2503.930131,0.008163
2501.310044,0.008163
2498.689956,0.008163
2496.069869,0.008163
2493.449782,0.008163
2490.829694,0.008163
2488.209607,0.008163
2485.589520,0.008163
2482.969432,0.008163
2480.349345,0.008163
2477.729258,0.008163
2475.109170,0.008163
2472.489083,0.008163
2469.868996,0.008163
2467.248908,0.008163
2464.628821,0.008163
2462.008734,0.008163
2459.388646,0.008163
2456.768559,0.008163
2454.148472,0.008163
2451.528384,0.008163
2448.908297,0.008163
2446.288210,0.008163
2443.668122,0.008163
2441.048035,0.008163
2438.427948,0.008163
2435.807860,0.008163
2433.187773,0.008163
2430.567686,0.008163
2427.947598,0.008163
2425.327511,0.008163
2422.707424,0.008163
2420.087336,0.008163
2417.467249,0.008163
2414.847162,0.008163
2412.227074,0.008163
2409.606987,0.008163
2406.986900,0.008163
2404.366812,0.008163
2401.746725,0.008163
2399.126638,0.008163
2396.506550,0.008163
2393.886463,0.008163
2391.266376,0.008163
2388.646288,0.008163
2386.026201,0.008163
2383.406114,0.010204
2380.786026,0.010204
2378.165939,0.014286
2375.545852,0.016327
2372.925764,0.020408
2370.305677,0.024490
2367.685590,0.026531
2365.065502,0.026531
2362.445415,0.026531
2359.825328,0.026531
2357.205240,0.026531
2354.585153,0.024490
2351.965066,0.022449
2349.344978,0.018367
2346.724891,0.020408
2344.104803,0.022449
2341.484716,0.024490
2338.864629,0.024490
2336.244541,0.024490
2333.624454,0.022449
2331.004367,0.022449
2328.384279,0.020408
2325.764192,0.020408
2323.144105,0.020408
2320.524017,0.018367
2317.903930,0.018367
2315.283843,0.016327
2312.663755,0.014286
2310.043668,0.014286
2307.423581,0.012245
2304.803493,0.012245
2302.183406,0.012245
2299.563319,0.012245
2296.943231,0.012245
2294.323144,0.010204
2291.703057,0.012245
2289.082969,0.012245
2286.462882,0.010204
2283.842795,0.010204
2281.222707,0.010204
2278.602620,0.010204
2275.982533,0.010204
2273.362445,0.010204
2270.742358,0.010204
2268.122271,0.010204
2265.502183,0.012245
2262.882096,0.012245
2260.262009,0.012245
2257.641921,0.012245
2255.021834,0.010204
2252.401747,0.010204
2249.781659,0.010204
2247.161572,0.010204
2244.541485,0.010204
2241.921397,0.010204
2239.301310,0.012245
2236.681223,0.012245
2234.061135,0.012245
2231.441048,0.012245
2228.820961,0.012245
2226.200873,0.010204
2223.580786,0.010204
2220.960699,0.010204
2218.340611,0.012245
2215.720524,0.012245
2213.100437,0.012245
2210.480349,0.012245
2207.860262,0.014286
2205.240175,0.014286
2202.620087,0.014286
2200.000000,0.014286
2197.379913,0.012245
2194.759825,0.012245
2192.139738,0.012245
2189.519651,0.012245
2186.899563,0.012245
2184.279476,0.012245
2181.659389,0.012245
2179.039301,0.012245
2176.419214,0.012245
2173.799127,0.012245
2171.179039,0.012245
2168.558952,0.012245
2165.938865,0.010204
2163.318777,0.010204
2160.698690,0.010204
2158.078603,0.012245
2155.458515,0.012245
2152.838428,0.010204
2150.218341,0.010204
2147.598253,0.010204
2144.978166,0.010204
2142.358079,0.010204
2139.737991,0.010204
2137.117904,0.010204
2134.497817,0.010204
2131.877729,0.010204
2129.257642,0.010204
2126.637555,0.010204
2124.017467,0.010204
2121.397380,0.010204
2118.777293,0.010204
2116.157205,0.010204
2113.537118,0.010204
2110.917031,0.010204
2108.296943,0.010204
2105.676856,0.010204
2103.056769,0.010204
2100.436681,0.010204
2097.816594,0.010204
2095.196507,0.010204
2092.576419,0.010204
2089.956332,0.010204
2087.336245,0.010204
2084.716157,0.010204
2082.096070,0.010204
2079.475983,0.012245
2076.855895,0.012245
2074.235808,0.014286
2071.615721,0.016327
2068.995633,0.018367
2066.375546,0.018367
2063.755459,0.018367
2061.135371,0.016327
2058.515284,0.014286
2055.895197,0.012245
2053.275109,0.012245
2050.655022,0.010204
2048.034934,0.010204
2045.414847,0.010204
2042.794760,0.010204
2040.174672,0.010204
2037.554585,0.012245
2034.934498,0.012245
2032.314410,0.016327
2029.694323,0.020408
2027.074236,0.022449
2024.454148,0.024490
2021.834061,0.024490
2019.213974,0.022449
2016.593886,0.020408
2013.973799,0.016327
2011.353712,0.014286
2008.733624,0.012245
2006.113537,0.012245
2003.493450,0.010204
2000.873362,0.010204
1998.253275,0.010204
1995.633188,0.012245
1993.013100,0.012245
1990.393013,0.010204
1987.772926,0.010204
1985.152838,0.010204
1982.532751,0.008163
1979.912664,0.008163
1977.292576,0.008163
1974.672489,0.008163
1972.052402,0.008163
1969.432314,0.008163
1966.812227,0.008163
1964.192140,0.008163
1961.572052,0.008163
1958.951965,0.010204
1956.331878,0.010204
1953.711790,0.008163
1951.091703,0.008163
1948.471616,0.008163
1945.851528,0.010204
1943.231441,0.010204
1940.611354,0.010204
1937.991266,0.008163
1935.371179,0.008163
1932.751092,0.008163
1930.131004,0.008163
1927.510917,0.008163
1924.890830,0.010204
1922.270742,0.010204
1919.650655,0.010204
1917.030568,0.010204
1914.410480,0.010204
1911.790393,0.008163
1909.170306,0.008163
1906.550218,0.010204
1903.930131,0.010204
1901.310044,0.010204
1898.689956,0.010204
1896.069869,0.010204
1893.449782,0.010204
1890.829694,0.010204
1888.209607,0.010204
1885.589520,0.010204
1882.969432,0.010204
1880.349345,0.010204
1877.729258,0.010204
1875.109170,0.010204
1872.489083,0.010204
1869.868996,0.012245
1867.248908,0.012245
1864.628821,0.010204
1862.008734,0.010204
1859.388646,0.010204
1856.768559,0.010204
1854.148472,0.010204
1851.528384,0.010204
1848.908297,0.012245
1846.288210,0.014286
1843.668122,0.014286
1841.048035,0.012245
1838.427948,0.012245
1835.807860,0.012245
1833.187773,0.012245
1830.567686,0.014286
1827.947598,0.014286
1825.327511,0.012245
1822.707424,0.012245
1820.087336,0.012245
1817.467249,0.012245
1814.847162,0.012245
1812.227074,0.012245
1809.606987,0.012245
1806.986900,0.012245
1804.366812,0.012245
1801.746725,0.012245
1799.126638,0.012245
1796.506550,0.012245
1793.886463,0.014286
1791.266376,0.014286
1788.646288,0.014286
1786.026201,0.014286
1783.406114,0.014286
1780.786026,0.012245
1778.165939,0.012245
1775.545852,0.014286
1772.925764,0.016327
1770.305677,0.016327
1767.685590,0.014286
1765.065502,0.014286
1762.445415,0.014286
1759.825328,0.014286
1757.205240,0.014286
1754.585153,0.014286
1751.965066,0.016327
1749.344978,0.016327
1746.724891,0.014286
1744.104803,0.014286
1741.484716,0.016327
1738.864629,0.016327
1736.244541,0.018367
1733.624454,0.020408
1731.004367,0.018367
1728.384279,0.014286
1725.764192,0.014286
1723.144105,0.016327
1720.524017,0.020408
1717.903930,0.022449
1715.283843,0.022449
1712.663755,0.018367
1710.043668,0.014286
1707.423581,0.016327
1704.803493,0.016327
1702.183406,0.020408
1699.563319,0.020408
1696.943231,0.018367
1694.323144,0.014286
1691.703057,0.012245
1689.082969,0.014286
1686.462882,0.018367
1683.842795,0.018367
1681.222707,0.018367
1678.602620,0.014286
1675.982533,0.016327
1673.362445,0.016327
1670.742358,0.016327
1668.122271,0.016327
1665.502183,0.014286
1662.882096,0.014286
1660.262009,0.014286
1657.641921,0.016327
1655.021834,0.022449
1652.401747,0.022449
1649.781659,0.020408
1647.161572,0.016327
1644.541485,0.016327
1641.921397,0.014286
1639.301310,0.016327
1636.681223,0.018367
1634.061135,0.018367
1631.441048,0.014286
1628.820961,0.014286
1626.200873,0.014286
1623.580786,0.014286
1620.960699,0.014286
1618.340611,0.016327
1615.720524,0.016327
1613.100437,0.014286
1610.480349,0.012245
1607.860262,0.012245
1605.240175,0.012245
1602.620087,0.012245
1600.000000,0.012245
1597.379913,0.012245
1594.759825,0.012245
1592.139738,0.012245
1589.519651,0.012245
1586.899563,0.012245
1584.279476,0.012245
1581.659389,0.012245
1579.039301,0.016327
1576.419214,0.016327
1573.799127,0.016327
1571.179039,0.016327
1568.558952,0.016327
1565.938865,0.016327
1563.318777,0.018367
1560.698690,0.022449
1558.078603,0.024490
1555.458515,0.020408
1552.838428,0.014286
1550.218341,0.014286
1547.598253,0.014286
1544.978166,0.018367
1542.358079,0.020408
1539.737991,0.020408
1537.117904,0.018367
1534.497817,0.016327
1531.877729,0.016327
1529.257642,0.016327
1526.637555,0.018367
1524.017467,0.020408
1521.397380,0.022449
1518.777293,0.020408
1516.157205,0.020408
1513.537118,0.018367
1510.917031,0.020408
1508.296943,0.022449
1505.676856,0.022449
1503.056769,0.020408
1500.436681,0.018367
1497.816594,0.018367
1495.196507,0.018367
1492.576419,0.016327
1489.956332,0.016327
1487.336245,0.016327
1484.716157,0.014286
1482.096070,0.014286
1479.475983,0.014286
1476.855895,0.016327
1474.235808,0.016327
1471.615721,0.016327
1468.995633,0.014286
1466.375546,0.016327
1463.755459,0.016327
1461.135371,0.018367
1458.515284,0.020408
1455.895197,0.020408
1453.275109,0.018367
1450.655022,0.016327
1448.034934,0.016327
1445.414847,0.016327
1442.794760,0.016327
1440.174672,0.018367
1437.554585,0.020408
1434.934498,0.020408
1432.314410,0.022449
1429.694323,0.022449
1427.074236,0.024490
1424.454148,0.028571
1421.834061,0.036735
1419.213974,0.040816
1416.593886,0.053061
1413.973799,0.077551
1411.353712,0.106122
1408.733624,0.120408
1406.113537,0.122449
1403.493450,0.120408
1400.873362,0.100000
1398.253275,0.073469
1395.633188,0.057143
1393.013100,0.044898
1390.393013,0.038776
1387.772926,0.034694
1385.152838,0.032653
1382.532751,0.030612
1379.912664,0.030612
1377.292576,0.030612
1374.672489,0.030612
1372.052402,0.030612
1369.432314,0.028571
1366.812227,0.028571
1364.192140,0.028571
1361.572052,0.026531
1358.951965,0.024490
1356.331878,0.022449
1353.711790,0.020408
1351.091703,0.020408
1348.471616,0.018367
1345.851528,0.018367
1343.231441,0.018367
1340.611354,0.018367
1337.991266,0.018367
1335.371179,0.018367
1332.751092,0.018367
1330.131004,0.018367
1327.510917,0.018367
1324.890830,0.018367
1322.270742,0.018367
1319.650655,0.020408
1317.030568,0.020408
1314.410480,0.020408
1311.790393,0.020408
1309.170306,0.020408
1306.550218,0.020408
1303.930131,0.020408
1301.310044,0.022449
1298.689956,0.022449
1296.069869,0.024490
1293.449782,0.026531
1290.829694,0.028571
1288.209607,0.032653
1285.589520,0.038776
1282.969432,0.046939
1280.349345,0.061224
1277.729258,0.085714
1275.109170,0.136735
1272.489083,0.271429
1269.868996,0.502041
1267.248908,0.561224
1264.628821,0.561224
1262.008734,0.473469
1259.388646,0.251020
1256.768559,0.136735
1254.148472,0.093878
1251.528384,0.067347
1248.908297,0.053061
1246.288210,0.044898
1243.668122,0.036735
1241.048035,0.032653
1238.427948,0.028571
1235.807860,0.024490
1233.187773,0.022449
1230.567686,0.022449
1227.947598,0.020408
1225.327511,0.020408
1222.707424,0.018367
1220.087336,0.018367
1217.467249,0.018367
1214.847162,0.018367
1212.227074,0.018367
1209.606987,0.020408
1206.986900,0.018367
1204.366812,0.018367
1201.746725,0.018367
1199.126638,0.018367
1196.506550,0.018367
1193.886463,0.018367
1191.266376,0.018367
1188.646288,0.018367
1186.026201,0.018367
1183.406114,0.018367
1180.786026,0.020408
1178.165939,0.020408
1175.545852,0.020408
1172.925764,0.020408
1170.305677,0.022449
1167.685590,0.022449
1165.065502,0.024490
1162.445415,0.026531
1159.825328,0.028571
1157.205240,0.030612
1154.585153,0.030612
1151.965066,0.032653
1149.344978,0.034694
1146.724891,0.034694
1144.104803,0.036735
1141.484716,0.036735
1138.864629,0.036735
1136.244541,0.036735
1133.624454,0.038776
1131.004367,0.038776
1128.384279,0.038776
1125.764192,0.038776
1123.144105,0.038776
1120.524017,0.038776
1117.903930,0.038776
1115.283843,0.036735
1112.663755,0.036735
1110.043668,0.036735
1107.423581,0.036735
1104.803493,0.034694
1102.183406,0.036735
1099.563319,0.036735
1096.943231,0.034694
1094.323144,0.034694
1091.703057,0.034694
1089.082969,0.034694
1086.462882,0.032653
1083.842795,0.034694
1081.222707,0.034694
1078.602620,0.034694
1075.982533,0.034694
1073.362445,0.034694
1070.742358,0.036735
1068.122271,0.036735
1065.502183,0.036735
1062.882096,0.036735
1060.262009,0.036735
1057.641921,0.036735
1055.021834,0.038776
1052.401747,0.038776
1049.781659,0.038776
1047.161572,0.040816
1044.541485,0.042857
1041.921397,0.044898
1039.301310,0.046939
1036.681223,0.048980
1034.061135,0.051020
1031.441048,0.053061
1028.820961,0.055102
1026.200873,0.057143
1023.580786,0.057143
1020.960699,0.059184
1018.340611,0.059184
1015.720524,0.057143
1013.100437,0.057143
1010.480349,0.053061
1007.860262,0.051020
1005.240175,0.044898
1002.620087,0.040816
1000.000000,0.034694
997.379913,0.030612
994.759825,0.026531
992.139738,0.024490
989.519651,0.022449
986.899563,0.020408
984.279476,0.020408
981.659389,0.018367
979.039301,0.018367
976.419214,0.018367
973.799127,0.020408
971.179039,0.020408
968.558952,0.020408
965.938865,0.020408
963.318777,0.020408
960.698690,0.020408
958.078603,0.020408
955.458515,0.020408
952.838428,0.020408
950.218341,0.020408
947.598253,0.020408
944.978166,0.018367
942.358079,0.018367
939.737991,0.018367
937.117904,0.020408
934.497817,0.020408
931.877729,0.020408
929.257642,0.020408
926.637555,0.022449
924.017467,0.022449
921.397380,0.022449
918.777293,0.022449
916.157205,0.024490
913.537118,0.024490
910.917031,0.024490
908.296943,0.026531
905.676856,0.026531
903.056769,0.026531
900.436681,0.026531
897.816594,0.028571
895.196507,0.028571
892.576419,0.030612
889.956332,0.030612
887.336245,0.032653
884.716157,0.032653
882.096070,0.032653
879.475983,0.034694
876.855895,0.036735
874.235808,0.036735
871.615721,0.038776
868.995633,0.038776
866.375546,0.040816
863.755459,0.042857
861.135371,0.044898
858.515284,0.048980
855.895197,0.053061
853.275109,0.059184
850.655022,0.069388
848.034934,0.077551
845.414847,0.081633
842.794760,0.083673
840.174672,0.083673
837.554585,0.087755
834.934498,0.097959
832.314410,0.110204
829.694323,0.128571
827.074236,0.155102
824.454148,0.187755
821.834061,0.232653
819.213974,0.304082
816.593886,0.402041
813.973799,0.555102
811.353712,0.746939
808.733624,0.904082
806.113537,0.975510
803.493450,0.995918
800.873362,1.000000
798.253275,0.997959
795.633188,0.967347
793.013100,0.869388
790.393013,0.683673
787.772926,0.495918
785.152838,0.373469
782.532751,0.297959
779.912664,0.253061
777.292576,0.232653
774.672489,0.269388
772.052402,0.348980
769.432314,0.502041
766.812227,0.720408
764.192140,0.861224
761.572052,0.869388
758.951965,0.869388
756.331878,0.808163
753.711790,0.636735
751.091703,0.471429
748.471616,0.351020
745.851528,0.265306
743.231441,0.212245
740.611354,0.177551
737.991266,0.155102
735.371179,0.140816
732.751092,0.130612
730.131004,0.122449
727.510917,0.116327
724.890830,0.112245
722.270742,0.106122
719.650655,0.097959
717.030568,0.087755
714.410480,0.079592
711.790393,0.073469
709.170306,0.067347
706.550218,0.065306
703.930131,0.065306
701.310044,0.065306
698.689956,0.069388
696.069869,0.077551
693.449782,0.083673
690.829694,0.087755
688.209607,0.087755
685.589520,0.087755
682.969432,0.091837
680.349345,0.095918
677.729258,0.097959
675.109170,0.100000
672.489083,0.106122
669.868996,0.110204
667.248908,0.110204
664.628821,0.108163
662.008734,0.110204
659.388646,0.114286
656.768559,0.120408
654.148472,0.126531
651.528384,0.132653
648.908297,0.138776
646.288210,0.144898
643.668122,0.151020
641.048035,0.157143
638.427948,0.167347
635.807860,0.173469
633.187773,0.181633
630.567686,0.189796
627.947598,0.200000
625.327511,0.212245
622.707424,0.228571
620.087336,0.244898
617.467249,0.269388
614.847162,0.297959
612.227074,0.326531
609.606987,0.348980
606.986900,0.377551
604.366812,0.408163
601.746725,0.432653
599.126638,0.434694
596.506550,0.432653
593.886463,0.426531
591.266376,0.408163
588.646288,0.379592
586.026201,0.334694
583.406114,0.287755
580.786026,0.240816
578.165939,0.189796
575.545852,0.146939
572.925764,0.110204
570.305677,0.077551
567.685590,0.053061
565.065502,0.036735
562.445415,0.024490
559.825328,0.014286
557.205240,0.010204
554.585153,0.006122
551.965066,0.004082
549.344978,0.004082
546.724891,0.004082
544.104803,0.002041
541.484716,0.002041
538.864629,0.002041
536.244541,0.002041
533.624454,0.002041
531.004367,0.002041
528.384279,0.002041
525.764192,0.002041
523.144105,0.002041
520.524017,0.002041
517.903930,0.002041
515.283843,0.002041
512.663755,0.002041
510.043668,0.002041
507.423581,0.002041
504.803493,0.002041
502.183406,0.002041
499.563319,0.002041
496.943231,0.002041
494.323144,0.002041
491.703057,0.002041
489.082969,0.002041
486.462882,0.002041
483.842795,0.002041
481.222707,0.002041
478.602620,0.002041
475.982533,0.002041
473.362445,0.002041
470.742358,0.002041
468.122271,0.002041
465.502183,0.002041
462.882096,0.002041
460.262009,0.002041
457.641921,0.002041
455.021834,0.002041
452.401747,0.002041
449.781659,0.002041
447.161572,nan
444.541485,nan
441.921397,nan
439.301310,nan
436.681223,nan
434.061135,nan
431.441048,nan
428.820961,nan
426.200873,nan
423.580786,nan
420.960699,nan
418.340611,nan
415.720524,nan
413.100437,nan
410.480349,nan
407.860262,nan
405.240175,nan
402.620087,nan
400.000000,nan
