4000.000000,0.012245
3997.379913,0.012245
3994.759825,0.012245
3992.139738,0.012245
3989.519651,0.012245
3986.899563,0.012245
3984.279476,0.012245
3981.659389,0.012245
3979.039301,0.012245
3976.419214,0.012245
3973.799127,0.012245
3971.179039,0.012245
3968.558952,0.012245
3965.938865,0.010204
3963.318777,0.010204
3960.698690,0.012245
3958.078603,0.012245
3955.458515,0.010204
3952.838428,0.010204
3950.218341,0.012245
3947.598253,0.012245
3944.978166,0.012245
3942.358079,0.010204
3939.737991,0.010204
3937.117904,0.010204
3934.497817,0.010204
3931.877729,0.012245
3929.257642,0.012245
3926.637555,0.010204
3924.017467,0.010204
3921.397380,0.012245
3918.777293,0.010204
3916.157205,0.010204
3913.537118,0.010204
3910.917031,0.010204
3908.296943,0.010204
3905.676856,0.012245
3903.056769,0.012245
3900.436681,0.012245
3897.816594,0.012245
3895.196507,0.010204
3892.576419,0.010204
3889.956332,0.010204
3887.336245,0.010204
3884.716157,0.010204
3882.096070,0.010204
3879.475983,0.010204
3876.855895,0.010204
3874.235808,0.010204
3871.615721,0.010204
3868.995633,0.010204
3866.375546,0.010204
3863.755459,0.010204
3861.135371,0.010204
3858.515284,0.008163
3855.895197,0.012245
3853.275109,0.014286
3850.655022,0.014286
3848.034934,0.012245
3845.414847,0.008163
3842.794760,0.010204
3840.174672,0.010204
3837.554585,0.012245
3834.934498,0.012245
3832.314410,0.010204
3829.694323,0.008163
3827.074236,0.008163
3824.454148,0.010204
3821.834061,0.010204
3819.213974,0.010204
3816.593886,0.010204
3813.973799,0.008163
3811.353712,0.008163
3808.733624,0.010204
3806.113537,0.012245
3803.493450,0.012245
3800.873362,0.012245
3798.253275,0.012245
3795.633188,0.008163
3793.013100,0.008163
3790.393013,0.008163
3787.772926,0.010204
3785.152838,0.010204
3782.532751,0.010204
3779.912664,0.010204
3777.292576,0.010204
3774.672489,0.010204
3772.052402,0.010204
3769.432314,0.010204
3766.812227,0.010204
3764.192140,0.010204
3761.572052,0.010204
3758.951965,0.010204
3756.331878,0.010204
3753.711790,0.010204
3751.091703,0.012245
3748.471616,0.012245
3745.851528,0.010204
3743.231441,0.010204
3740.611354,0.008163
3737.991266,0.008163
3735.371179,0.010204
3732.751092,0.010204
3730.131004,0.008163
3727.510917,0.006122
3724.890830,0.008163
3722.270742,0.008163
3719.650655,0.008163
3717.030568,0.008163
3714.410480,0.008163
3711.790393,0.010204
3709.170306,0.010204
3706.550218,0.010204
3703.930131,0.008163
3701.310044,0.010204
3698.689956,0.010204
3696.069869,0.008163
3693.449782,0.010204
3690.829694,0.010204
3688.209607,0.010204
3685.589520,0.010204
3682.969432,0.008163
3680.349345,0.008163
3677.729258,0.010204
3675.109170,0.012245
3672.489083,0.012245
3669.868996,0.010204
3667.248908,0.008163
3664.628821,0.008163
3662.008734,0.008163
3659.388646,0.010204
3656.768559,0.010204
3654.148472,0.012245
3651.528384,0.010204
3648.908297,0.012245
3646.288210,0.012245
3643.668122,0.010204
3641.048035,0.008163
3638.427948,0.008163
3635.807860,0.010204
3633.187773,0.010204
3630.567686,0.012245
3627.947598,0.012245
3625.327511,0.012245
3622.707424,0.008163
3620.087336,0.010204
3617.467249,0.010204
3614.847162,0.010204
3612.227074,0.010204
3609.606987,0.010204
3606.986900,0.010204
3604.366812,0.010204
3601.746725,0.010204
3599.126638,0.010204
3596.506550,0.010204
3593.886463,0.010204
3591.266376,0.010204
3588.646288,0.010204
3586.026201,0.010204
3583.406114,0.010204
3580.786026,0.010204
3578.165939,0.010204
3575.545852,0.010204
3572.925764,0.010204
3570.305677,0.010204
3567.685590,0.010204
3565.065502,0.010204
3562.445415,0.010204
3559.825328,0.008163
3557.205240,0.010204
3554.585153,0.010204
3551.965066,0.010204
3549.344978,0.010204
3546.724891,0.010204
3544.104803,0.010204
3541.484716,0.010204
3538.864629,0.010204
3536.244541,0.010204
3533.624454,0.010204
3531.004367,0.010204
3528.384279,0.010204
3525.764192,0.010204
3523.144105,0.010204
3520.524017,0.010204
3517.903930,0.010204
3515.283843,0.010204
3512.663755,0.010204
3510.043668,0.010204
3507.423581,0.010204
3504.803493,0.010204
3502.183406,0.010204
3499.563319,0.010204
3496.943231,0.010204
3494.323144,0.010204
3491.703057,0.010204
3489.082969,0.010204
3486.462882,0.012245
3483.842795,0.012245
3481.222707,0.012245
3478.602620,0.012245
3475.982533,0.012245
3473.362445,0.012245
3470.742358,0.012245
3468.122271,0.012245
3465.502183,0.012245
3462.882096,0.012245
3460.262009,0.012245
3457.641921,0.012245
3455.021834,0.012245
3452.401747,0.012245
3449.781659,0.012245
3447.161572,0.012245
3444.541485,0.012245
3441.921397,0.012245
3439.301310,0.012245
3436.681223,0.012245
3434.061135,0.012245
3431.441048,0.012245
3428.820961,0.012245
3426.200873,0.012245
3423.580786,0.012245
3420.960699,0.012245
3418.340611,0.012245
3415.720524,0.012245
3413.100437,0.012245
3410.480349,0.012245
3407.860262,0.014286
3405.240175,0.014286
3402.620087,0.014286
3400.000000,0.012245
3397.379913,0.012245
3394.759825,0.014286
3392.139738,0.014286
3389.519651,0.012245
3386.899563,0.012245
3384.279476,0.014286
3381.659389,0.014286
3379.039301,0.012245
3376.419214,0.012245
3373.799127,0.012245
3371.179039,0.012245
3368.558952,0.012245
3365.938865,0.012245
3363.318777,0.012245
3360.698690,0.012245
3358.078603,0.012245
3355.458515,0.012245
3352.838428,0.012245
3350.218341,0.012245
3347.598253,0.012245
3344.978166,0.012245
3342.358079,0.012245
3339.737991,0.012245
3337.117904,0.012245
3334.497817,0.012245
3331.877729,0.012245
3329.257642,0.012245
3326.637555,0.012245
3324.017467,0.012245
3321.397380,0.012245
3318.777293,0.012245
3316.157205,0.012245
3313.537118,0.012245
3310.917031,0.012245
3308.296943,0.012245
3305.676856,0.012245
3303.056769,0.012245
3300.436681,0.012245
3297.816594,0.012245
3295.196507,0.012245
3292.576419,0.012245
3289.956332,0.012245
3287.336245,0.012245
3284.716157,0.012245
3282.096070,0.012245
3279.475983,0.012245
3276.855895,0.012245
3274.235808,0.012245
3271.615721,0.012245
3268.995633,0.012245
3266.375546,0.012245
3263.755459,0.012245
3261.135371,0.012245
3258.515284,0.012245
3255.895197,0.012245
3253.275109,0.012245
3250.655022,0.012245
3248.034934,0.012245
3245.414847,0.012245
3242.794760,0.012245
3240.174672,0.012245
3237.554585,0.012245
3234.934498,0.012245
3232.314410,0.012245
3229.694323,0.012245
3227.074236,0.012245
3224.454148,0.012245
3221.834061,0.012245
3219.213974,0.012245
3216.593886,0.012245
3213.973799,0.012245
3211.353712,0.012245
3208.733624,0.012245
3206.113537,0.012245
3203.493450,0.012245
3200.873362,0.012245
3198.253275,0.012245
3195.633188,0.012245
3193.013100,0.012245
3190.393013,0.012245
3187.772926,0.012245
3185.152838,0.012245
3182.532751,0.012245
3179.912664,0.012245
3177.292576,0.012245
3174.672489,0.012245
3172.052402,0.012245
3169.432314,0.012245
3166.812227,0.012245
3164.192140,0.012245
3161.572052,0.012245
3158.951965,0.012245
3156.331878,0.012245
3153.711790,0.012245
3151.091703,0.012245
3148.471616,0.012245
3145.851528,0.012245
3143.231441,0.012245
3140.611354,0.012245
3137.991266,0.012245
3135.371179,0.012245
3132.751092,0.012245
3130.131004,0.012245
3127.510917,0.012245
3124.890830,0.012245
3122.270742,0.012245
3119.650655,0.012245
3117.030568,0.012245
3114.410480,0.012245
3111.790393,0.012245
3109.170306,0.012245
3106.550218,0.012245
3103.930131,0.014286
3101.310044,0.014286
3098.689956,0.012245
3096.069869,0.014286
3093.449782,0.014286
3090.829694,0.014286
3088.209607,0.014286
3085.589520,0.014286
3082.969432,0.014286
3080.349345,0.014286
3077.729258,0.014286
3075.109170,0.014286
3072.489083,0.014286
3069.868996,0.016327
3067.248908,0.016327
3064.628821,0.016327
3062.008734,0.016327
3059.388646,0.016327
3056.768559,0.016327
3054.148472,0.018367
3051.528384,0.018367
3048.908297,0.018367
3046.288210,0.018367
3043.668122,0.018367
3041.048035,0.020408
3038.427948,0.020408
3035.807860,0.020408
3033.187773,0.022449
3030.567686,0.022449
3027.947598,0.022449
3025.327511,0.024490
3022.707424,0.024490
3020.087336,0.026531
3017.467249,0.026531
3014.847162,0.026531
3012.227074,0.028571
3009.606987,0.030612
3006.986900,0.030612
3004.366812,0.032653
3001.746725,0.034694
2999.126638,0.036735
2996.506550,0.038776
2993.886463,0.042857
2991.266376,0.044898
2988.646288,0.051020
2986.026201,0.055102
2983.406114,0.061224
2980.786026,0.069388
2978.165939,0.081633
2975.545852,0.095918
2972.925764,0.116327
2970.305677,0.144898
2967.685590,0.181633
2965.065502,0.218367
2962.445415,0.253061
2959.825328,0.281633
2957.205240,0.297959
2954.585153,0.304082
2951.965066,0.304082
2949.344978,0.312245
2946.724891,0.344898
2944.104803,0.400000
2941.484716,0.481633
2938.864629,0.571429
2936.244541,0.663265
2933.624454,0.761224
2931.004367,0.855102
2928.384279,0.932653
2925.764192,0.987755
2923.144105,1.000000
2920.524017,1.000000
2917.903930,0.989796
2915.283843,0.916327
2912.663755,0.791837
2910.043668,0.677551
2907.423581,0.581633
2904.803493,0.510204
2902.183406,0.459184
2899.563319,0.420408
2896.943231,0.385714
2894.323144,0.355102
2891.703057,0.328571
2889.082969,0.302041
2886.462882,0.273469
2883.842795,0.251020
2881.222707,0.228571
2878.602620,0.210204
2875.982533,0.218367
2873.362445,0.238776
2870.742358,0.257143
2868.122271,0.281633
2865.502183,0.326531
2862.882096,0.393878
2860.262009,0.479592
2857.641921,0.583673
2855.021834,0.657143
2852.401747,0.669388
2849.781659,0.669388
2847.161572,0.638776
2844.541485,0.520408
2841.921397,0.387755
2839.301310,0.275510
2836.681223,0.193878
2834.061135,0.144898
2831.441048,0.114286
2828.820961,0.095918
2826.200873,0.083673
2823.580786,0.073469
2820.960699,0.065306
2818.340611,0.059184
2815.720524,0.055102
2813.100437,0.051020
2810.480349,0.046939
2807.860262,0.042857
2805.240175,0.040816
2802.620087,0.038776
2800.000000,0.036735
2797.379913,0.034694
2794.759825,0.032653
2792.139738,0.030612
2789.519651,0.030612
2786.899563,0.028571
2784.279476,0.026531
2781.659389,0.026531
2779.039301,0.024490
2776.419214,0.024490
2773.799127,0.022449
2771.179039,0.022449
2768.558952,0.022449
2765.938865,0.020408
2763.318777,0.020408
2760.698690,0.020408
2758.078603,0.020408
2755.458515,0.020408
2752.838428,0.018367
2750.218341,0.018367
2747.598253,0.018367
2744.978166,0.018367
2742.358079,0.018367
2739.737991,0.018367
2737.117904,0.018367
2734.497817,0.020408
2731.877729,0.020408
2729.257642,0.020408
2726.637555,0.020408
2724.017467,0.018367
2721.397380,0.018367
2718.777293,0.018367
2716.157205,0.018367
2713.537118,0.018367
2710.917031,0.018367
2708.296943,0.016327
2705.676856,0.016327
2703.056769,0.016327
2700.436681,0.018367
2697.816594,0.018367
2695.196507,0.018367
2692.576419,0.018367
2689.956332,0.020408
2687.336245,0.020408
2684.716157,0.020408
2682.096070,0.020408
2679.475983,0.020408
2676.855895,0.020408
2674.235808,0.020408
2671.615721,0.020408
2668.995633,0.020408
2666.375546,0.020408
2663.755459,0.018367
2661.135371,0.018367
2658.515284,0.018367
2655.895197,0.018367
2653.275109,0.018367
2650.655022,0.018367
2648.034934,0.016327
2645.414847,0.016327
2642.794760,0.016327
2640.174672,0.016327
2637.554585,0.016327
2634.934498,0.016327
2632.314410,0.016327
2629.694323,0.016327
2627.074236,0.016327
2624.454148,0.014286
2621.834061,0.014286
2619.213974,0.014286
2616.593886,0.014286
2613.973799,0.014286
2611.353712,0.014286
2608.733624,0.014286
2606.113537,0.014286
2603.493450,0.014286
2600.873362,0.014286
2598.253275,0.012245
2595.633188,0.012245
2593.013100,0.012245
2590.393013,0.012245
2587.772926,0.012245
2585.152838,0.012245
2582.532751,0.012245
2579.912664,0.012245
2577.292576,0.012245
2574.672489,0.012245
2572.052402,0.010204
2569.432314,0.010204
2566.812227,0.010204
2564.192140,0.010204
2561.572052,0.010204
2558.951965,0.010204
2556.331878,0.010204
2553.711790,0.010204
2551.091703,0.010204
2548.471616,0.010204
2545.851528,0.010204
2543.231441,0.010204
2540.611354,0.010204
2537.991266,0.010204
2535.371179,0.010204
2532.751092,0.010204
2530.131004,0.010204
2527.510917,0.010204
2524.890830,0.010204
2522.270742,0.010204
2519.650655,0.008163
2517.030568,0.008163
2514.410480,0.008163
2511.790393,0.010204
2509.170306,0.010204
2506.550218,0.008163
2503.930131,0.008163
2501.310044,0.008163
2498.689956,0.008163
2496.069869,0.008163
2493.449782,0.008163
2490.829694,0.008163
2488.209607,0.008163
2485.589520,0.008163
2482.969432,0.008163
2480.349345,0.008163
2477.729258,0.008163
2475.109170,0.008163
2472.489083,0.008163
2469.868996,0.008163
2467.248908,0.008163
2464.628821,0.008163
2462.008734,0.008163
2459.388646,0.008163
2456.768559,0.008163
2454.148472,0.008163
2451.528384,0.008163
2448.908297,0.008163
2446.288210,0.008163
2443.668122,0.008163
2441.048035,0.008163
2438.427948,0.008163
2435.807860,0.008163
2433.187773,0.008163
2430.567686,0.008163
2427.947598,0.008163
2425.327511,0.008163
2422.707424,0.008163
2420.087336,0.008163
2417.467249,0.008163
2414.847162,0.008163
2412.227074,0.008163
2409.606987,0.008163
2406.986900,0.008163
2404.366812,0.008163
2401.746725,0.008163
2399.126638,0.008163
2396.506550,0.008163
2393.886463,0.008163
2391.266376,0.008163
2388.646288,0.008163
2386.026201,0.008163
2383.406114,0.008163
2380.786026,0.008163
2378.165939,0.008163
2375.545852,0.008163
2372.925764,0.008163
2370.305677,0.008163
2367.685590,0.008163
2365.065502,0.006122
2362.445415,0.006122
2359.825328,0.004082
2357.205240,0.004082
2354.585153,0.004082
2351.965066,0.004082
2349.344978,0.004082
2346.724891,0.006122
2344.104803,0.006122
2341.484716,0.006122
2338.864629,0.006122
2336.244541,0.006122
2333.624454,0.006122
2331.004367,0.006122
2328.384279,0.006122
2325.764192,0.006122
2323.144105,0.006122
2320.524017,0.006122
2317.903930,0.006122
2315.283843,0.006122
2312.663755,0.006122
2310.043668,0.006122
2307.423581,0.008163
2304.803493,0.008163
2302.183406,0.008163
2299.563319,0.008163
2296.943231,0.008163
2294.323144,0.008163
2291.703057,0.008163
2289.082969,0.008163
2286.462882,0.008163
2283.842795,0.008163
2281.222707,0.008163
2278.602620,0.008163
2275.982533,0.008163
2273.362445,0.008163
2270.742358,0.008163
2268.122271,0.008163
2265.502183,0.008163
2262.882096,0.008163
2260.262009,0.008163
2257.641921,0.010204
2255.021834,0.010204
2252.401747,0.010204
2249.781659,0.010204
2247.161572,0.010204
2244.541485,0.008163
2241.921397,0.008163
2239.301310,0.008163
2236.681223,0.008163
2234.061135,0.008163
2231.441048,0.008163
2228.820961,0.008163
2226.200873,0.008163
2223.580786,0.008163
2220.960699,0.008163
2218.340611,0.008163
2215.720524,0.008163
2213.100437,0.008163
2210.480349,0.008163
2207.860262,0.008163
2205.240175,0.008163
2202.620087,0.008163
2200.000000,0.008163
2197.379913,0.008163
2194.759825,0.008163
2192.139738,0.008163
2189.519651,0.008163
2186.899563,0.008163
2184.279476,0.008163
2181.659389,0.008163
2179.039301,0.008163
2176.419214,0.008163
2173.799127,0.008163
2171.179039,0.008163
2168.558952,0.008163
2165.938865,0.008163
2163.318777,0.008163
2160.698690,0.008163
2158.078603,0.008163
2155.458515,0.008163
2152.838428,0.008163
2150.218341,0.008163
2147.598253,0.008163
2144.978166,0.008163
2142.358079,0.008163
2139.737991,0.008163
2137.117904,0.006122
2134.497817,0.008163
2131.877729,0.008163
2129.257642,0.008163
2126.637555,0.006122
2124.017467,0.006122
2121.397380,0.006122
2118.777293,0.006122
2116.157205,0.006122
2113.537118,0.006122
2110.917031,0.006122
2108.296943,0.006122
2105.676856,0.006122
2103.056769,0.006122
2100.436681,0.006122
2097.816594,0.006122
2095.196507,0.006122
2092.576419,0.006122
2089.956332,0.006122
2087.336245,0.006122
2084.716157,0.008163
2082.096070,0.006122
2079.475983,0.006122
2076.855895,0.006122
2074.235808,0.006122
2071.615721,0.006122
2068.995633,0.008163
2066.375546,0.008163
2063.755459,0.008163
2061.135371,0.008163
2058.515284,0.008163
2055.895197,0.008163
2053.275109,0.006122
2050.655022,0.006122
2048.034934,0.006122
2045.414847,0.008163
2042.794760,0.008163
2040.174672,0.008163
2037.554585,0.008163
2034.934498,0.008163
2032.314410,0.008163
2029.694323,0.008163
2027.074236,0.008163
2024.454148,0.008163
2021.834061,0.008163
2019.213974,0.008163
2016.593886,0.008163
2013.973799,0.008163
2011.353712,0.006122
2008.733624,0.006122
2006.113537,0.006122
2003.493450,0.006122
2000.873362,0.006122
1998.253275,0.006122
1995.633188,0.008163
1993.013100,0.008163
1990.393013,0.006122
1987.772926,0.006122
1985.152838,0.006122
1982.532751,0.006122
1979.912664,0.006122
1977.292576,0.006122
1974.672489,0.006122
1972.052402,0.006122
1969.432314,0.006122
1966.812227,0.006122
1964.192140,0.006122
1961.572052,0.006122
1958.951965,0.006122
1956.331878,0.006122
1953.711790,0.006122
1951.091703,0.006122
1948.471616,0.006122
1945.851528,0.006122
1943.231441,0.006122
1940.611354,0.006122
1937.991266,0.006122
1935.371179,0.006122
1932.751092,0.006122
1930.131004,0.006122
1927.510917,0.006122
1924.890830,0.006122
1922.270742,0.006122
1919.650655,0.006122
1917.030568,0.006122
1914.410480,0.006122
1911.790393,0.006122
1909.170306,0.006122
1906.550218,0.006122
1903.930131,0.006122
1901.310044,0.006122
1898.689956,0.006122
1896.069869,0.006122
1893.449782,0.006122
1890.829694,0.006122
1888.209607,0.006122
1885.589520,0.006122
1882.969432,0.006122
1880.349345,0.006122
1877.729258,0.006122
1875.109170,0.006122
1872.489083,0.006122
1869.868996,0.006122
1867.248908,0.006122
1864.628821,0.004082
1862.008734,0.006122
1859.388646,0.006122
1856.768559,0.006122
1854.148472,0.006122
1851.528384,0.006122
1848.908297,0.006122
1846.288210,0.006122
1843.668122,0.006122
1841.048035,0.004082
1838.427948,0.006122
1835.807860,0.006122
1833.187773,0.006122
1830.567686,0.006122
1827.947598,0.006122
1825.327511,0.004082
1822.707424,0.004082
1820.087336,0.006122
1817.467249,0.006122
1814.847162,0.006122
1812.227074,0.006122
1809.606987,0.006122
1806.986900,0.006122
1804.366812,0.006122
1801.746725,0.006122
1799.126638,0.006122
1796.506550,0.006122
1793.886463,0.006122
1791.266376,0.006122
1788.646288,0.004082
1786.026201,0.006122
1783.406114,0.006122
1780.786026,0.006122
1778.165939,0.006122
1775.545852,0.006122
1772.925764,0.006122
1770.305677,0.006122
1767.685590,0.004082
1765.065502,0.004082
1762.445415,0.006122
1759.825328,0.006122
1757.205240,0.006122
1754.585153,0.006122
1751.965066,0.006122
1749.344978,0.006122
1746.724891,0.004082
1744.104803,0.004082
1741.484716,0.006122
1738.864629,0.006122
1736.244541,0.006122
1733.624454,0.008163
1731.004367,0.006122
1728.384279,0.004082
1725.764192,0.006122
1723.144105,0.006122
1720.524017,0.006122
1717.903930,0.008163
1715.283843,0.006122
1712.663755,0.004082
1710.043668,0.006122
1707.423581,0.006122
1704.803493,0.006122
1702.183406,0.008163
1699.563319,0.008163
1696.943231,0.006122
1694.323144,0.004082
1691.703057,0.006122
1689.082969,0.006122
1686.462882,0.008163
1683.842795,0.008163
1681.222707,0.006122
1678.602620,0.006122
1675.982533,0.008163
1673.362445,0.006122
1670.742358,0.006122
1668.122271,0.006122
1665.502183,0.006122
1662.882096,0.006122
1660.262009,0.006122
1657.641921,0.008163
1655.021834,0.010204
1652.401747,0.010204
1649.781659,0.006122
1647.161572,0.006122
1644.541485,0.006122
1641.921397,0.006122
1639.301310,0.008163
1636.681223,0.008163
1634.061135,0.008163
1631.441048,0.006122
1628.820961,0.006122
1626.200873,0.006122
1623.580786,0.006122
1620.960699,0.006122
1618.340611,0.008163
1615.720524,0.008163
1613.100437,0.006122
1610.480349,0.006122
1607.860262,0.008163
1605.240175,0.006122
1602.620087,0.006122
1600.000000,0.006122
1597.379913,0.006122
1594.759825,0.006122
1592.139738,0.006122
1589.519651,0.006122
1586.899563,0.006122
1584.279476,0.006122
1581.659389,0.006122
1579.039301,0.008163
1576.419214,0.008163
1573.799127,0.006122
1571.179039,0.006122
1568.558952,0.006122
1565.938865,0.006122
1563.318777,0.008163
1560.698690,0.010204
1558.078603,0.010204
1555.458515,0.006122
1552.838428,0.006122
1550.218341,0.006122
1547.598253,0.008163
1544.978166,0.008163
1542.358079,0.008163
1539.737991,0.008163
1537.117904,0.006122
1534.497817,0.008163
1531.877729,0.008163
1529.257642,0.008163
1526.637555,0.008163
1524.017467,0.008163
1521.397380,0.008163
1518.777293,0.008163
1516.157205,0.008163
1513.537118,0.008163
1510.917031,0.010204
1508.296943,0.010204
1505.676856,0.010204
1503.056769,0.008163
1500.436681,0.012245
1497.816594,0.012245
1495.196507,0.012245
1492.576419,0.012245
1489.956332,0.014286
1487.336245,0.014286
1484.716157,0.018367
1482.096070,0.022449
1479.475983,0.026531
1476.855895,0.036735
1474.235808,0.071429
1471.615721,0.140816
1468.995633,0.185714
1466.375546,0.189796
1463.755459,0.189796
1461.135371,0.177551
1458.515284,0.161224
1455.895197,0.151020
1453.275109,0.136735
1450.655022,0.112245
1448.034934,0.095918
1445.414847,0.079592
1442.794760,0.069388
1440.174672,0.063265
1437.554585,0.057143
1434.934498,0.051020
1432.314410,0.040816
1429.694323,0.034694
1427.074236,0.026531
1424.454148,0.022449
1421.834061,0.020408
1419.213974,0.018367
1416.593886,0.016327
1413.973799,0.018367
1411.353712,0.020408
1408.733624,0.024490
1406.113537,0.028571
1403.493450,0.030612
1400.873362,0.030612
1398.253275,0.028571
1395.633188,0.026531
1393.013100,0.026531
1390.393013,0.026531
1387.772926,0.024490
1385.152838,0.026531
1382.532751,0.036735
1379.912664,0.044898
1377.292576,0.046939
1374.672489,0.046939
1372.052402,0.040816
1369.432314,0.036735
1366.812227,0.036735
1364.192140,0.034694
1361.572052,0.030612
1358.951965,0.028571
1356.331878,0.028571
1353.711790,0.030612
1351.091703,0.030612
1348.471616,0.030612
1345.851528,0.030612
1343.231441,0.028571
1340.611354,0.026531
1337.991266,0.024490
1335.371179,0.020408
1332.751092,0.016327
1330.131004,0.016327
1327.510917,0.014286
1324.890830,0.016327
1322.270742,0.016327
1319.650655,0.018367
1317.030568,0.018367
1314.410480,0.020408
1311.790393,0.022449
1309.170306,0.022449
1306.550218,0.022449
1303.930131,0.022449
1301.310044,0.022449
1298.689956,0.022449
1296.069869,0.022449
1293.449782,0.020408
1290.829694,0.020408
1288.209607,0.018367
1285.589520,0.018367
1282.969432,0.018367
1280.349345,0.018367
1277.729258,0.016327
1275.109170,0.016327
1272.489083,0.016327
1269.868996,0.016327
1267.248908,0.016327
1264.628821,0.016327
1262.008734,0.016327
1259.388646,0.016327
1256.768559,0.016327
1254.148472,0.016327
1251.528384,0.016327
1248.908297,0.016327
1246.288210,0.014286
1243.668122,0.014286
1241.048035,0.014286
1238.427948,0.014286
1235.807860,0.014286
1233.187773,0.014286
1230.567686,0.014286
1227.947598,0.014286
1225.327511,0.016327
1222.707424,0.016327
1220.087336,0.018367
1217.467249,0.018367
1214.847162,0.016327
1212.227074,0.016327
1209.606987,0.016327
1206.986900,0.016327
1204.366812,0.018367
1201.746725,0.018367
1199.126638,0.018367
1196.506550,0.020408
1193.886463,0.020408
1191.266376,0.022449
1188.646288,0.022449
1186.026201,0.024490
1183.406114,0.026531
1180.786026,0.026531
1178.165939,0.026531
1175.545852,0.026531
1172.925764,0.026531
1170.305677,0.024490
1167.685590,0.024490
1165.065502,0.024490
1162.445415,0.022449
1159.825328,0.022449
1157.205240,0.022449
1154.585153,0.020408
1151.965066,0.020408
1149.344978,0.020408
1146.724891,0.020408
1144.104803,0.018367
1141.484716,0.018367
1138.864629,0.018367
1136.244541,0.018367
1133.624454,0.018367
1131.004367,0.018367
1128.384279,0.020408
1125.764192,0.022449
1123.144105,0.024490
1120.524017,0.024490
1117.903930,0.024490
1115.283843,0.022449
1112.663755,0.022449
1110.043668,0.024490
1107.423581,0.024490
1104.803493,0.024490
1102.183406,0.024490
1099.563319,0.026531
1096.943231,0.026531
1094.323144,0.026531
1091.703057,0.028571
1089.082969,0.028571
1086.462882,0.030612
1083.842795,0.030612
1081.222707,0.030612
1078.602620,0.030612
1075.982533,0.030612
1073.362445,0.030612
1070.742358,0.030612
1068.122271,0.030612
1065.502183,0.028571
1062.882096,0.028571
1060.262009,0.028571
1057.641921,0.028571
1055.021834,0.028571
1052.401747,0.028571
1049.781659,0.028571
1047.161572,0.028571
1044.541485,0.028571
1041.921397,0.028571
1039.301310,0.026531
1036.681223,0.026531
1034.061135,0.026531
1031.441048,0.026531
1028.820961,0.024490
1026.200873,0.024490
1023.580786,0.024490
1020.960699,0.024490
1018.340611,0.024490
1015.720524,0.024490
1013.100437,0.024490
1010.480349,0.026531
1007.860262,0.026531
1005.240175,0.026531
1002.620087,0.026531
1000.000000,0.026531
997.379913,0.026531
994.759825,0.024490
992.139738,0.024490
989.519651,0.022449
986.899563,0.020408
984.279476,0.020408
981.659389,0.018367
979.039301,0.018367
976.419214,0.018367
973.799127,0.016327
971.179039,0.016327
968.558952,0.016327
965.938865,0.016327
963.318777,0.016327
960.698690,0.016327
958.078603,0.014286
955.458515,0.014286
952.838428,0.014286
950.218341,0.014286
947.598253,0.014286
944.978166,0.012245
942.358079,0.012245
939.737991,0.012245
937.117904,0.012245
934.497817,0.014286
931.877729,0.014286
929.257642,0.014286
926.637555,0.014286
924.017467,0.014286
921.397380,0.014286
918.777293,0.014286
916.157205,0.014286
913.537118,0.014286
910.917031,0.014286
908.296943,0.014286
905.676856,0.014286
903.056769,0.014286
900.436681,0.014286
897.816594,0.014286
895.196507,0.014286
892.576419,0.016327
889.956332,0.016327
887.336245,0.016327
884.716157,0.016327
882.096070,0.016327
879.475983,0.016327
876.855895,0.016327
874.235808,0.016327
871.615721,0.016327
868.995633,0.016327
866.375546,0.018367
863.755459,0.018367
861.135371,0.018367
858.515284,0.018367
855.895197,0.018367
853.275109,0.018367
850.655022,0.018367
848.034934,0.018367
845.414847,0.020408
842.794760,0.020408
840.174672,0.020408
837.554585,0.020408
834.934498,0.020408
832.314410,0.020408
829.694323,0.020408
827.074236,0.020408
824.454148,0.020408
821.834061,0.020408
819.213974,0.020408
816.593886,0.020408
813.973799,0.020408
811.353712,0.020408
808.733624,0.024490
806.113537,0.028571
803.493450,0.032653
800.873362,0.036735
798.253275,0.036735
795.633188,0.034694
793.013100,0.030612
790.393013,0.034694
787.772926,0.038776
785.152838,0.046939
782.532751,0.057143
779.912664,0.071429
777.292576,0.087755
774.672489,0.104082
772.052402,0.124490
769.432314,0.140816
766.812227,0.144898
764.192140,0.142857
761.572052,0.138776
758.951965,0.122449
756.331878,0.104082
753.711790,0.089796
751.091703,0.081633
748.471616,0.075510
745.851528,0.069388
743.231441,0.065306
740.611354,0.065306
737.991266,0.065306
735.371179,0.069388
732.751092,0.073469
730.131004,0.081633
727.510917,0.091837
724.890830,0.102041
722.270742,0.106122
719.650655,0.106122
717.030568,0.102041
714.410480,0.089796
711.790393,0.079592
709.170306,0.081633
706.550218,0.089796
703.930131,0.102041
701.310044,0.128571
698.689956,0.175510
696.069869,0.226531
693.449782,0.236735
690.829694,0.236735
688.209607,0.224490
685.589520,0.173469
682.969432,0.122449
680.349345,0.085714
677.729258,0.065306
675.109170,0.057143
672.489083,0.053061
669.868996,0.051020
667.248908,0.048980
664.628821,0.048980
662.008734,0.051020
659.388646,0.053061
656.768559,0.055102
654.148472,0.057143
651.528384,0.059184
648.908297,0.061224
646.288210,0.063265
643.668122,0.067347
641.048035,0.073469
638.427948,0.075510
635.807860,0.077551
633.187773,0.083673
630.567686,0.089796
627.947598,0.093878
625.327511,0.097959
622.707424,0.108163
620.087336,0.118367
617.467249,0.130612
614.847162,0.138776
612.227074,0.148980
609.606987,0.161224
606.986900,0.191837
604.366812,0.236735
601.746725,0.293878
599.126638,0.295918
596.506550,0.293878
593.886463,0.287755
591.266376,0.275510
588.646288,0.255102
586.026201,0.226531
583.406114,0.193878
580.786026,0.161224
578.165939,0.128571
575.545852,0.097959
572.925764,0.073469
570.305677,0.053061
567.685590,0.036735
565.065502,0.024490
562.445415,0.016327
559.825328,0.010204
557.205240,0.006122
554.585153,0.004082
551.965066,0.004082
549.344978,0.004082
546.724891,0.002041
544.104803,0.002041
541.484716,0.002041
538.864629,0.002041
536.244541,0.002041
533.624454,0.002041
531.004367,0.002041
528.384279,0.002041
525.764192,0.002041
523.144105,0.002041
520.524017,0.002041
517.903930,0.002041
515.283843,0.002041
512.663755,0.002041
510.043668,0.002041
507.423581,0.002041
504.803493,0.002041
502.183406,0.002041
499.563319,0.002041
496.943231,0.002041
494.323144,0.002041
491.703057,0.002041
489.082969,0.002041
486.462882,0.002041
483.842795,0.002041
481.222707,0.002041
478.602620,0.002041
475.982533,0.002041
473.362445,0.002041
470.742358,0.002041
468.122271,0.002041
465.502183,0.002041
462.882096,0.002041
460.262009,0.002041
457.641921,0.002041
455.021834,0.002041
452.401747,0.002041
449.781659,0.002041
447.161572,nan
444.541485,nan
441.921397,nan
439.301310,nan
436.681223,nan
434.061135,nan
431.441048,nan
428.820961,nan
426.200873,nan
423.580786,nan
420.960699,nan
418.340611,nan
415.720524,nan
413.100437,nan
410.480349,nan
407.860262,nan
405.240175,nan
402.620087,nan
400.000000,nan
