4000.000000,0.004082
3997.379913,0.004082
3994.759825,0.004082
3992.139738,0.004082
3989.519651,0.004082
3986.899563,0.004082
3984.279476,0.004082
3981.659389,0.004082
3979.039301,0.004082
3976.419214,0.004082
3973.799127,0.004082
3971.179039,0.004082
3968.558952,0.004082
3965.938865,0.004082
3963.318777,0.004082
3960.698690,0.004082
3958.078603,0.004082
3955.458515,0.004082
3952.838428,0.004082
3950.218341,0.004082
3947.598253,0.004082
3944.978166,0.004082
3942.358079,0.004082
3939.737991,0.004082
3937.117904,0.004082
3934.497817,0.004082
3931.877729,0.004082
3929.257642,0.004082
3926.637555,0.004082
3924.017467,0.004082
3921.397380,0.004082
3918.777293,0.004082
3916.157205,0.004082
3913.537118,0.004082
3910.917031,0.004082
3908.296943,0.004082
3905.676856,0.004082
3903.056769,0.004082
3900.436681,0.004082
3897.816594,0.004082
3895.196507,0.004082
3892.576419,0.004082
3889.956332,0.004082
3887.336245,0.004082
3884.716157,0.004082
3882.096070,0.004082
3879.475983,0.004082
3876.855895,0.004082
3874.235808,0.004082
3871.615721,0.004082
3868.995633,0.004082
3866.375546,0.004082
3863.755459,0.004082
3861.135371,0.004082
3858.515284,0.002041
3855.895197,0.004082
3853.275109,0.004082
3850.655022,0.004082
3848.034934,0.004082
3845.414847,0.002041
3842.794760,0.004082
3840.174672,0.004082
3837.554585,0.004082
3834.934498,0.004082
3832.314410,0.004082
3829.694323,0.004082
3827.074236,0.004082
3824.454148,0.004082
3821.834061,0.004082
3819.213974,0.004082
3816.593886,0.004082
3813.973799,0.004082
3811.353712,0.004082
3808.733624,0.004082
3806.113537,0.004082
3803.493450,0.004082
3800.873362,0.004082
3798.253275,0.004082
3795.633188,0.004082
3793.013100,0.004082
3790.393013,0.004082
3787.772926,0.004082
3785.152838,0.004082
3782.532751,0.004082
3779.912664,0.004082
3777.292576,0.004082
3774.672489,0.004082
3772.052402,0.004082
3769.432314,0.004082
3766.812227,0.004082
3764.192140,0.004082
3761.572052,0.004082
3758.951965,0.004082
3756.331878,0.004082
3753.711790,0.004082
3751.091703,0.004082
3748.471616,0.004082
3745.851528,0.004082
3743.231441,0.004082
3740.611354,0.004082
3737.991266,0.004082
3735.371179,0.004082
3732.751092,0.004082
3730.131004,0.004082
3727.510917,0.004082
3724.890830,0.004082
3722.270742,0.004082
3719.650655,0.004082
3717.030568,0.004082
3714.410480,0.004082
3711.790393,0.004082
3709.170306,0.004082
3706.550218,0.004082
3703.930131,0.004082
3701.310044,0.004082
3698.689956,0.004082
3696.069869,0.004082
3693.449782,0.004082
3690.829694,0.004082
3688.209607,0.004082
3685.589520,0.004082
3682.969432,0.004082
3680.349345,0.004082
3677.729258,0.004082
3675.109170,0.004082
3672.489083,0.004082
3669.868996,0.004082
3667.248908,0.004082
3664.628821,0.004082
3662.008734,0.004082
3659.388646,0.004082
3656.768559,0.004082
3654.148472,0.004082
3651.528384,0.004082
3648.908297,0.004082
3646.288210,0.004082
3643.668122,0.004082
3641.048035,0.004082
3638.427948,0.004082
3635.807860,0.004082
3633.187773,0.004082
3630.567686,0.004082
3627.947598,0.004082
3625.327511,0.004082
3622.707424,0.004082
3620.087336,0.004082
3617.467249,0.004082
3614.847162,0.004082
3612.227074,0.004082
3609.606987,0.004082
3606.986900,0.004082
3604.366812,0.004082
3601.746725,0.004082
3599.126638,0.004082
3596.506550,0.004082
3593.886463,0.004082
3591.266376,0.004082
3588.646288,0.004082
3586.026201,0.004082
3583.406114,0.004082
3580.786026,0.004082
3578.165939,0.004082
3575.545852,0.004082
3572.925764,0.004082
3570.305677,0.004082
3567.685590,0.004082
3565.065502,0.004082
3562.445415,0.004082
3559.825328,0.004082
3557.205240,0.004082
3554.585153,0.004082
3551.965066,0.004082
3549.344978,0.004082
3546.724891,0.004082
3544.104803,0.004082
3541.484716,0.004082
3538.864629,0.004082
3536.244541,0.004082
3533.624454,0.004082
3531.004367,0.004082
3528.384279,0.004082
3525.764192,0.004082
3523.144105,0.004082
3520.524017,0.006122
3517.903930,0.006122
3515.283843,0.006122
3512.663755,0.004082
3510.043668,0.004082
3507.423581,0.006122
3504.803493,0.006122
3502.183406,0.006122
3499.563319,0.006122
3496.943231,0.006122
3494.323144,0.006122
3491.703057,0.006122
3489.082969,0.006122
3486.462882,0.006122
3483.842795,0.006122
3481.222707,0.006122
3478.602620,0.006122
3475.982533,0.006122
3473.362445,0.006122
3470.742358,0.006122
3468.122271,0.006122
3465.502183,0.006122
3462.882096,0.006122
3460.262009,0.006122
3457.641921,0.006122
3455.021834,0.006122
3452.401747,0.006122
3449.781659,0.008163
3447.161572,0.008163
3444.541485,0.008163
3441.921397,0.008163
3439.301310,0.008163
3436.681223,0.008163
3434.061135,0.008163
3431.441048,0.008163
3428.820961,0.008163
3426.200873,0.008163
3423.580786,0.008163
3420.960699,0.008163
3418.340611,0.008163
3415.720524,0.008163
3413.100437,0.008163
3410.480349,0.010204
3407.860262,0.010204
3405.240175,0.010204
3402.620087,0.010204
3400.000000,0.008163
3397.379913,0.010204
3394.759825,0.010204
3392.139738,0.010204
3389.519651,0.010204
3386.899563,0.010204
3384.279476,0.010204
3381.659389,0.010204
3379.039301,0.010204
3376.419214,0.010204
3373.799127,0.010204
3371.179039,0.010204
3368.558952,0.010204
3365.938865,0.010204
3363.318777,0.010204
3360.698690,0.010204
3358.078603,0.010204
3355.458515,0.010204
3352.838428,0.010204
3350.218341,0.010204
3347.598253,0.012245
3344.978166,0.012245
3342.358079,0.012245
3339.737991,0.012245
3337.117904,0.012245
3334.497817,0.012245
3331.877729,0.012245
3329.257642,0.012245
3326.637555,0.012245
3324.017467,0.012245
3321.397380,0.012245
3318.777293,0.012245
3316.157205,0.012245
3313.537118,0.012245
3310.917031,0.012245
3308.296943,0.012245
3305.676856,0.012245
3303.056769,0.014286
3300.436681,0.014286
3297.816594,0.014286
3295.196507,0.014286
3292.576419,0.014286
3289.956332,0.014286
3287.336245,0.014286
3284.716157,0.014286
3282.096070,0.014286
3279.475983,0.014286
3276.855895,0.014286
3274.235808,0.014286
3271.615721,0.014286
3268.995633,0.016327
3266.375546,0.016327
3263.755459,0.016327
3261.135371,0.016327
3258.515284,0.016327
3255.895197,0.016327
3253.275109,0.016327
3250.655022,0.016327
3248.034934,0.016327
3245.414847,0.018367
3242.794760,0.018367
3240.174672,0.018367
3237.554585,0.018367
3234.934498,0.018367
3232.314410,0.018367
3229.694323,0.018367
3227.074236,0.018367
3224.454148,0.020408
3221.834061,0.020408
3219.213974,0.020408
3216.593886,0.020408
3213.973799,0.020408
3211.353712,0.020408
3208.733624,0.022449
3206.113537,0.022449
3203.493450,0.022449
3200.873362,0.022449
3198.253275,0.022449
3195.633188,0.022449
3193.013100,0.022449
3190.393013,0.024490
3187.772926,0.024490
3185.152838,0.024490
3182.532751,0.024490
3179.912664,0.024490
3177.292576,0.024490
3174.672489,0.024490
3172.052402,0.026531
3169.432314,0.026531
3166.812227,0.026531
3164.192140,0.026531
3161.572052,0.026531
3158.951965,0.026531
3156.331878,0.026531
3153.711790,0.026531
3151.091703,0.028571
3148.471616,0.028571
3145.851528,0.028571
3143.231441,0.028571
3140.611354,0.028571
3137.991266,0.028571
3135.371179,0.028571
3132.751092,0.028571
3130.131004,0.030612
3127.510917,0.030612
3124.890830,0.030612
3122.270742,0.030612
3119.650655,0.030612
3117.030568,0.030612
3114.410480,0.030612
3111.790393,0.032653
3109.170306,0.032653
3106.550218,0.032653
3103.930131,0.032653
3101.310044,0.032653
3098.689956,0.032653
3096.069869,0.034694
3093.449782,0.034694
3090.829694,0.034694
3088.209607,0.034694
3085.589520,0.034694
3082.969432,0.034694
3080.349345,0.036735
3077.729258,0.036735
3075.109170,0.036735
3072.489083,0.036735
3069.868996,0.036735
3067.248908,0.038776
3064.628821,0.038776
3062.008734,0.038776
3059.388646,0.038776
3056.768559,0.040816
3054.148472,0.040816
3051.528384,0.040816
3048.908297,0.040816
3046.288210,0.040816
3043.668122,0.042857
3041.048035,0.042857
3038.427948,0.042857
3035.807860,0.042857
3033.187773,0.044898
3030.567686,0.044898
3027.947598,0.044898
3025.327511,0.044898
3022.707424,0.046939
3020.087336,0.046939
3017.467249,0.046939
3014.847162,0.048980
3012.227074,0.048980
3009.606987,0.051020
3006.986900,0.051020
3004.366812,0.053061
3001.746725,0.055102
2999.126638,0.057143
2996.506550,0.059184
2993.886463,0.063265
2991.266376,0.067347
2988.646288,0.071429
2986.026201,0.079592
2983.406114,0.087755
2980.786026,0.097959
2978.165939,0.112245
2975.545852,0.128571
2972.925764,0.148980
2970.305677,0.173469
2967.685590,0.202041
2965.065502,0.226531
2962.445415,0.246939
2959.825328,0.257143
2957.205240,0.259184
2954.585153,0.259184
2951.965066,0.253061
2949.344978,0.240816
2946.724891,0.232653
2944.104803,0.257143
2941.484716,0.295918
2938.864629,0.344898
2936.244541,0.395918
2933.624454,0.448980
2931.004367,0.485714
2928.384279,0.504082
2925.764192,0.504082
2923.144105,0.504082
2920.524017,0.489796
2917.903930,0.453061
2915.283843,0.402041
2912.663755,0.348980
2910.043668,0.306122
2907.423581,0.273469
2904.803493,0.246939
2902.183406,0.228571
2899.563319,0.212245
2896.943231,0.197959
2894.323144,0.187755
2891.703057,0.175510
2889.082969,0.167347
2886.462882,0.157143
2883.842795,0.151020
2881.222707,0.157143
2878.602620,0.169388
2875.982533,0.183673
2873.362445,0.187755
2870.742358,0.191837
2868.122271,0.204082
2865.502183,0.226531
2862.882096,0.253061
2860.262009,0.277551
2857.641921,0.285714
2855.021834,0.285714
2852.401747,0.285714
2849.781659,0.273469
2847.161572,0.244898
2844.541485,0.204082
2841.921397,0.167347
2839.301310,0.138776
2836.681223,0.118367
2834.061135,0.106122
2831.441048,0.095918
2828.820961,0.085714
2826.200873,0.081633
2823.580786,0.075510
2820.960699,0.073469
2818.340611,0.069388
2815.720524,0.069388
2813.100437,0.067347
2810.480349,0.065306
2807.860262,0.065306
2805.240175,0.065306
2802.620087,0.065306
2800.000000,0.063265
2797.379913,0.063265
2794.759825,0.063265
2792.139738,0.063265
2789.519651,0.061224
2786.899563,0.061224
2784.279476,0.061224
2781.659389,0.059184
2779.039301,0.057143
2776.419214,0.057143
2773.799127,0.055102
2771.179039,0.055102
2768.558952,0.055102
2765.938865,0.055102
2763.318777,0.053061
2760.698690,0.053061
2758.078603,0.053061
2755.458515,0.053061
2752.838428,0.053061
2750.218341,0.053061
2747.598253,0.053061
2744.978166,0.053061
2742.358079,0.053061
2739.737991,0.053061
2737.117904,0.053061
2734.497817,0.053061
2731.877729,0.053061
2729.257642,0.053061
2726.637555,0.053061
2724.017467,0.053061
2721.397380,0.053061
2718.777293,0.053061
2716.157205,0.053061
2713.537118,0.053061
2710.917031,0.053061
2708.296943,0.053061
2705.676856,0.051020
2703.056769,0.051020
2700.436681,0.051020
2697.816594,0.051020
2695.196507,0.051020
2692.576419,0.051020
2689.956332,0.051020
2687.336245,0.051020
2684.716157,0.053061
2682.096070,0.053061
2679.475983,0.053061
2676.855895,0.053061
2674.235808,0.053061
2671.615721,0.053061
2668.995633,0.053061
2666.375546,0.053061
2663.755459,0.053061
2661.135371,0.051020
2658.515284,0.051020
2655.895197,0.051020
2653.275109,0.051020
2650.655022,0.051020
2648.034934,0.051020
2645.414847,0.051020
2642.794760,0.051020
2640.174672,0.051020
2637.554585,0.051020
2634.934498,0.051020
2632.314410,0.051020
2629.694323,0.051020
2627.074236,0.051020
2624.454148,0.051020
2621.834061,0.048980
2619.213974,0.048980
2616.593886,0.048980
2613.973799,0.048980
2611.353712,0.048980
2608.733624,0.048980
2606.113537,0.046939
2603.493450,0.046939
2600.873362,0.046939
2598.253275,0.046939
2595.633188,0.046939
2593.013100,0.046939
2590.393013,0.046939
2587.772926,0.044898
2585.152838,0.044898
2582.532751,0.044898
2579.912664,0.044898
2577.292576,0.044898
2574.672489,0.044898
2572.052402,0.044898
2569.432314,0.044898
2566.812227,0.044898
2564.192140,0.042857
2561.572052,0.042857
2558.951965,0.042857
2556.331878,0.042857
2553.711790,0.042857
2551.091703,0.042857
2548.471616,0.042857
2545.851528,0.042857
2543.231441,0.042857
2540.611354,0.040816
2537.991266,0.040816
2535.371179,0.040816
2532.751092,0.040816
2530.131004,0.040816
2527.510917,0.040816
2524.890830,0.040816
2522.270742,0.040816
2519.650655,0.038776
2517.030568,0.038776
2514.410480,0.038776
2511.790393,0.038776
2509.170306,0.038776
2506.550218,0.038776
2503.930131,0.038776
2501.310044,0.036735
2498.689956,0.036735
2496.069869,0.036735
2493.449782,0.036735
2490.829694,0.036735
2488.209607,0.036735
2485.589520,0.036735
2482.969432,0.036735
2480.349345,0.036735
2477.729258,0.036735
2475.109170,0.034694
2472.489083,0.034694
2469.868996,0.034694
2467.248908,0.034694
2464.628821,0.034694
2462.008734,0.034694
2459.388646,0.034694
2456.768559,0.034694
2454.148472,0.034694
2451.528384,0.034694
2448.908297,0.034694
2446.288210,0.034694
2443.668122,0.034694
2441.048035,0.032653
2438.427948,0.032653
2435.807860,0.032653
2433.187773,0.032653
2430.567686,0.032653
2427.947598,0.032653
2425.327511,0.032653
2422.707424,0.032653
2420.087336,0.032653
2417.467249,0.032653
2414.847162,0.032653
2412.227074,0.032653
2409.606987,0.032653
2406.986900,0.030612
2404.366812,0.030612
2401.746725,0.030612
2399.126638,0.030612
2396.506550,0.030612
2393.886463,0.030612
2391.266376,0.030612
2388.646288,0.030612
2386.026201,0.030612
2383.406114,0.030612
2380.786026,0.030612
2378.165939,0.030612
2375.545852,0.030612
2372.925764,0.030612
2370.305677,0.030612
2367.685590,0.028571
2365.065502,0.028571
2362.445415,0.028571
2359.825328,0.028571
2357.205240,0.028571
2354.585153,0.028571
2351.965066,0.028571
2349.344978,0.028571
2346.724891,0.028571
2344.104803,0.028571
2341.484716,0.028571
2338.864629,0.028571
2336.244541,0.028571
2333.624454,0.028571
2331.004367,0.028571
2328.384279,0.026531
2325.764192,0.026531
2323.144105,0.026531
2320.524017,0.026531
2317.903930,0.026531
2315.283843,0.026531
2312.663755,0.026531
2310.043668,0.026531
2307.423581,0.026531
2304.803493,0.028571
2302.183406,0.028571
2299.563319,0.028571
2296.943231,0.028571
2294.323144,0.028571
2291.703057,0.028571
2289.082969,0.028571
2286.462882,0.028571
2283.842795,0.030612
2281.222707,0.030612
2278.602620,0.030612
2275.982533,0.030612
2273.362445,0.030612
2270.742358,0.032653
2268.122271,0.032653
2265.502183,0.032653
2262.882096,0.032653
2260.262009,0.032653
2257.641921,0.032653
2255.021834,0.032653
2252.401747,0.034694
2249.781659,0.034694
2247.161572,0.034694
2244.541485,0.034694
2241.921397,0.034694
2239.301310,0.034694
2236.681223,0.034694
2234.061135,0.036735
2231.441048,0.036735
2228.820961,0.036735
2226.200873,0.036735
2223.580786,0.036735
2220.960699,0.036735
2218.340611,0.036735
2215.720524,0.036735
2213.100437,0.036735
2210.480349,0.036735
2207.860262,0.036735
2205.240175,0.036735
2202.620087,0.036735
2200.000000,0.036735
2197.379913,0.036735
2194.759825,0.036735
2192.139738,0.036735
2189.519651,0.034694
2186.899563,0.034694
2184.279476,0.034694
2181.659389,0.034694
2179.039301,0.034694
2176.419214,0.034694
2173.799127,0.034694
2171.179039,0.032653
2168.558952,0.032653
2165.938865,0.032653
2163.318777,0.032653
2160.698690,0.032653
2158.078603,0.032653
2155.458515,0.030612
2152.838428,0.030612
2150.218341,0.030612
2147.598253,0.030612
2144.978166,0.030612
2142.358079,0.028571
2139.737991,0.028571
2137.117904,0.028571
2134.497817,0.028571
2131.877729,0.028571
2129.257642,0.028571
2126.637555,0.026531
2124.017467,0.026531
2121.397380,0.026531
2118.777293,0.026531
2116.157205,0.026531
2113.537118,0.024490
2110.917031,0.024490
2108.296943,0.024490
2105.676856,0.024490
2103.056769,0.024490
2100.436681,0.022449
2097.816594,0.022449
2095.196507,0.022449
2092.576419,0.022449
2089.956332,0.022449
2087.336245,0.022449
2084.716157,0.020408
2082.096070,0.020408
2079.475983,0.020408
2076.855895,0.020408
2074.235808,0.020408
2071.615721,0.020408
2068.995633,0.020408
2066.375546,0.018367
2063.755459,0.018367
2061.135371,0.018367
2058.515284,0.018367
2055.895197,0.018367
2053.275109,0.018367
2050.655022,0.018367
2048.034934,0.018367
2045.414847,0.018367
2042.794760,0.018367
2040.174672,0.018367
2037.554585,0.016327
2034.934498,0.016327
2032.314410,0.016327
2029.694323,0.016327
2027.074236,0.016327
2024.454148,0.016327
2021.834061,0.016327
2019.213974,0.016327
2016.593886,0.016327
2013.973799,0.016327
2011.353712,0.016327
2008.733624,0.016327
2006.113537,0.016327
2003.493450,0.016327
2000.873362,0.016327
1998.253275,0.014286
1995.633188,0.014286
1993.013100,0.014286
1990.393013,0.014286
1987.772926,0.014286
1985.152838,0.016327
1982.532751,0.016327
1979.912664,0.016327
1977.292576,0.016327
1974.672489,0.016327
1972.052402,0.016327
1969.432314,0.016327
1966.812227,0.016327
1964.192140,0.016327
1961.572052,0.016327
1958.951965,0.016327
1956.331878,0.014286
1953.711790,0.014286
1951.091703,0.014286
1948.471616,0.014286
1945.851528,0.014286
1943.231441,0.014286
1940.611354,0.014286
1937.991266,0.014286
1935.371179,0.014286
1932.751092,0.014286
1930.131004,0.014286
1927.510917,0.014286
1924.890830,0.014286
1922.270742,0.014286
1919.650655,0.014286
1917.030568,0.012245
1914.410480,0.012245
1911.790393,0.014286
1909.170306,0.014286
1906.550218,0.014286
1903.930131,0.014286
1901.310044,0.014286
1898.689956,0.014286
1896.069869,0.014286
1893.449782,0.014286
1890.829694,0.014286
1888.209607,0.014286
1885.589520,0.014286
1882.969432,0.014286
1880.349345,0.014286
1877.729258,0.014286
1875.109170,0.012245
1872.489083,0.012245
1869.868996,0.012245
1867.248908,0.012245
1864.628821,0.012245
1862.008734,0.012245
1859.388646,0.012245
1856.768559,0.012245
1854.148472,0.012245
1851.528384,0.012245
1848.908297,0.012245
1846.288210,0.012245
1843.668122,0.012245
1841.048035,0.012245
1838.427948,0.012245
1835.807860,0.012245
1833.187773,0.012245
1830.567686,0.012245
1827.947598,0.012245
1825.327511,0.012245
1822.707424,0.012245
1820.087336,0.012245
1817.467249,0.012245
1814.847162,0.012245
1812.227074,0.012245
1809.606987,0.012245
1806.986900,0.012245
1804.366812,0.012245
1801.746725,0.012245
1799.126638,0.012245
1796.506550,0.012245
1793.886463,0.012245
1791.266376,0.012245
1788.646288,0.012245
1786.026201,0.012245
1783.406114,0.012245
1780.786026,0.012245
1778.165939,0.012245
1775.545852,0.012245
1772.925764,0.012245
1770.305677,0.012245
1767.685590,0.012245
1765.065502,0.012245
1762.445415,0.012245
1759.825328,0.012245
1757.205240,0.012245
1754.585153,0.012245
1751.965066,0.012245
1749.344978,0.012245
1746.724891,0.012245
1744.104803,0.012245
1741.484716,0.012245
1738.864629,0.012245
1736.244541,0.012245
1733.624454,0.012245
1731.004367,0.012245
1728.384279,0.012245
1725.764192,0.012245
1723.144105,0.012245
1720.524017,0.012245
1717.903930,0.012245
1715.283843,0.012245
1712.663755,0.010204
1710.043668,0.012245
1707.423581,0.012245
1704.803493,0.012245
1702.183406,0.012245
1699.563319,0.012245
1696.943231,0.012245
1694.323144,0.012245
1691.703057,0.012245
1689.082969,0.012245
1686.462882,0.012245
1683.842795,0.012245
1681.222707,0.012245
1678.602620,0.014286
1675.982533,0.014286
1673.362445,0.014286
1670.742358,0.014286
1668.122271,0.014286
1665.502183,0.014286
1662.882096,0.014286
1660.262009,0.014286
1657.641921,0.014286
1655.021834,0.014286
1652.401747,0.014286
1649.781659,0.014286
1647.161572,0.014286
1644.541485,0.014286
1641.921397,0.014286
1639.301310,0.014286
1636.681223,0.014286
1634.061135,0.014286
1631.441048,0.014286
1628.820961,0.014286
1626.200873,0.014286
1623.580786,0.014286
1620.960699,0.012245
1618.340611,0.012245
1615.720524,0.012245
1613.100437,0.012245
1610.480349,0.012245
1607.860262,0.012245
1605.240175,0.012245
1602.620087,0.012245
1600.000000,0.012245
1597.379913,0.012245
1594.759825,0.012245
1592.139738,0.012245
1589.519651,0.012245
1586.899563,0.012245
1584.279476,0.010204
1581.659389,0.010204
1579.039301,0.010204
1576.419214,0.010204
1573.799127,0.010204
1571.179039,0.010204
1568.558952,0.010204
1565.938865,0.010204
1563.318777,0.010204
1560.698690,0.010204
1558.078603,0.008163
1555.458515,0.008163
1552.838428,0.008163
1550.218341,0.010204
1547.598253,0.010204
1544.978166,0.010204
1542.358079,0.010204
1539.737991,0.010204
1537.117904,0.010204
1534.497817,0.010204
1531.877729,0.010204
1529.257642,0.010204
1526.637555,0.010204
1524.017467,0.010204
1521.397380,0.010204
1518.777293,0.010204
1516.157205,0.012245
1513.537118,0.012245
1510.917031,0.012245
1508.296943,0.012245
1505.676856,0.012245
1503.056769,0.012245
1500.436681,0.014286
1497.816594,0.014286
1495.196507,0.014286
1492.576419,0.014286
1489.956332,0.016327
1487.336245,0.018367
1484.716157,0.018367
1482.096070,0.022449
1479.475983,0.026531
1476.855895,0.034694
1474.235808,0.051020
1471.615721,0.075510
1468.995633,0.085714
1466.375546,0.087755
1463.755459,0.085714
1461.135371,0.083673
1458.515284,0.083673
1455.895197,0.081633
1453.275109,0.075510
1450.655022,0.067347
1448.034934,0.061224
1445.414847,0.057143
1442.794760,0.053061
1440.174672,0.051020
1437.554585,0.048980
1434.934498,0.046939
1432.314410,0.046939
1429.694323,0.048980
1427.074236,0.053061
1424.454148,0.059184
1421.834061,0.067347
1419.213974,0.081633
1416.593886,0.104082
1413.973799,0.134694
1411.353712,0.171429
1408.733624,0.216327
1406.113537,0.273469
1403.493450,0.334694
1400.873362,0.395918
1398.253275,0.448980
1395.633188,0.467347
1393.013100,0.469388
1390.393013,0.465306
1387.772926,0.440816
1385.152838,0.383673
1382.532751,0.312245
1379.912664,0.246939
1377.292576,0.193878
1374.672489,0.155102
1372.052402,0.124490
1369.432314,0.102041
1366.812227,0.081633
1364.192140,0.069388
1361.572052,0.059184
1358.951965,0.051020
1356.331878,0.048980
1353.711790,0.051020
1351.091703,0.053061
1348.471616,0.059184
1345.851528,0.063265
1343.231441,0.067347
1340.611354,0.071429
1337.991266,0.075510
1335.371179,0.077551
1332.751092,0.081633
1330.131004,0.087755
1327.510917,0.095918
1324.890830,0.104082
1322.270742,0.112245
1319.650655,0.122449
1317.030568,0.134694
1314.410480,0.146939
1311.790393,0.157143
1309.170306,0.169388
1306.550218,0.181633
1303.930131,0.195918
1301.310044,0.206122
1298.689956,0.220408
1296.069869,0.234694
1293.449782,0.251020
1290.829694,0.263265
1288.209607,0.273469
1285.589520,0.281633
1282.969432,0.293878
1280.349345,0.314286
1277.729258,0.340816
1275.109170,0.377551
1272.489083,0.424490
1269.868996,0.469388
1267.248908,0.516327
1264.628821,0.557143
1262.008734,0.561224
1259.388646,0.561224
1256.768559,0.540816
1254.148472,0.526531
1251.528384,0.567347
1248.908297,0.595918
1246.288210,0.595918
1243.668122,0.589796
1241.048035,0.510204
1238.427948,0.418367
1235.807860,0.373469
1233.187773,0.385714
1230.567686,0.420408
1227.947598,0.469388
1225.327511,0.538776
1222.707424,0.628571
1220.087336,0.732653
1217.467249,0.834694
1214.847162,0.924490
1212.227074,0.983673
1209.606987,1.000000
1206.986900,1.000000
1204.366812,0.995918
1201.746725,0.955102
1199.126638,0.867347
1196.506550,0.763265
1193.886463,0.653061
1191.266376,0.548980
1188.646288,0.475510
1186.026201,0.422449
1183.406114,0.381633
1180.786026,0.351020
1178.165939,0.326531
1175.545852,0.306122
1172.925764,0.287755
1170.305677,0.281633
1167.685590,0.308163
1165.065502,0.363265
1162.445415,0.453061
1159.825328,0.534694
1157.205240,0.555102
1154.585153,0.553061
1151.965066,0.536735
1149.344978,0.434694
1146.724891,0.318367
1144.104803,0.228571
1141.484716,0.167347
1138.864629,0.132653
1136.244541,0.112245
1133.624454,0.097959
1131.004367,0.087755
1128.384279,0.081633
1125.764192,0.075510
1123.144105,0.075510
1120.524017,0.079592
1117.903930,0.083673
1115.283843,0.087755
1112.663755,0.089796
1110.043668,0.091837
1107.423581,0.093878
1104.803493,0.093878
1102.183406,0.093878
1099.563319,0.097959
1096.943231,0.100000
1094.323144,0.104082
1091.703057,0.108163
1089.082969,0.110204
1086.462882,0.112245
1083.842795,0.112245
1081.222707,0.112245
1078.602620,0.112245
1075.982533,0.108163
1073.362445,0.106122
1070.742358,0.102041
1068.122271,0.097959
1065.502183,0.095918
1062.882096,0.093878
1060.262009,0.091837
1057.641921,0.091837
1055.021834,0.093878
1052.401747,0.097959
1049.781659,0.106122
1047.161572,0.122449
1044.541485,0.159184
1041.921397,0.214286
1039.301310,0.275510
1036.681223,0.330612
1034.061135,0.355102
1031.441048,0.357143
1028.820961,0.355102
1026.200873,0.344898
1023.580786,0.312245
1020.960699,0.265306
1018.340611,0.228571
1015.720524,0.202041
1013.100437,0.181633
1010.480349,0.163265
1007.860262,0.148980
1005.240175,0.140816
1002.620087,0.136735
1000.000000,0.138776
997.379913,0.144898
994.759825,0.155102
992.139738,0.169388
989.519651,0.189796
986.899563,0.216327
984.279476,0.251020
981.659389,0.287755
979.039301,0.326531
976.419214,0.367347
973.799127,0.400000
971.179039,0.424490
968.558952,0.440816
965.938865,0.444898
963.318777,0.444898
960.698690,0.442857
958.078603,0.428571
955.458515,0.397959
952.838428,0.357143
950.218341,0.310204
947.598253,0.259184
944.978166,0.214286
942.358079,0.175510
939.737991,0.142857
937.117904,0.120408
934.497817,0.106122
931.877729,0.095918
929.257642,0.087755
926.637555,0.081633
924.017467,0.077551
921.397380,0.075510
918.777293,0.073469
916.157205,0.071429
913.537118,0.071429
910.917031,0.069388
908.296943,0.067347
905.676856,0.059184
903.056769,0.053061
900.436681,0.048980
897.816594,0.051020
895.196507,0.053061
892.576419,0.053061
889.956332,0.057143
887.336245,0.063265
884.716157,0.073469
882.096070,0.083673
879.475983,0.097959
876.855895,0.112245
874.235808,0.126531
871.615721,0.144898
868.995633,0.173469
866.375546,0.202041
863.755459,0.226531
861.135371,0.236735
858.515284,0.238776
855.895197,0.236735
853.275109,0.232653
850.655022,0.224490
848.034934,0.212245
845.414847,0.202041
842.794760,0.191837
840.174672,0.185714
837.554585,0.181633
834.934498,0.175510
832.314410,0.175510
829.694323,0.187755
827.074236,0.216327
824.454148,0.255102
821.834061,0.293878
819.213974,0.322449
816.593886,0.328571
813.973799,0.328571
811.353712,0.328571
808.733624,0.324490
806.113537,0.314286
803.493450,0.300000
800.873362,0.279592
798.253275,0.244898
795.633188,0.206122
793.013100,0.173469
790.393013,0.148980
787.772926,0.126531
785.152838,0.112245
782.532751,0.097959
779.912664,0.085714
777.292576,0.077551
774.672489,0.071429
772.052402,0.073469
769.432314,0.073469
766.812227,0.071429
764.192140,0.061224
761.572052,0.051020
758.951965,0.044898
756.331878,0.042857
753.711790,0.042857
751.091703,0.040816
748.471616,0.036735
745.851528,0.032653
743.231441,0.030612
740.611354,0.028571
737.991266,0.028571
735.371179,0.028571
732.751092,0.032653
730.131004,0.036735
727.510917,0.044898
724.890830,0.051020
722.270742,0.053061
719.650655,0.053061
717.030568,0.051020
714.410480,0.048980
711.790393,0.044898
709.170306,0.040816
706.550218,0.036735
703.930131,0.032653
701.310044,0.028571
698.689956,0.028571
696.069869,0.026531
693.449782,0.028571
690.829694,0.030612
688.209607,0.032653
685.589520,0.036735
682.969432,0.040816
680.349345,0.044898
677.729258,0.044898
675.109170,0.044898
672.489083,0.046939
669.868996,0.046939
667.248908,0.044898
664.628821,0.053061
662.008734,0.063265
659.388646,0.083673
656.768559,0.116327
654.148472,0.155102
651.528384,0.187755
648.908297,0.208163
646.288210,0.224490
643.668122,0.248980
641.048035,0.267347
638.427948,0.281633
635.807860,0.310204
633.187773,0.357143
630.567686,0.367347
627.947598,0.367347
625.327511,0.355102
622.707424,0.300000
620.087336,0.236735
617.467249,0.191837
614.847162,0.153061
612.227074,0.120408
609.606987,0.093878
606.986900,0.075510
604.366812,0.063265
601.746725,0.055102
599.126638,0.053061
596.506550,0.053061
593.886463,0.051020
591.266376,0.048980
588.646288,0.046939
586.026201,0.040816
583.406114,0.034694
580.786026,0.030612
578.165939,0.024490
575.545852,0.018367
572.925764,0.014286
570.305677,0.010204
567.685590,0.008163
565.065502,0.006122
562.445415,0.004082
559.825328,0.004082
557.205240,0.004082
554.585153,0.004082
551.965066,0.002041
549.344978,0.002041
546.724891,0.002041
544.104803,0.002041
541.484716,0.002041
538.864629,0.002041
536.244541,0.002041
533.624454,0.002041
531.004367,0.002041
528.384279,0.002041
525.764192,0.002041
523.144105,0.002041
520.524017,0.002041
517.903930,0.002041
515.283843,0.002041
512.663755,0.002041
510.043668,0.002041
507.423581,0.002041
504.803493,0.002041
502.183406,0.002041
499.563319,0.002041
496.943231,0.002041
494.323144,0.002041
491.703057,0.002041
489.082969,0.002041
486.462882,0.002041
483.842795,0.002041
481.222707,0.002041
478.602620,0.002041
475.982533,0.002041
473.362445,0.002041
470.742358,0.002041
468.122271,0.002041
465.502183,0.002041
462.882096,0.002041
460.262009,0.002041
457.641921,0.002041
455.021834,0.002041
452.401747,0.002041
449.781659,0.002041
447.161572,nan
444.541485,nan
441.921397,nan
439.301310,nan
436.681223,nan
434.061135,nan
431.441048,nan
428.820961,nan
426.200873,nan
423.580786,nan
420.960699,nan
418.340611,nan
415.720524,nan
413.100437,nan
410.480349,nan
407.860262,nan
405.240175,nan
402.620087,nan
400.000000,nan
