4000.000000,0.018367
3997.379913,0.018367
3994.759825,0.016327
3992.139738,0.016327
3989.519651,0.016327
3986.899563,0.016327
3984.279476,0.018367
3981.659389,0.018367
3979.039301,0.016327
3976.419214,0.016327
3973.799127,0.016327
3971.179039,0.016327
3968.558952,0.016327
3965.938865,0.018367
3963.318777,0.016327
3960.698690,0.016327
3958.078603,0.014286
3955.458515,0.016327
3952.838428,0.016327
3950.218341,0.016327
3947.598253,0.016327
3944.978166,0.016327
3942.358079,0.016327
3939.737991,0.016327
3937.117904,0.016327
3934.497817,0.016327
3931.877729,0.016327
3929.257642,0.016327
3926.637555,0.016327
3924.017467,0.016327
3921.397380,0.016327
3918.777293,0.016327
3916.157205,0.016327
3913.537118,0.016327
3910.917031,0.014286
3908.296943,0.016327
3905.676856,0.016327
3903.056769,0.016327
3900.436681,0.016327
3897.816594,0.014286
3895.196507,0.014286
3892.576419,0.014286
3889.956332,0.014286
3887.336245,0.014286
3884.716157,0.014286
3882.096070,0.014286
3879.475983,0.014286
3876.855895,0.014286
3874.235808,0.014286
3871.615721,0.014286
3868.995633,0.014286
3866.375546,0.014286
3863.755459,0.012245
3861.135371,0.012245
3858.515284,0.012245
3855.895197,0.012245
3853.275109,0.014286
3850.655022,0.014286
3848.034934,0.010204
3845.414847,0.012245
3842.794760,0.012245
3840.174672,0.012245
3837.554585,0.012245
3834.934498,0.012245
3832.314410,0.010204
3829.694323,0.012245
3827.074236,0.012245
3824.454148,0.012245
3821.834061,0.012245
3819.213974,0.012245
3816.593886,0.012245
3813.973799,0.012245
3811.353712,0.010204
3808.733624,0.012245
3806.113537,0.012245
3803.493450,0.012245
3800.873362,0.012245
3798.253275,0.012245
3795.633188,0.012245
3793.013100,0.012245
3790.393013,0.012245
3787.772926,0.014286
3785.152838,0.014286
3782.532751,0.014286
3779.912664,0.014286
3777.292576,0.014286
3774.672489,0.012245
3772.052402,0.012245
3769.432314,0.014286
3766.812227,0.014286
3764.192140,0.014286
3761.572052,0.014286
3758.951965,0.014286
3756.331878,0.012245
3753.711790,0.012245
3751.091703,0.014286
3748.471616,0.014286
3745.851528,0.012245
3743.231441,0.012245
3740.611354,0.012245
3737.991266,0.010204
3735.371179,0.012245
3732.751092,0.012245
3730.131004,0.012245
3727.510917,0.012245
3724.890830,0.014286
3722.270742,0.014286
3719.650655,0.014286
3717.030568,0.014286
3714.410480,0.014286
3711.790393,0.012245
3709.170306,0.012245
3706.550218,0.012245
3703.930131,0.014286
3701.310044,0.014286
3698.689956,0.012245
3696.069869,0.014286
3693.449782,0.014286
3690.829694,0.014286
3688.209607,0.014286
3685.589520,0.014286
3682.969432,0.012245
3680.349345,0.012245
3677.729258,0.014286
3675.109170,0.014286
3672.489083,0.012245
3669.868996,0.012245
3667.248908,0.012245
3664.628821,0.012245
3662.008734,0.012245
3659.388646,0.014286
3656.768559,0.014286
3654.148472,0.014286
3651.528384,0.012245
3648.908297,0.012245
3646.288210,0.012245
3643.668122,0.010204
3641.048035,0.012245
3638.427948,0.012245
3635.807860,0.014286
3633.187773,0.014286
3630.567686,0.014286
3627.947598,0.014286
3625.327511,0.014286
3622.707424,0.012245
3620.087336,0.014286
3617.467249,0.014286
3614.847162,0.014286
3612.227074,0.014286
3609.606987,0.014286
3606.986900,0.014286
3604.366812,0.012245
3601.746725,0.014286
3599.126638,0.014286
3596.506550,0.014286
3593.886463,0.014286
3591.266376,0.014286
3588.646288,0.014286
3586.026201,0.016327
3583.406114,0.018367
3580.786026,0.018367
3578.165939,0.016327
3575.545852,0.014286
3572.925764,0.014286
3570.305677,0.014286
3567.685590,0.014286
3565.065502,0.014286
3562.445415,0.014286
3559.825328,0.012245
3557.205240,0.014286
3554.585153,0.014286
3551.965066,0.014286
3549.344978,0.014286
3546.724891,0.014286
3544.104803,0.014286
3541.484716,0.014286
3538.864629,0.014286
3536.244541,0.014286
3533.624454,0.014286
3531.004367,0.014286
3528.384279,0.014286
3525.764192,0.014286
3523.144105,0.014286
3520.524017,0.014286
3517.903930,0.014286
3515.283843,0.014286
3512.663755,0.014286
3510.043668,0.014286
3507.423581,0.014286
3504.803493,0.014286
3502.183406,0.014286
3499.563319,0.014286
3496.943231,0.014286
3494.323144,0.014286
3491.703057,0.014286
3489.082969,0.014286
3486.462882,0.014286
3483.842795,0.014286
3481.222707,0.014286
3478.602620,0.014286
3475.982533,0.014286
3473.362445,0.014286
3470.742358,0.014286
3468.122271,0.014286
3465.502183,0.012245
3462.882096,0.014286
3460.262009,0.014286
3457.641921,0.014286
3455.021834,0.014286
3452.401747,0.012245
3449.781659,0.014286
3447.161572,0.014286
3444.541485,0.014286
3441.921397,0.014286
3439.301310,0.014286
3436.681223,0.012245
3434.061135,0.014286
3431.441048,0.014286
3428.820961,0.014286
3426.200873,0.014286
3423.580786,0.014286
3420.960699,0.014286
3418.340611,0.012245
3415.720524,0.014286
3413.100437,0.014286
3410.480349,0.014286
3407.860262,0.014286
3405.240175,0.014286
3402.620087,0.014286
3400.000000,0.014286
3397.379913,0.012245
3394.759825,0.012245
3392.139738,0.012245
3389.519651,0.012245
3386.899563,0.014286
3384.279476,0.014286
3381.659389,0.014286
3379.039301,0.014286
3376.419214,0.014286
3373.799127,0.014286
3371.179039,0.014286
3368.558952,0.014286
3365.938865,0.012245
3363.318777,0.012245
3360.698690,0.012245
3358.078603,0.012245
3355.458515,0.012245
3352.838428,0.014286
3350.218341,0.012245
3347.598253,0.014286
3344.978166,0.014286
3342.358079,0.012245
3339.737991,0.014286
3337.117904,0.014286
3334.497817,0.012245
3331.877729,0.012245
3329.257642,0.012245
3326.637555,0.012245
3324.017467,0.012245
3321.397380,0.012245
3318.777293,0.012245
3316.157205,0.012245
3313.537118,0.012245
3310.917031,0.012245
3308.296943,0.012245
3305.676856,0.012245
3303.056769,0.012245
3300.436681,0.014286
3297.816594,0.014286
3295.196507,0.012245
3292.576419,0.014286
3289.956332,0.014286
3287.336245,0.012245
3284.716157,0.012245
3282.096070,0.012245
3279.475983,0.012245
3276.855895,0.012245
3274.235808,0.012245
3271.615721,0.012245
3268.995633,0.012245
3266.375546,0.012245
3263.755459,0.012245
3261.135371,0.012245
3258.515284,0.012245
3255.895197,0.012245
3253.275109,0.012245
3250.655022,0.012245
3248.034934,0.012245
3245.414847,0.012245
3242.794760,0.014286
3240.174672,0.014286
3237.554585,0.014286
3234.934498,0.014286
3232.314410,0.012245
3229.694323,0.012245
3227.074236,0.012245
3224.454148,0.012245
3221.834061,0.014286
3219.213974,0.012245
3216.593886,0.012245
3213.973799,0.012245
3211.353712,0.014286
3208.733624,0.014286
3206.113537,0.014286
3203.493450,0.014286
3200.873362,0.014286
3198.253275,0.014286
3195.633188,0.014286
3193.013100,0.014286
3190.393013,0.014286
3187.772926,0.014286
3185.152838,0.014286
3182.532751,0.014286
3179.912664,0.014286
3177.292576,0.014286
3174.672489,0.014286
3172.052402,0.014286
3169.432314,0.014286
3166.812227,0.014286
3164.192140,0.014286
3161.572052,0.014286
3158.951965,0.016327
3156.331878,0.016327
3153.711790,0.016327
3151.091703,0.014286
3148.471616,0.014286
3145.851528,0.014286
3143.231441,0.016327
3140.611354,0.016327
3137.991266,0.014286
3135.371179,0.016327
3132.751092,0.016327
3130.131004,0.016327
3127.510917,0.016327
3124.890830,0.016327
3122.270742,0.016327
3119.650655,0.016327
3117.030568,0.016327
3114.410480,0.016327
3111.790393,0.018367
3109.170306,0.018367
3106.550218,0.018367
3103.930131,0.018367
3101.310044,0.018367
3098.689956,0.020408
3096.069869,0.020408
3093.449782,0.020408
3090.829694,0.020408
3088.209607,0.022449
3085.589520,0.022449
3082.969432,0.022449
3080.349345,0.022449
3077.729258,0.024490
3075.109170,0.026531
3072.489083,0.026531
3069.868996,0.028571
3067.248908,0.028571
3064.628821,0.030612
3062.008734,0.030612
3059.388646,0.032653
3056.768559,0.034694
3054.148472,0.036735
3051.528384,0.038776
3048.908297,0.040816
3046.288210,0.042857
3043.668122,0.042857
3041.048035,0.044898
3038.427948,0.046939
3035.807860,0.048980
3033.187773,0.051020
3030.567686,0.055102
3027.947598,0.057143
3025.327511,0.059184
3022.707424,0.063265
3020.087336,0.067347
3017.467249,0.069388
3014.847162,0.073469
3012.227074,0.077551
3009.606987,0.081633
3006.986900,0.087755
3004.366812,0.091837
3001.746725,0.097959
2999.126638,0.106122
2996.506550,0.112245
2993.886463,0.122449
2991.266376,0.134694
2988.646288,0.146939
2986.026201,0.165306
2983.406114,0.183673
2980.786026,0.206122
2978.165939,0.236735
2975.545852,0.273469
2972.925764,0.318367
2970.305677,0.373469
2967.685590,0.440816
2965.065502,0.500000
2962.445415,0.546939
2959.825328,0.573469
2957.205240,0.577551
2954.585153,0.577551
2951.965066,0.573469
2949.344978,0.548980
2946.724891,0.514286
2944.104803,0.544898
2941.484716,0.612245
2938.864629,0.685714
2936.244541,0.759184
2933.624454,0.830612
2931.004367,0.889796
2928.384279,0.940816
2925.764192,0.963265
2923.144105,0.965306
2920.524017,0.963265
2917.903930,0.932653
2915.283843,0.861224
2912.663755,0.765306
2910.043668,0.679592
2907.423581,0.606122
2904.803493,0.544898
2902.183406,0.502041
2899.563319,0.467347
2896.943231,0.434694
2894.323144,0.406122
2891.703057,0.379592
2889.082969,0.353061
2886.462882,0.328571
2883.842795,0.310204
2881.222707,0.300000
2878.602620,0.312245
2875.982533,0.332653
2873.362445,0.338776
2870.742358,0.340816
2868.122271,0.338776
2865.502183,0.365306
2862.882096,0.420408
2860.262009,0.481633
2857.641921,0.522449
2855.021834,0.532653
2852.401747,0.532653
2849.781659,0.528571
2847.161572,0.493878
2844.541485,0.430612
2841.921397,0.367347
2839.301310,0.363265
2836.681223,0.430612
2834.061135,0.453061
2831.441048,0.453061
2828.820961,0.440816
2826.200873,0.359184
2823.580786,0.257143
2820.960699,0.177551
2818.340611,0.134694
2815.720524,0.106122
2813.100437,0.089796
2810.480349,0.077551
2807.860262,0.069388
2805.240175,0.063265
2802.620087,0.059184
2800.000000,0.055102
2797.379913,0.053061
2794.759825,0.051020
2792.139738,0.048980
2789.519651,0.046939
2786.899563,0.042857
2784.279476,0.038776
2781.659389,0.034694
2779.039301,0.032653
2776.419214,0.030612
2773.799127,0.028571
2771.179039,0.024490
2768.558952,0.024490
2765.938865,0.022449
2763.318777,0.022449
2760.698690,0.022449
2758.078603,0.020408
2755.458515,0.020408
2752.838428,0.020408
2750.218341,0.020408
2747.598253,0.020408
2744.978166,0.020408
2742.358079,0.020408
2739.737991,0.020408
2737.117904,0.018367
2734.497817,0.018367
2731.877729,0.020408
2729.257642,0.020408
2726.637555,0.020408
2724.017467,0.018367
2721.397380,0.016327
2718.777293,0.016327
2716.157205,0.016327
2713.537118,0.016327
2710.917031,0.016327
2708.296943,0.016327
2705.676856,0.014286
2703.056769,0.014286
2700.436681,0.014286
2697.816594,0.014286
2695.196507,0.016327
2692.576419,0.016327
2689.956332,0.014286
2687.336245,0.014286
2684.716157,0.016327
2682.096070,0.016327
2679.475983,0.016327
2676.855895,0.016327
2674.235808,0.018367
2671.615721,0.018367
2668.995633,0.018367
2666.375546,0.018367
2663.755459,0.018367
2661.135371,0.016327
2658.515284,0.016327
2655.895197,0.016327
2653.275109,0.016327
2650.655022,0.016327
2648.034934,0.016327
2645.414847,0.016327
2642.794760,0.016327
2640.174672,0.016327
2637.554585,0.016327
2634.934498,0.018367
2632.314410,0.018367
2629.694323,0.018367
2627.074236,0.016327
2624.454148,0.016327
2621.834061,0.016327
2619.213974,0.016327
2616.593886,0.014286
2613.973799,0.014286
2611.353712,0.014286
2608.733624,0.014286
2606.113537,0.014286
2603.493450,0.014286
2600.873362,0.014286
2598.253275,0.014286
2595.633188,0.014286
2593.013100,0.014286
2590.393013,0.012245
2587.772926,0.012245
2585.152838,0.010204
2582.532751,0.010204
2579.912664,0.010204
2577.292576,0.012245
2574.672489,0.010204
2572.052402,0.010204
2569.432314,0.010204
2566.812227,0.010204
2564.192140,0.010204
2561.572052,0.008163
2558.951965,0.008163
2556.331878,0.008163
2553.711790,0.008163
2551.091703,0.008163
2548.471616,0.008163
2545.851528,0.008163
2543.231441,0.008163
2540.611354,0.008163
2537.991266,0.008163
2535.371179,0.008163
2532.751092,0.006122
2530.131004,0.006122
2527.510917,0.006122
2524.890830,0.006122
2522.270742,0.006122
2519.650655,0.006122
2517.030568,0.006122
2514.410480,0.006122
2511.790393,0.006122
2509.170306,0.006122
2506.550218,0.006122
2503.930131,0.006122
2501.310044,0.006122
2498.689956,0.008163
2496.069869,0.006122
2493.449782,0.006122
2490.829694,0.006122
2488.209607,0.008163
2485.589520,0.008163
2482.969432,0.006122
2480.349345,0.006122
2477.729258,0.006122
2475.109170,0.006122
2472.489083,0.006122
2469.868996,0.006122
2467.248908,0.006122
2464.628821,0.006122
2462.008734,0.006122
2459.388646,0.006122
2456.768559,0.006122
2454.148472,0.006122
2451.528384,0.006122
2448.908297,0.006122
2446.288210,0.006122
2443.668122,0.006122
2441.048035,0.006122
2438.427948,0.006122
2435.807860,0.006122
2433.187773,0.006122
2430.567686,0.006122
2427.947598,0.006122
2425.327511,0.006122
2422.707424,0.004082
2420.087336,0.006122
2417.467249,0.006122
2414.847162,0.006122
2412.227074,0.006122
2409.606987,0.006122
2406.986900,0.006122
2404.366812,0.006122
2401.746725,0.006122
2399.126638,0.006122
2396.506550,0.006122
2393.886463,0.006122
2391.266376,0.006122
2388.646288,0.006122
2386.026201,0.006122
2383.406114,0.006122
2380.786026,0.006122
2378.165939,0.006122
2375.545852,0.006122
2372.925764,0.006122
2370.305677,0.006122
2367.685590,0.006122
2365.065502,0.006122
2362.445415,0.006122
2359.825328,0.006122
2357.205240,0.006122
2354.585153,0.006122
2351.965066,0.006122
2349.344978,0.006122
2346.724891,0.006122
2344.104803,0.006122
2341.484716,0.006122
2338.864629,0.006122
2336.244541,0.006122
2333.624454,0.006122
2331.004367,0.006122
2328.384279,0.006122
2325.764192,0.006122
2323.144105,0.006122
2320.524017,0.006122
2317.903930,0.006122
2315.283843,0.006122
2312.663755,0.006122
2310.043668,0.006122
2307.423581,0.006122
2304.803493,0.006122
2302.183406,0.006122
2299.563319,0.006122
2296.943231,0.006122
2294.323144,0.006122
2291.703057,0.006122
2289.082969,0.006122
2286.462882,0.006122
2283.842795,0.008163
2281.222707,0.008163
2278.602620,0.008163
2275.982533,0.006122
2273.362445,0.006122
2270.742358,0.006122
2268.122271,0.006122
2265.502183,0.006122
2262.882096,0.006122
2260.262009,0.006122
2257.641921,0.006122
2255.021834,0.006122
2252.401747,0.006122
2249.781659,0.006122
2247.161572,0.006122
2244.541485,0.006122
2241.921397,0.006122
2239.301310,0.006122
2236.681223,0.006122
2234.061135,0.006122
2231.441048,0.006122
2228.820961,0.006122
2226.200873,0.006122
2223.580786,0.006122
2220.960699,0.006122
2218.340611,0.006122
2215.720524,0.006122
2213.100437,0.006122
2210.480349,0.008163
2207.860262,0.008163
2205.240175,0.008163
2202.620087,0.008163
2200.000000,0.008163
2197.379913,0.008163
2194.759825,0.008163
2192.139738,0.008163
2189.519651,0.008163
2186.899563,0.008163
2184.279476,0.010204
2181.659389,0.010204
2179.039301,0.010204
2176.419214,0.010204
2173.799127,0.010204
2171.179039,0.010204
2168.558952,0.010204
2165.938865,0.010204
2163.318777,0.012245
2160.698690,0.012245
2158.078603,0.012245
2155.458515,0.010204
2152.838428,0.012245
2150.218341,0.012245
2147.598253,0.010204
2144.978166,0.010204
2142.358079,0.010204
2139.737991,0.010204
2137.117904,0.008163
2134.497817,0.008163
2131.877729,0.008163
2129.257642,0.006122
2126.637555,0.008163
2124.017467,0.008163
2121.397380,0.006122
2118.777293,0.006122
2116.157205,0.006122
2113.537118,0.006122
2110.917031,0.006122
2108.296943,0.006122
2105.676856,0.006122
2103.056769,0.006122
2100.436681,0.006122
2097.816594,0.006122
2095.196507,0.006122
2092.576419,0.006122
2089.956332,0.006122
2087.336245,0.006122
2084.716157,0.006122
2082.096070,0.006122
2079.475983,0.006122
2076.855895,0.006122
2074.235808,0.006122
2071.615721,0.006122
2068.995633,0.008163
2066.375546,0.008163
2063.755459,0.008163
2061.135371,0.006122
2058.515284,0.006122
2055.895197,0.006122
2053.275109,0.006122
2050.655022,0.006122
2048.034934,0.006122
2045.414847,0.008163
2042.794760,0.008163
2040.174672,0.006122
2037.554585,0.008163
2034.934498,0.008163
2032.314410,0.008163
2029.694323,0.008163
2027.074236,0.008163
2024.454148,0.008163
2021.834061,0.008163
2019.213974,0.008163
2016.593886,0.008163
2013.973799,0.006122
2011.353712,0.008163
2008.733624,0.008163
2006.113537,0.006122
2003.493450,0.008163
2000.873362,0.008163
1998.253275,0.010204
1995.633188,0.012245
1993.013100,0.012245
1990.393013,0.008163
1987.772926,0.008163
1985.152838,0.008163
1982.532751,0.008163
1979.912664,0.008163
1977.292576,0.006122
1974.672489,0.008163
1972.052402,0.008163
1969.432314,0.008163
1966.812227,0.008163
1964.192140,0.008163
1961.572052,0.008163
1958.951965,0.008163
1956.331878,0.008163
1953.711790,0.006122
1951.091703,0.008163
1948.471616,0.008163
1945.851528,0.008163
1943.231441,0.008163
1940.611354,0.008163
1937.991266,0.008163
1935.371179,0.010204
1932.751092,0.010204
1930.131004,0.010204
1927.510917,0.010204
1924.890830,0.010204
1922.270742,0.010204
1919.650655,0.010204
1917.030568,0.010204
1914.410480,0.010204
1911.790393,0.010204
1909.170306,0.010204
1906.550218,0.010204
1903.930131,0.010204
1901.310044,0.010204
1898.689956,0.010204
1896.069869,0.010204
1893.449782,0.010204
1890.829694,0.010204
1888.209607,0.010204
1885.589520,0.010204
1882.969432,0.010204
1880.349345,0.010204
1877.729258,0.008163
1875.109170,0.008163
1872.489083,0.008163
1869.868996,0.008163
1867.248908,0.008163
1864.628821,0.008163
1862.008734,0.008163
1859.388646,0.008163
1856.768559,0.008163
1854.148472,0.008163
1851.528384,0.008163
1848.908297,0.008163
1846.288210,0.010204
1843.668122,0.010204
1841.048035,0.008163
1838.427948,0.010204
1835.807860,0.010204
1833.187773,0.012245
1830.567686,0.012245
1827.947598,0.010204
1825.327511,0.010204
1822.707424,0.012245
1820.087336,0.012245
1817.467249,0.012245
1814.847162,0.012245
1812.227074,0.012245
1809.606987,0.012245
1806.986900,0.012245
1804.366812,0.012245
1801.746725,0.010204
1799.126638,0.008163
1796.506550,0.008163
1793.886463,0.008163
1791.266376,0.008163
1788.646288,0.006122
1786.026201,0.006122
1783.406114,0.006122
1780.786026,0.006122
1778.165939,0.006122
1775.545852,0.006122
1772.925764,0.006122
1770.305677,0.004082
1767.685590,0.004082
1765.065502,0.006122
1762.445415,0.006122
1759.825328,0.006122
1757.205240,0.006122
1754.585153,0.006122
1751.965066,0.006122
1749.344978,0.006122
1746.724891,0.006122
1744.104803,0.006122
1741.484716,0.006122
1738.864629,0.006122
1736.244541,0.006122
1733.624454,0.006122
1731.004367,0.006122
1728.384279,0.008163
1725.764192,0.008163
1723.144105,0.008163
1720.524017,0.010204
1717.903930,0.010204
1715.283843,0.008163
1712.663755,0.008163
1710.043668,0.008163
1707.423581,0.008163
1704.803493,0.008163
1702.183406,0.008163
1699.563319,0.008163
1696.943231,0.004082
1694.323144,0.004082
1691.703057,0.006122
1689.082969,0.006122
1686.462882,0.006122
1683.842795,0.006122
1681.222707,0.004082
1678.602620,0.006122
1675.982533,0.006122
1673.362445,0.006122
1670.742358,0.006122
1668.122271,0.006122
1665.502183,0.006122
1662.882096,0.006122
1660.262009,0.006122
1657.641921,0.008163
1655.021834,0.008163
1652.401747,0.008163
1649.781659,0.006122
1647.161572,0.008163
1644.541485,0.008163
1641.921397,0.010204
1639.301310,0.010204
1636.681223,0.010204
1634.061135,0.010204
1631.441048,0.010204
1628.820961,0.010204
1626.200873,0.010204
1623.580786,0.010204
1620.960699,0.008163
1618.340611,0.010204
1615.720524,0.010204
1613.100437,0.010204
1610.480349,0.010204
1607.860262,0.010204
1605.240175,0.008163
1602.620087,0.010204
1600.000000,0.010204
1597.379913,0.010204
1594.759825,0.010204
1592.139738,0.010204
1589.519651,0.010204
1586.899563,0.010204
1584.279476,0.010204
1581.659389,0.012245
1579.039301,0.012245
1576.419214,0.012245
1573.799127,0.010204
1571.179039,0.012245
1568.558952,0.012245
1565.938865,0.012245
1563.318777,0.014286
1560.698690,0.014286
1558.078603,0.012245
1555.458515,0.012245
1552.838428,0.014286
1550.218341,0.014286
1547.598253,0.016327
1544.978166,0.016327
1542.358079,0.016327
1539.737991,0.014286
1537.117904,0.014286
1534.497817,0.016327
1531.877729,0.016327
1529.257642,0.018367
1526.637555,0.018367
1524.017467,0.018367
1521.397380,0.018367
1518.777293,0.018367
1516.157205,0.020408
1513.537118,0.022449
1510.917031,0.022449
1508.296943,0.024490
1505.676856,0.024490
1503.056769,0.028571
1500.436681,0.032653
1497.816594,0.032653
1495.196507,0.032653
1492.576419,0.034694
1489.956332,0.036735
1487.336245,0.040816
1484.716157,0.046939
1482.096070,0.055102
1479.475983,0.063265
1476.855895,0.079592
1474.235808,0.108163
1471.615721,0.155102
1468.995633,0.183673
1466.375546,0.185714
1463.755459,0.185714
1461.135371,0.179592
1458.515284,0.175510
1455.895197,0.173469
1453.275109,0.159184
1450.655022,0.138776
1448.034934,0.122449
1445.414847,0.104082
1442.794760,0.087755
1440.174672,0.079592
1437.554585,0.071429
1434.934498,0.063265
1432.314410,0.055102
1429.694323,0.048980
1427.074236,0.042857
1424.454148,0.040816
1421.834061,0.042857
1419.213974,0.046939
1416.593886,0.059184
1413.973799,0.073469
1411.353712,0.081633
1408.733624,0.081633
1406.113537,0.081633
1403.493450,0.075510
1400.873362,0.063265
1398.253275,0.051020
1395.633188,0.042857
1393.013100,0.038776
1390.393013,0.036735
1387.772926,0.036735
1385.152838,0.042857
1382.532751,0.055102
1379.912664,0.063265
1377.292576,0.063265
1374.672489,0.061224
1372.052402,0.048980
1369.432314,0.038776
1366.812227,0.038776
1364.192140,0.036735
1361.572052,0.036735
1358.951965,0.034694
1356.331878,0.034694
1353.711790,0.036735
1351.091703,0.038776
1348.471616,0.042857
1345.851528,0.046939
1343.231441,0.048980
1340.611354,0.048980
1337.991266,0.044898
1335.371179,0.038776
1332.751092,0.032653
1330.131004,0.028571
1327.510917,0.026531
1324.890830,0.026531
1322.270742,0.028571
1319.650655,0.030612
1317.030568,0.032653
1314.410480,0.032653
1311.790393,0.034694
1309.170306,0.034694
1306.550218,0.036735
1303.930131,0.038776
1301.310044,0.038776
1298.689956,0.038776
1296.069869,0.038776
1293.449782,0.040816
1290.829694,0.040816
1288.209607,0.040816
1285.589520,0.040816
1282.969432,0.044898
1280.349345,0.053061
1277.729258,0.063265
1275.109170,0.073469
1272.489083,0.091837
1269.868996,0.124490
1267.248908,0.179592
1264.628821,0.251020
1262.008734,0.314286
1259.388646,0.326531
1256.768559,0.326531
1254.148472,0.316327
1251.528384,0.259184
1248.908297,0.187755
1246.288210,0.140816
1243.668122,0.108163
1241.048035,0.085714
1238.427948,0.075510
1235.807860,0.077551
1233.187773,0.081633
1230.567686,0.083673
1227.947598,0.083673
1225.327511,0.087755
1222.707424,0.095918
1220.087336,0.108163
1217.467249,0.126531
1214.847162,0.142857
1212.227074,0.161224
1209.606987,0.173469
1206.986900,0.187755
1204.366812,0.210204
1201.746725,0.238776
1199.126638,0.271429
1196.506550,0.306122
1193.886463,0.330612
1191.266376,0.338776
1188.646288,0.338776
1186.026201,0.336735
1183.406114,0.322449
1180.786026,0.302041
1178.165939,0.277551
1175.545852,0.248980
1172.925764,0.218367
1170.305677,0.191837
1167.685590,0.171429
1165.065502,0.157143
1162.445415,0.148980
1159.825328,0.142857
1157.205240,0.136735
1154.585153,0.132653
1151.965066,0.132653
1149.344978,0.134694
1146.724891,0.138776
1144.104803,0.144898
1141.484716,0.153061
1138.864629,0.163265
1136.244541,0.175510
1133.624454,0.191837
1131.004367,0.208163
1128.384279,0.228571
1125.764192,0.253061
1123.144105,0.283673
1120.524017,0.326531
1117.903930,0.375510
1115.283843,0.430612
1112.663755,0.493878
1110.043668,0.557143
1107.423581,0.622449
1104.803493,0.695918
1102.183406,0.773469
1099.563319,0.853061
1096.943231,0.924490
1094.323144,0.979592
1091.703057,0.997959
1089.082969,1.000000
1086.462882,0.997959
1083.842795,0.975510
1081.222707,0.914286
1078.602620,0.818367
1075.982533,0.702041
1073.362445,0.575510
1070.742358,0.465306
1068.122271,0.371429
1065.502183,0.293878
1062.882096,0.236735
1060.262009,0.191837
1057.641921,0.159184
1055.021834,0.134694
1052.401747,0.116327
1049.781659,0.102041
1047.161572,0.089796
1044.541485,0.079592
1041.921397,0.075510
1039.301310,0.071429
1036.681223,0.067347
1034.061135,0.065306
1031.441048,0.065306
1028.820961,0.067347
1026.200873,0.067347
1023.580786,0.069388
1020.960699,0.069388
1018.340611,0.071429
1015.720524,0.071429
1013.100437,0.071429
1010.480349,0.069388
1007.860262,0.067347
1005.240175,0.067347
1002.620087,0.065306
1000.000000,0.063265
997.379913,0.061224
994.759825,0.059184
992.139738,0.057143
989.519651,0.053061
986.899563,0.048980
984.279476,0.044898
981.659389,0.038776
979.039301,0.032653
976.419214,0.026531
973.799127,0.024490
971.179039,0.024490
968.558952,0.022449
965.938865,0.022449
963.318777,0.020408
960.698690,0.018367
958.078603,0.020408
955.458515,0.020408
952.838428,0.020408
950.218341,0.020408
947.598253,0.018367
944.978166,0.020408
942.358079,0.020408
939.737991,0.022449
937.117904,0.024490
934.497817,0.028571
931.877729,0.030612
929.257642,0.032653
926.637555,0.036735
924.017467,0.038776
921.397380,0.040816
918.777293,0.044898
916.157205,0.046939
913.537118,0.051020
910.917031,0.051020
908.296943,0.051020
905.676856,0.044898
903.056769,0.040816
900.436681,0.042857
897.816594,0.046939
895.196507,0.048980
892.576419,0.048980
889.956332,0.053061
887.336245,0.059184
884.716157,0.063265
882.096070,0.071429
879.475983,0.079592
876.855895,0.091837
874.235808,0.102041
871.615721,0.112245
868.995633,0.124490
866.375546,0.136735
863.755459,0.153061
861.135371,0.169388
858.515284,0.195918
855.895197,0.234694
853.275109,0.279592
850.655022,0.326531
848.034934,0.375510
845.414847,0.414286
842.794760,0.446939
840.174672,0.467347
837.554585,0.481633
834.934498,0.487755
832.314410,0.487755
829.694323,0.489796
827.074236,0.487755
824.454148,0.481633
821.834061,0.463265
819.213974,0.442857
816.593886,0.446939
813.973799,0.463265
811.353712,0.467347
808.733624,0.467347
806.113537,0.463265
803.493450,0.442857
800.873362,0.400000
798.253275,0.348980
795.633188,0.308163
793.013100,0.306122
790.393013,0.318367
787.772926,0.322449
785.152838,0.322449
782.532751,0.320408
779.912664,0.310204
777.292576,0.300000
774.672489,0.302041
772.052402,0.316327
769.432314,0.320408
766.812227,0.320408
764.192140,0.318367
761.572052,0.306122
758.951965,0.281633
756.331878,0.242857
753.711790,0.193878
751.091703,0.155102
748.471616,0.130612
745.851528,0.116327
743.231441,0.110204
740.611354,0.108163
737.991266,0.116327
735.371179,0.134694
732.751092,0.155102
730.131004,0.169388
727.510917,0.171429
724.890830,0.171429
722.270742,0.167347
719.650655,0.151020
717.030568,0.132653
714.410480,0.118367
711.790393,0.108163
709.170306,0.100000
706.550218,0.097959
703.930131,0.093878
701.310044,0.091837
698.689956,0.087755
696.069869,0.085714
693.449782,0.085714
690.829694,0.091837
688.209607,0.095918
685.589520,0.097959
682.969432,0.100000
680.349345,0.102041
677.729258,0.108163
675.109170,0.118367
672.489083,0.124490
669.868996,0.134694
667.248908,0.138776
664.628821,0.142857
662.008734,0.146939
659.388646,0.153061
656.768559,0.161224
654.148472,0.169388
651.528384,0.173469
648.908297,0.183673
646.288210,0.193878
643.668122,0.204082
641.048035,0.216327
638.427948,0.230612
635.807860,0.244898
633.187773,0.259184
630.567686,0.273469
627.947598,0.283673
625.327511,0.295918
622.707424,0.316327
620.087336,0.324490
617.467249,0.336735
614.847162,0.355102
612.227074,0.369388
609.606987,0.385714
606.986900,0.402041
604.366812,0.420408
601.746725,0.442857
599.126638,0.442857
596.506550,0.442857
593.886463,0.436735
591.266376,0.418367
588.646288,0.387755
586.026201,0.342857
583.406114,0.295918
580.786026,0.244898
578.165939,0.193878
575.545852,0.151020
572.925764,0.112245
570.305677,0.079592
567.685590,0.055102
565.065502,0.036735
562.445415,0.024490
559.825328,0.016327
557.205240,0.010204
554.585153,0.006122
551.965066,0.004082
549.344978,0.004082
546.724891,0.004082
544.104803,0.002041
541.484716,0.002041
538.864629,0.002041
536.244541,0.002041
533.624454,0.002041
531.004367,0.002041
528.384279,0.002041
525.764192,0.002041
523.144105,0.002041
520.524017,0.002041
517.903930,0.002041
515.283843,0.002041
512.663755,0.002041
510.043668,0.002041
507.423581,0.002041
504.803493,0.002041
502.183406,0.002041
499.563319,0.002041
496.943231,0.002041
494.323144,0.002041
491.703057,0.002041
489.082969,0.002041
486.462882,0.002041
483.842795,0.002041
481.222707,0.002041
478.602620,0.002041
475.982533,0.002041
473.362445,0.002041
470.742358,0.002041
468.122271,0.002041
465.502183,0.002041
462.882096,0.002041
460.262009,0.002041
457.641921,0.002041
455.021834,0.002041
452.401747,0.002041
449.781659,0.002041
447.161572,nan
444.541485,nan
441.921397,nan
439.301310,nan
436.681223,nan
434.061135,nan
431.441048,nan
428.820961,nan
426.200873,nan
423.580786,nan
420.960699,nan
418.340611,nan
415.720524,nan
413.100437,nan
410.480349,nan
407.860262,nan
405.240175,nan
402.620087,nan
400.000000,nan
