4000.000000,0.016327
3997.379913,0.016327
3994.759825,0.016327
3992.139738,0.016327
3989.519651,0.016327
3986.899563,0.016327
3984.279476,0.016327
3981.659389,0.016327
3979.039301,0.016327
3976.419214,0.016327
3973.799127,0.016327
3971.179039,0.016327
3968.558952,0.016327
3965.938865,0.014286
3963.318777,0.014286
3960.698690,0.014286
3958.078603,0.014286
3955.458515,0.014286
3952.838428,0.014286
3950.218341,0.014286
3947.598253,0.014286
3944.978166,0.014286
3942.358079,0.014286
3939.737991,0.014286
3937.117904,0.014286
3934.497817,0.014286
3931.877729,0.014286
3929.257642,0.014286
3926.637555,0.014286
3924.017467,0.014286
3921.397380,0.014286
3918.777293,0.014286
3916.157205,0.014286
3913.537118,0.014286
3910.917031,0.012245
3908.296943,0.012245
3905.676856,0.014286
3903.056769,0.014286
3900.436681,0.014286
3897.816594,0.014286
3895.196507,0.012245
3892.576419,0.012245
3889.956332,0.014286
3887.336245,0.014286
3884.716157,0.012245
3882.096070,0.012245
3879.475983,0.012245
3876.855895,0.012245
3874.235808,0.012245
3871.615721,0.012245
3868.995633,0.014286
3866.375546,0.014286
3863.755459,0.012245
3861.135371,0.012245
3858.515284,0.012245
3855.895197,0.014286
3853.275109,0.016327
3850.655022,0.016327
3848.034934,0.014286
3845.414847,0.010204
3842.794760,0.010204
3840.174672,0.012245
3837.554585,0.014286
3834.934498,0.014286
3832.314410,0.012245
3829.694323,0.010204
3827.074236,0.012245
3824.454148,0.012245
3821.834061,0.014286
3819.213974,0.014286
3816.593886,0.012245
3813.973799,0.012245
3811.353712,0.010204
3808.733624,0.012245
3806.113537,0.012245
3803.493450,0.012245
3800.873362,0.012245
3798.253275,0.012245
3795.633188,0.010204
3793.013100,0.010204
3790.393013,0.010204
3787.772926,0.012245
3785.152838,0.012245
3782.532751,0.012245
3779.912664,0.012245
3777.292576,0.012245
3774.672489,0.012245
3772.052402,0.012245
3769.432314,0.012245
3766.812227,0.014286
3764.192140,0.012245
3761.572052,0.012245
3758.951965,0.012245
3756.331878,0.012245
3753.711790,0.012245
3751.091703,0.014286
3748.471616,0.014286
3745.851528,0.012245
3743.231441,0.010204
3740.611354,0.010204
3737.991266,0.008163
3735.371179,0.010204
3732.751092,0.012245
3730.131004,0.010204
3727.510917,0.010204
3724.890830,0.010204
3722.270742,0.012245
3719.650655,0.012245
3717.030568,0.012245
3714.410480,0.012245
3711.790393,0.014286
3709.170306,0.014286
3706.550218,0.012245
3703.930131,0.010204
3701.310044,0.012245
3698.689956,0.012245
3696.069869,0.012245
3693.449782,0.012245
3690.829694,0.014286
3688.209607,0.014286
3685.589520,0.014286
3682.969432,0.012245
3680.349345,0.010204
3677.729258,0.012245
3675.109170,0.014286
3672.489083,0.014286
3669.868996,0.014286
3667.248908,0.012245
3664.628821,0.010204
3662.008734,0.012245
3659.388646,0.012245
3656.768559,0.014286
3654.148472,0.014286
3651.528384,0.014286
3648.908297,0.014286
3646.288210,0.014286
3643.668122,0.012245
3641.048035,0.010204
3638.427948,0.012245
3635.807860,0.012245
3633.187773,0.014286
3630.567686,0.014286
3627.947598,0.014286
3625.327511,0.014286
3622.707424,0.012245
3620.087336,0.012245
3617.467249,0.012245
3614.847162,0.012245
3612.227074,0.012245
3609.606987,0.012245
3606.986900,0.012245
3604.366812,0.012245
3601.746725,0.012245
3599.126638,0.014286
3596.506550,0.014286
3593.886463,0.014286
3591.266376,0.014286
3588.646288,0.014286
3586.026201,0.014286
3583.406114,0.014286
3580.786026,0.012245
3578.165939,0.014286
3575.545852,0.014286
3572.925764,0.014286
3570.305677,0.014286
3567.685590,0.014286
3565.065502,0.014286
3562.445415,0.014286
3559.825328,0.012245
3557.205240,0.014286
3554.585153,0.014286
3551.965066,0.014286
3549.344978,0.014286
3546.724891,0.014286
3544.104803,0.014286
3541.484716,0.014286
3538.864629,0.014286
3536.244541,0.014286
3533.624454,0.014286
3531.004367,0.016327
3528.384279,0.014286
3525.764192,0.014286
3523.144105,0.016327
3520.524017,0.014286
3517.903930,0.014286
3515.283843,0.014286
3512.663755,0.016327
3510.043668,0.016327
3507.423581,0.016327
3504.803493,0.016327
3502.183406,0.016327
3499.563319,0.014286
3496.943231,0.014286
3494.323144,0.014286
3491.703057,0.014286
3489.082969,0.014286
3486.462882,0.014286
3483.842795,0.014286
3481.222707,0.014286
3478.602620,0.014286
3475.982533,0.016327
3473.362445,0.016327
3470.742358,0.016327
3468.122271,0.014286
3465.502183,0.014286
3462.882096,0.016327
3460.262009,0.016327
3457.641921,0.016327
3455.021834,0.016327
3452.401747,0.016327
3449.781659,0.016327
3447.161572,0.016327
3444.541485,0.016327
3441.921397,0.016327
3439.301310,0.016327
3436.681223,0.014286
3434.061135,0.016327
3431.441048,0.016327
3428.820961,0.016327
3426.200873,0.016327
3423.580786,0.016327
3420.960699,0.016327
3418.340611,0.016327
3415.720524,0.016327
3413.100437,0.016327
3410.480349,0.016327
3407.860262,0.016327
3405.240175,0.016327
3402.620087,0.016327
3400.000000,0.016327
3397.379913,0.016327
3394.759825,0.016327
3392.139738,0.016327
3389.519651,0.016327
3386.899563,0.016327
3384.279476,0.016327
3381.659389,0.016327
3379.039301,0.016327
3376.419214,0.016327
3373.799127,0.016327
3371.179039,0.016327
3368.558952,0.016327
3365.938865,0.016327
3363.318777,0.016327
3360.698690,0.016327
3358.078603,0.016327
3355.458515,0.016327
3352.838428,0.016327
3350.218341,0.016327
3347.598253,0.014286
3344.978166,0.014286
3342.358079,0.014286
3339.737991,0.016327
3337.117904,0.016327
3334.497817,0.016327
3331.877729,0.014286
3329.257642,0.014286
3326.637555,0.014286
3324.017467,0.014286
3321.397380,0.016327
3318.777293,0.014286
3316.157205,0.014286
3313.537118,0.014286
3310.917031,0.014286
3308.296943,0.014286
3305.676856,0.014286
3303.056769,0.014286
3300.436681,0.014286
3297.816594,0.014286
3295.196507,0.014286
3292.576419,0.014286
3289.956332,0.014286
3287.336245,0.014286
3284.716157,0.014286
3282.096070,0.014286
3279.475983,0.014286
3276.855895,0.014286
3274.235808,0.014286
3271.615721,0.014286
3268.995633,0.014286
3266.375546,0.014286
3263.755459,0.014286
3261.135371,0.014286
3258.515284,0.014286
3255.895197,0.014286
3253.275109,0.014286
3250.655022,0.014286
3248.034934,0.014286
3245.414847,0.014286
3242.794760,0.014286
3240.174672,0.014286
3237.554585,0.014286
3234.934498,0.016327
3232.314410,0.016327
3229.694323,0.016327
3227.074236,0.016327
3224.454148,0.016327
3221.834061,0.016327
3219.213974,0.016327
3216.593886,0.016327
3213.973799,0.016327
3211.353712,0.016327
3208.733624,0.016327
3206.113537,0.016327
3203.493450,0.016327
3200.873362,0.016327
3198.253275,0.016327
3195.633188,0.016327
3193.013100,0.016327
3190.393013,0.016327
3187.772926,0.016327
3185.152838,0.016327
3182.532751,0.016327
3179.912664,0.016327
3177.292576,0.016327
3174.672489,0.016327
3172.052402,0.016327
3169.432314,0.016327
3166.812227,0.016327
3164.192140,0.016327
3161.572052,0.016327
3158.951965,0.016327
3156.331878,0.016327
3153.711790,0.016327
3151.091703,0.016327
3148.471616,0.014286
3145.851528,0.016327
3143.231441,0.016327
3140.611354,0.014286
3137.991266,0.014286
3135.371179,0.014286
3132.751092,0.016327
3130.131004,0.016327
3127.510917,0.016327
3124.890830,0.016327
3122.270742,0.016327
3119.650655,0.014286
3117.030568,0.014286
3114.410480,0.016327
3111.790393,0.016327
3109.170306,0.016327
3106.550218,0.016327
3103.930131,0.016327
3101.310044,0.016327
3098.689956,0.016327
3096.069869,0.016327
3093.449782,0.016327
3090.829694,0.016327
3088.209607,0.016327
3085.589520,0.016327
3082.969432,0.016327
3080.349345,0.016327
3077.729258,0.016327
3075.109170,0.018367
3072.489083,0.018367
3069.868996,0.018367
3067.248908,0.018367
3064.628821,0.018367
3062.008734,0.020408
3059.388646,0.020408
3056.768559,0.020408
3054.148472,0.020408
3051.528384,0.022449
3048.908297,0.022449
3046.288210,0.022449
3043.668122,0.022449
3041.048035,0.024490
3038.427948,0.026531
3035.807860,0.026531
3033.187773,0.028571
3030.567686,0.028571
3027.947598,0.030612
3025.327511,0.032653
3022.707424,0.034694
3020.087336,0.036735
3017.467249,0.038776
3014.847162,0.040816
3012.227074,0.044898
3009.606987,0.048980
3006.986900,0.055102
3004.366812,0.061224
3001.746725,0.069388
2999.126638,0.079592
2996.506550,0.091837
2993.886463,0.112245
2991.266376,0.136735
2988.646288,0.173469
2986.026201,0.222449
2983.406114,0.283673
2980.786026,0.353061
2978.165939,0.418367
2975.545852,0.467347
2972.925764,0.479592
2970.305677,0.479592
2967.685590,0.475510
2965.065502,0.448980
2962.445415,0.412245
2959.825328,0.387755
2957.205240,0.375510
2954.585153,0.365306
2951.965066,0.346939
2949.344978,0.318367
2946.724891,0.287755
2944.104803,0.314286
2941.484716,0.369388
2938.864629,0.438776
2936.244541,0.522449
2933.624454,0.622449
2931.004367,0.716327
2928.384279,0.791837
2925.764192,0.814286
2923.144105,0.814286
2920.524017,0.808163
2917.903930,0.748980
2915.283843,0.663265
2912.663755,0.575510
2910.043668,0.508163
2907.423581,0.459184
2904.803493,0.422449
2902.183406,0.397959
2899.563319,0.381633
2896.943231,0.371429
2894.323144,0.367347
2891.703057,0.363265
2889.082969,0.359184
2886.462882,0.361224
2883.842795,0.363265
2881.222707,0.363265
2878.602620,0.361224
2875.982533,0.353061
2873.362445,0.342857
2870.742358,0.330612
2868.122271,0.312245
2865.502183,0.304082
2862.882096,0.330612
2860.262009,0.353061
2857.641921,0.361224
2855.021834,0.361224
2852.401747,0.359184
2849.781659,0.346939
2847.161572,0.312245
2844.541485,0.257143
2841.921397,0.200000
2839.301310,0.153061
2836.681223,0.118367
2834.061135,0.095918
2831.441048,0.081633
2828.820961,0.069388
2826.200873,0.063265
2823.580786,0.057143
2820.960699,0.053061
2818.340611,0.048980
2815.720524,0.046939
2813.100437,0.044898
2810.480349,0.044898
2807.860262,0.040816
2805.240175,0.038776
2802.620087,0.036735
2800.000000,0.036735
2797.379913,0.034694
2794.759825,0.032653
2792.139738,0.032653
2789.519651,0.030612
2786.899563,0.028571
2784.279476,0.028571
2781.659389,0.026531
2779.039301,0.026531
2776.419214,0.026531
2773.799127,0.026531
2771.179039,0.026531
2768.558952,0.028571
2765.938865,0.030612
2763.318777,0.030612
2760.698690,0.030612
2758.078603,0.030612
2755.458515,0.028571
2752.838428,0.026531
2750.218341,0.026531
2747.598253,0.026531
2744.978166,0.028571
2742.358079,0.030612
2739.737991,0.032653
2737.117904,0.036735
2734.497817,0.036735
2731.877729,0.036735
2729.257642,0.036735
2726.637555,0.034694
2724.017467,0.030612
2721.397380,0.026531
2718.777293,0.024490
2716.157205,0.022449
2713.537118,0.022449
2710.917031,0.020408
2708.296943,0.020408
2705.676856,0.018367
2703.056769,0.016327
2700.436681,0.016327
2697.816594,0.016327
2695.196507,0.014286
2692.576419,0.016327
2689.956332,0.016327
2687.336245,0.014286
2684.716157,0.016327
2682.096070,0.016327
2679.475983,0.016327
2676.855895,0.016327
2674.235808,0.016327
2671.615721,0.016327
2668.995633,0.016327
2666.375546,0.016327
2663.755459,0.016327
2661.135371,0.016327
2658.515284,0.016327
2655.895197,0.014286
2653.275109,0.014286
2650.655022,0.014286
2648.034934,0.014286
2645.414847,0.014286
2642.794760,0.014286
2640.174672,0.014286
2637.554585,0.016327
2634.934498,0.016327
2632.314410,0.016327
2629.694323,0.016327
2627.074236,0.016327
2624.454148,0.016327
2621.834061,0.016327
2619.213974,0.014286
2616.593886,0.014286
2613.973799,0.014286
2611.353712,0.014286
2608.733624,0.014286
2606.113537,0.012245
2603.493450,0.012245
2600.873362,0.012245
2598.253275,0.012245
2595.633188,0.012245
2593.013100,0.012245
2590.393013,0.012245
2587.772926,0.012245
2585.152838,0.012245
2582.532751,0.012245
2579.912664,0.012245
2577.292576,0.012245
2574.672489,0.012245
2572.052402,0.010204
2569.432314,0.010204
2566.812227,0.010204
2564.192140,0.010204
2561.572052,0.010204
2558.951965,0.010204
2556.331878,0.010204
2553.711790,0.010204
2551.091703,0.010204
2548.471616,0.010204
2545.851528,0.010204
2543.231441,0.010204
2540.611354,0.010204
2537.991266,0.010204
2535.371179,0.010204
2532.751092,0.010204
2530.131004,0.010204
2527.510917,0.010204
2524.890830,0.010204
2522.270742,0.010204
2519.650655,0.010204
2517.030568,0.010204
2514.410480,0.008163
2511.790393,0.008163
2509.170306,0.008163
2506.550218,0.008163
2503.930131,0.008163
2501.310044,0.008163
2498.689956,0.008163
2496.069869,0.008163
2493.449782,0.008163
2490.829694,0.008163
2488.209607,0.008163
2485.589520,0.008163
2482.969432,0.008163
2480.349345,0.008163
2477.729258,0.008163
2475.109170,0.008163
2472.489083,0.008163
2469.868996,0.008163
2467.248908,0.008163
2464.628821,0.008163
2462.008734,0.010204
2459.388646,0.010204
2456.768559,0.010204
2454.148472,0.010204
2451.528384,0.010204
2448.908297,0.010204
2446.288210,0.010204
2443.668122,0.010204
2441.048035,0.010204
2438.427948,0.010204
2435.807860,0.010204
2433.187773,0.010204
2430.567686,0.010204
2427.947598,0.008163
2425.327511,0.008163
2422.707424,0.008163
2420.087336,0.008163
2417.467249,0.008163
2414.847162,0.008163
2412.227074,0.008163
2409.606987,0.008163
2406.986900,0.008163
2404.366812,0.008163
2401.746725,0.008163
2399.126638,0.008163
2396.506550,0.008163
2393.886463,0.008163
2391.266376,0.008163
2388.646288,0.008163
2386.026201,0.008163
2383.406114,0.008163
2380.786026,0.008163
2378.165939,0.008163
2375.545852,0.008163
2372.925764,0.006122
2370.305677,0.006122
2367.685590,0.006122
2365.065502,0.004082
2362.445415,0.004082
2359.825328,0.004082
2357.205240,0.004082
2354.585153,0.002041
2351.965066,0.004082
2349.344978,0.004082
2346.724891,0.006122
2344.104803,0.006122
2341.484716,0.006122
2338.864629,0.006122
2336.244541,0.006122
2333.624454,0.004082
2331.004367,0.006122
2328.384279,0.006122
2325.764192,0.006122
2323.144105,0.006122
2320.524017,0.006122
2317.903930,0.006122
2315.283843,0.006122
2312.663755,0.006122
2310.043668,0.006122
2307.423581,0.008163
2304.803493,0.008163
2302.183406,0.008163
2299.563319,0.008163
2296.943231,0.008163
2294.323144,0.008163
2291.703057,0.008163
2289.082969,0.008163
2286.462882,0.008163
2283.842795,0.008163
2281.222707,0.008163
2278.602620,0.008163
2275.982533,0.008163
2273.362445,0.008163
2270.742358,0.008163
2268.122271,0.008163
2265.502183,0.008163
2262.882096,0.008163
2260.262009,0.008163
2257.641921,0.008163
2255.021834,0.008163
2252.401747,0.008163
2249.781659,0.008163
2247.161572,0.008163
2244.541485,0.008163
2241.921397,0.008163
2239.301310,0.008163
2236.681223,0.008163
2234.061135,0.008163
2231.441048,0.008163
2228.820961,0.008163
2226.200873,0.008163
2223.580786,0.008163
2220.960699,0.008163
2218.340611,0.008163
2215.720524,0.008163
2213.100437,0.008163
2210.480349,0.008163
2207.860262,0.008163
2205.240175,0.008163
2202.620087,0.008163
2200.000000,0.008163
2197.379913,0.008163
2194.759825,0.010204
2192.139738,0.010204
2189.519651,0.010204
2186.899563,0.010204
2184.279476,0.010204
2181.659389,0.010204
2179.039301,0.010204
2176.419214,0.010204
2173.799127,0.010204
2171.179039,0.010204
2168.558952,0.010204
2165.938865,0.008163
2163.318777,0.008163
2160.698690,0.008163
2158.078603,0.008163
2155.458515,0.008163
2152.838428,0.008163
2150.218341,0.008163
2147.598253,0.008163
2144.978166,0.008163
2142.358079,0.008163
2139.737991,0.008163
2137.117904,0.008163
2134.497817,0.008163
2131.877729,0.008163
2129.257642,0.008163
2126.637555,0.008163
2124.017467,0.008163
2121.397380,0.008163
2118.777293,0.008163
2116.157205,0.008163
2113.537118,0.008163
2110.917031,0.008163
2108.296943,0.008163
2105.676856,0.008163
2103.056769,0.008163
2100.436681,0.008163
2097.816594,0.008163
2095.196507,0.008163
2092.576419,0.008163
2089.956332,0.008163
2087.336245,0.008163
2084.716157,0.008163
2082.096070,0.008163
2079.475983,0.008163
2076.855895,0.008163
2074.235808,0.008163
2071.615721,0.008163
2068.995633,0.008163
2066.375546,0.008163
2063.755459,0.008163
2061.135371,0.008163
2058.515284,0.008163
2055.895197,0.008163
2053.275109,0.008163
2050.655022,0.008163
2048.034934,0.008163
2045.414847,0.008163
2042.794760,0.008163
2040.174672,0.008163
2037.554585,0.008163
2034.934498,0.008163
2032.314410,0.008163
2029.694323,0.008163
2027.074236,0.008163
2024.454148,0.008163
2021.834061,0.008163
2019.213974,0.008163
2016.593886,0.008163
2013.973799,0.008163
2011.353712,0.006122
2008.733624,0.008163
2006.113537,0.008163
2003.493450,0.008163
2000.873362,0.008163
1998.253275,0.008163
1995.633188,0.008163
1993.013100,0.008163
1990.393013,0.008163
1987.772926,0.006122
1985.152838,0.008163
1982.532751,0.008163
1979.912664,0.008163
1977.292576,0.008163
1974.672489,0.008163
1972.052402,0.008163
1969.432314,0.008163
1966.812227,0.008163
1964.192140,0.008163
1961.572052,0.008163
1958.951965,0.008163
1956.331878,0.008163
1953.711790,0.008163
1951.091703,0.008163
1948.471616,0.008163
1945.851528,0.008163
1943.231441,0.008163
1940.611354,0.008163
1937.991266,0.008163
1935.371179,0.010204
1932.751092,0.010204
1930.131004,0.010204
1927.510917,0.010204
1924.890830,0.010204
1922.270742,0.010204
1919.650655,0.012245
1917.030568,0.012245
1914.410480,0.012245
1911.790393,0.012245
1909.170306,0.012245
1906.550218,0.012245
1903.930131,0.014286
1901.310044,0.014286
1898.689956,0.014286
1896.069869,0.014286
1893.449782,0.014286
1890.829694,0.014286
1888.209607,0.014286
1885.589520,0.014286
1882.969432,0.014286
1880.349345,0.014286
1877.729258,0.014286
1875.109170,0.014286
1872.489083,0.014286
1869.868996,0.014286
1867.248908,0.014286
1864.628821,0.012245
1862.008734,0.012245
1859.388646,0.014286
1856.768559,0.014286
1854.148472,0.012245
1851.528384,0.012245
1848.908297,0.012245
1846.288210,0.012245
1843.668122,0.012245
1841.048035,0.010204
1838.427948,0.010204
1835.807860,0.010204
1833.187773,0.010204
1830.567686,0.010204
1827.947598,0.010204
1825.327511,0.008163
1822.707424,0.008163
1820.087336,0.008163
1817.467249,0.008163
1814.847162,0.008163
1812.227074,0.008163
1809.606987,0.008163
1806.986900,0.008163
1804.366812,0.008163
1801.746725,0.008163
1799.126638,0.008163
1796.506550,0.008163
1793.886463,0.008163
1791.266376,0.008163
1788.646288,0.006122
1786.026201,0.008163
1783.406114,0.008163
1780.786026,0.008163
1778.165939,0.008163
1775.545852,0.008163
1772.925764,0.010204
1770.305677,0.008163
1767.685590,0.008163
1765.065502,0.008163
1762.445415,0.010204
1759.825328,0.010204
1757.205240,0.010204
1754.585153,0.010204
1751.965066,0.010204
1749.344978,0.010204
1746.724891,0.010204
1744.104803,0.010204
1741.484716,0.010204
1738.864629,0.010204
1736.244541,0.012245
1733.624454,0.012245
1731.004367,0.010204
1728.384279,0.010204
1725.764192,0.010204
1723.144105,0.010204
1720.524017,0.010204
1717.903930,0.012245
1715.283843,0.010204
1712.663755,0.008163
1710.043668,0.008163
1707.423581,0.010204
1704.803493,0.010204
1702.183406,0.010204
1699.563319,0.010204
1696.943231,0.008163
1694.323144,0.006122
1691.703057,0.006122
1689.082969,0.008163
1686.462882,0.008163
1683.842795,0.008163
1681.222707,0.008163
1678.602620,0.006122
1675.982533,0.008163
1673.362445,0.008163
1670.742358,0.006122
1668.122271,0.006122
1665.502183,0.006122
1662.882096,0.008163
1660.262009,0.008163
1657.641921,0.008163
1655.021834,0.010204
1652.401747,0.010204
1649.781659,0.008163
1647.161572,0.006122
1644.541485,0.006122
1641.921397,0.008163
1639.301310,0.008163
1636.681223,0.010204
1634.061135,0.008163
1631.441048,0.008163
1628.820961,0.010204
1626.200873,0.010204
1623.580786,0.008163
1620.960699,0.008163
1618.340611,0.010204
1615.720524,0.010204
1613.100437,0.008163
1610.480349,0.010204
1607.860262,0.010204
1605.240175,0.008163
1602.620087,0.008163
1600.000000,0.008163
1597.379913,0.010204
1594.759825,0.010204
1592.139738,0.010204
1589.519651,0.010204
1586.899563,0.008163
1584.279476,0.010204
1581.659389,0.010204
1579.039301,0.010204
1576.419214,0.010204
1573.799127,0.008163
1571.179039,0.008163
1568.558952,0.008163
1565.938865,0.008163
1563.318777,0.008163
1560.698690,0.010204
1558.078603,0.010204
1555.458515,0.008163
1552.838428,0.006122
1550.218341,0.008163
1547.598253,0.008163
1544.978166,0.008163
1542.358079,0.008163
1539.737991,0.008163
1537.117904,0.006122
1534.497817,0.008163
1531.877729,0.008163
1529.257642,0.008163
1526.637555,0.010204
1524.017467,0.010204
1521.397380,0.010204
1518.777293,0.008163
1516.157205,0.010204
1513.537118,0.010204
1510.917031,0.012245
1508.296943,0.012245
1505.676856,0.012245
1503.056769,0.012245
1500.436681,0.016327
1497.816594,0.018367
1495.196507,0.018367
1492.576419,0.022449
1489.956332,0.026531
1487.336245,0.032653
1484.716157,0.038776
1482.096070,0.040816
1479.475983,0.040816
1476.855895,0.040816
1474.235808,0.055102
1471.615721,0.081633
1468.995633,0.093878
1466.375546,0.095918
1463.755459,0.095918
1461.135371,0.097959
1458.515284,0.097959
1455.895197,0.097959
1453.275109,0.093878
1450.655022,0.085714
1448.034934,0.081633
1445.414847,0.085714
1442.794760,0.085714
1440.174672,0.085714
1437.554585,0.083673
1434.934498,0.073469
1432.314410,0.057143
1429.694323,0.046939
1427.074236,0.040816
1424.454148,0.036735
1421.834061,0.034694
1419.213974,0.034694
1416.593886,0.040816
1413.973799,0.053061
1411.353712,0.057143
1408.733624,0.059184
1406.113537,0.059184
1403.493450,0.057143
1400.873362,0.069388
1398.253275,0.093878
1395.633188,0.134694
1393.013100,0.167347
1390.393013,0.173469
1387.772926,0.173469
1385.152838,0.163265
1382.532751,0.128571
1379.912664,0.102041
1377.292576,0.087755
1374.672489,0.077551
1372.052402,0.063265
1369.432314,0.057143
1366.812227,0.061224
1364.192140,0.063265
1361.572052,0.061224
1358.951965,0.048980
1356.331878,0.036735
1353.711790,0.032653
1351.091703,0.030612
1348.471616,0.032653
1345.851528,0.032653
1343.231441,0.034694
1340.611354,0.034694
1337.991266,0.032653
1335.371179,0.028571
1332.751092,0.024490
1330.131004,0.022449
1327.510917,0.022449
1324.890830,0.024490
1322.270742,0.026531
1319.650655,0.026531
1317.030568,0.030612
1314.410480,0.032653
1311.790393,0.034694
1309.170306,0.038776
1306.550218,0.042857
1303.930131,0.051020
1301.310044,0.061224
1298.689956,0.069388
1296.069869,0.071429
1293.449782,0.071429
1290.829694,0.069388
1288.209607,0.063265
1285.589520,0.053061
1282.969432,0.042857
1280.349345,0.036735
1277.729258,0.034694
1275.109170,0.036735
1272.489083,0.036735
1269.868996,0.036735
1267.248908,0.036735
1264.628821,0.036735
1262.008734,0.036735
1259.388646,0.036735
1256.768559,0.034694
1254.148472,0.032653
1251.528384,0.030612
1248.908297,0.028571
1246.288210,0.030612
1243.668122,0.032653
1241.048035,0.034694
1238.427948,0.038776
1235.807860,0.040816
1233.187773,0.042857
1230.567686,0.044898
1227.947598,0.042857
1225.327511,0.042857
1222.707424,0.044898
1220.087336,0.051020
1217.467249,0.057143
1214.847162,0.063265
1212.227074,0.067347
1209.606987,0.067347
1206.986900,0.065306
1204.366812,0.061224
1201.746725,0.057143
1199.126638,0.057143
1196.506550,0.065306
1193.886463,0.077551
1191.266376,0.100000
1188.646288,0.128571
1186.026201,0.148980
1183.406114,0.159184
1180.786026,0.171429
1178.165939,0.197959
1175.545852,0.240816
1172.925764,0.295918
1170.305677,0.338776
1167.685590,0.342857
1165.065502,0.342857
1162.445415,0.330612
1159.825328,0.291837
1157.205240,0.246939
1154.585153,0.216327
1151.965066,0.195918
1149.344978,0.189796
1146.724891,0.200000
1144.104803,0.220408
1141.484716,0.248980
1138.864629,0.291837
1136.244541,0.348980
1133.624454,0.414286
1131.004367,0.479592
1128.384279,0.540816
1125.764192,0.579592
1123.144105,0.604082
1120.524017,0.636735
1117.903930,0.683673
1115.283843,0.753061
1112.663755,0.851020
1110.043668,0.946939
1107.423581,0.997959
1104.803493,1.000000
1102.183406,0.997959
1099.563319,0.936735
1096.943231,0.793878
1094.323144,0.673469
1091.703057,0.767347
1089.082969,0.873469
1086.462882,0.959184
1083.842795,0.997959
1081.222707,0.997959
1078.602620,0.993878
1075.982533,0.936735
1073.362445,0.806122
1070.742358,0.659184
1068.122271,0.512245
1065.502183,0.391837
1062.882096,0.310204
1060.262009,0.248980
1057.641921,0.206122
1055.021834,0.173469
1052.401747,0.146939
1049.781659,0.128571
1047.161572,0.112245
1044.541485,0.100000
1041.921397,0.091837
1039.301310,0.083673
1036.681223,0.077551
1034.061135,0.073469
1031.441048,0.069388
1028.820961,0.067347
1026.200873,0.067347
1023.580786,0.065306
1020.960699,0.065306
1018.340611,0.065306
1015.720524,0.065306
1013.100437,0.063265
1010.480349,0.061224
1007.860262,0.061224
1005.240175,0.061224
1002.620087,0.061224
1000.000000,0.061224
997.379913,0.061224
994.759825,0.061224
992.139738,0.061224
989.519651,0.061224
986.899563,0.059184
984.279476,0.057143
981.659389,0.063265
979.039301,0.075510
976.419214,0.093878
973.799127,0.122449
971.179039,0.163265
968.558952,0.220408
965.938865,0.279592
963.318777,0.334694
960.698690,0.369388
958.078603,0.377551
955.458515,0.377551
952.838428,0.373469
950.218341,0.351020
947.598253,0.314286
944.978166,0.277551
942.358079,0.246939
939.737991,0.218367
937.117904,0.193878
934.497817,0.171429
931.877729,0.144898
929.257642,0.118367
926.637555,0.095918
924.017467,0.075510
921.397380,0.057143
918.777293,0.044898
916.157205,0.036735
913.537118,0.030612
910.917031,0.026531
908.296943,0.022449
905.676856,0.018367
903.056769,0.016327
900.436681,0.016327
897.816594,0.016327
895.196507,0.016327
892.576419,0.016327
889.956332,0.014286
887.336245,0.014286
884.716157,0.014286
882.096070,0.014286
879.475983,0.016327
876.855895,0.016327
874.235808,0.016327
871.615721,0.018367
868.995633,0.018367
866.375546,0.018367
863.755459,0.018367
861.135371,0.018367
858.515284,0.020408
855.895197,0.020408
853.275109,0.022449
850.655022,0.026531
848.034934,0.026531
845.414847,0.030612
842.794760,0.034694
840.174672,0.038776
837.554585,0.044898
834.934498,0.048980
832.314410,0.051020
829.694323,0.051020
827.074236,0.057143
824.454148,0.063265
821.834061,0.075510
819.213974,0.093878
816.593886,0.114286
813.973799,0.134694
811.353712,0.146939
808.733624,0.161224
806.113537,0.177551
803.493450,0.206122
800.873362,0.240816
798.253275,0.269388
795.633188,0.287755
793.013100,0.297959
790.393013,0.300000
787.772926,0.300000
785.152838,0.295918
782.532751,0.283673
779.912664,0.267347
777.292576,0.257143
774.672489,0.253061
772.052402,0.251020
769.432314,0.244898
766.812227,0.234694
764.192140,0.220408
761.572052,0.202041
758.951965,0.183673
756.331878,0.161224
753.711790,0.140816
751.091703,0.124490
748.471616,0.110204
745.851528,0.100000
743.231441,0.093878
740.611354,0.085714
737.991266,0.077551
735.371179,0.071429
732.751092,0.061224
730.131004,0.051020
727.510917,0.046939
724.890830,0.048980
722.270742,0.046939
719.650655,0.042857
717.030568,0.032653
714.410480,0.024490
711.790393,0.018367
709.170306,0.014286
706.550218,0.014286
703.930131,0.012245
701.310044,0.012245
698.689956,0.012245
696.069869,0.012245
693.449782,0.012245
690.829694,0.010204
688.209607,0.012245
685.589520,0.014286
682.969432,0.014286
680.349345,0.016327
677.729258,0.018367
675.109170,0.020408
672.489083,0.018367
669.868996,0.016327
667.248908,0.012245
664.628821,0.010204
662.008734,0.010204
659.388646,0.010204
656.768559,0.010204
654.148472,0.012245
651.528384,0.012245
648.908297,0.012245
646.288210,0.012245
643.668122,0.012245
641.048035,0.012245
638.427948,0.014286
635.807860,0.012245
633.187773,0.016327
630.567686,0.016327
627.947598,0.014286
625.327511,0.014286
622.707424,0.016327
620.087336,0.016327
617.467249,0.014286
614.847162,0.014286
612.227074,0.014286
609.606987,0.014286
606.986900,0.014286
604.366812,0.014286
601.746725,0.014286
599.126638,0.014286
596.506550,0.014286
593.886463,0.014286
591.266376,0.014286
588.646288,0.012245
586.026201,0.010204
583.406114,0.010204
580.786026,0.008163
578.165939,0.006122
575.545852,0.006122
572.925764,0.006122
570.305677,0.004082
567.685590,0.004082
565.065502,0.004082
562.445415,0.004082
559.825328,0.002041
557.205240,0.002041
554.585153,0.002041
551.965066,0.002041
549.344978,0.002041
546.724891,0.002041
544.104803,0.002041
541.484716,0.002041
538.864629,0.002041
536.244541,0.002041
533.624454,0.002041
531.004367,0.002041
528.384279,0.002041
525.764192,0.002041
523.144105,0.002041
520.524017,0.002041
517.903930,0.002041
515.283843,0.002041
512.663755,0.002041
510.043668,0.002041
507.423581,0.002041
504.803493,0.002041
502.183406,0.002041
499.563319,0.002041
496.943231,0.002041
494.323144,0.002041
491.703057,0.002041
489.082969,0.002041
486.462882,0.002041
483.842795,0.002041
481.222707,0.002041
478.602620,0.002041
475.982533,0.002041
473.362445,0.002041
470.742358,0.002041
468.122271,0.002041
465.502183,0.002041
462.882096,0.002041
460.262009,0.002041
457.641921,0.002041
455.021834,0.002041
452.401747,0.002041
449.781659,0.002041
447.161572,nan
444.541485,nan
441.921397,nan
439.301310,nan
436.681223,nan
434.061135,nan
431.441048,nan
428.820961,nan
426.200873,nan
423.580786,nan
420.960699,nan
418.340611,nan
415.720524,nan
413.100437,nan
410.480349,nan
407.860262,nan
405.240175,nan
402.620087,nan
400.000000,nan
