4000.000000,0.010204
3997.379913,0.012245
3994.759825,0.012245
3992.139738,0.010204
3989.519651,0.010204
3986.899563,0.010204
3984.279476,0.010204
3981.659389,0.010204
3979.039301,0.010204
3976.419214,0.010204
3973.799127,0.010204
3971.179039,0.010204
3968.558952,0.010204
3965.938865,0.010204
3963.318777,0.010204
3960.698690,0.010204
3958.078603,0.010204
3955.458515,0.010204
3952.838428,0.010204
3950.218341,0.010204
3947.598253,0.010204
3944.978166,0.010204
3942.358079,0.010204
3939.737991,0.010204
3937.117904,0.010204
3934.497817,0.010204
3931.877729,0.010204
3929.257642,0.010204
3926.637555,0.010204
3924.017467,0.010204
3921.397380,0.010204
3918.777293,0.010204
3916.157205,0.010204
3913.537118,0.010204
3910.917031,0.010204
3908.296943,0.010204
3905.676856,0.010204
3903.056769,0.010204
3900.436681,0.010204
3897.816594,0.010204
3895.196507,0.010204
3892.576419,0.010204
3889.956332,0.010204
3887.336245,0.010204
3884.716157,0.010204
3882.096070,0.010204
3879.475983,0.010204
3876.855895,0.010204
3874.235808,0.010204
3871.615721,0.010204
3868.995633,0.010204
3866.375546,0.010204
3863.755459,0.010204
3861.135371,0.010204
3858.515284,0.010204
3855.895197,0.010204
3853.275109,0.010204
3850.655022,0.010204
3848.034934,0.010204
3845.414847,0.010204
3842.794760,0.010204
3840.174672,0.010204
3837.554585,0.010204
3834.934498,0.010204
3832.314410,0.010204
3829.694323,0.010204
3827.074236,0.010204
3824.454148,0.010204
3821.834061,0.010204
3819.213974,0.010204
3816.593886,0.010204
3813.973799,0.012245
3811.353712,0.012245
3808.733624,0.012245
3806.113537,0.012245
3803.493450,0.012245
3800.873362,0.012245
3798.253275,0.012245
3795.633188,0.012245
3793.013100,0.012245
3790.393013,0.012245
3787.772926,0.012245
3785.152838,0.012245
3782.532751,0.012245
3779.912664,0.012245
3777.292576,0.012245
3774.672489,0.012245
3772.052402,0.012245
3769.432314,0.012245
3766.812227,0.012245
3764.192140,0.012245
3761.572052,0.014286
3758.951965,0.014286
3756.331878,0.014286
3753.711790,0.014286
3751.091703,0.014286
3748.471616,0.014286
3745.851528,0.014286
3743.231441,0.014286
3740.611354,0.014286
3737.991266,0.014286
3735.371179,0.014286
3732.751092,0.014286
3730.131004,0.014286
3727.510917,0.014286
3724.890830,0.014286
3722.270742,0.014286
3719.650655,0.014286
3717.030568,0.014286
3714.410480,0.016327
3711.790393,0.016327
3709.170306,0.016327
3706.550218,0.016327
3703.930131,0.016327
3701.310044,0.016327
3698.689956,0.016327
3696.069869,0.016327
3693.449782,0.016327
3690.829694,0.016327
3688.209607,0.016327
3685.589520,0.016327
3682.969432,0.014286
3680.349345,0.014286
3677.729258,0.014286
3675.109170,0.014286
3672.489083,0.012245
3669.868996,0.012245
3667.248908,0.012245
3664.628821,0.014286
3662.008734,0.014286
3659.388646,0.014286
3656.768559,0.014286
3654.148472,0.014286
3651.528384,0.014286
3648.908297,0.014286
3646.288210,0.014286
3643.668122,0.014286
3641.048035,0.014286
3638.427948,0.014286
3635.807860,0.016327
3633.187773,0.016327
3630.567686,0.016327
3627.947598,0.016327
3625.327511,0.014286
3622.707424,0.014286
3620.087336,0.014286
3617.467249,0.014286
3614.847162,0.014286
3612.227074,0.014286
3609.606987,0.014286
3606.986900,0.012245
3604.366812,0.012245
3601.746725,0.014286
3599.126638,0.014286
3596.506550,0.014286
3593.886463,0.014286
3591.266376,0.014286
3588.646288,0.012245
3586.026201,0.012245
3583.406114,0.012245
3580.786026,0.012245
3578.165939,0.012245
3575.545852,0.012245
3572.925764,0.012245
3570.305677,0.012245
3567.685590,0.012245
3565.065502,0.012245
3562.445415,0.012245
3559.825328,0.012245
3557.205240,0.012245
3554.585153,0.012245
3551.965066,0.012245
3549.344978,0.012245
3546.724891,0.012245
3544.104803,0.012245
3541.484716,0.012245
3538.864629,0.012245
3536.244541,0.012245
3533.624454,0.014286
3531.004367,0.014286
3528.384279,0.014286
3525.764192,0.014286
3523.144105,0.014286
3520.524017,0.014286
3517.903930,0.014286
3515.283843,0.014286
3512.663755,0.014286
3510.043668,0.014286
3507.423581,0.014286
3504.803493,0.014286
3502.183406,0.014286
3499.563319,0.014286
3496.943231,0.014286
3494.323144,0.014286
3491.703057,0.014286
3489.082969,0.014286
3486.462882,0.016327
3483.842795,0.016327
3481.222707,0.016327
3478.602620,0.016327
3475.982533,0.016327
3473.362445,0.016327
3470.742358,0.016327
3468.122271,0.016327
3465.502183,0.016327
3462.882096,0.016327
3460.262009,0.016327
3457.641921,0.016327
3455.021834,0.016327
3452.401747,0.016327
3449.781659,0.018367
3447.161572,0.018367
3444.541485,0.018367
3441.921397,0.018367
3439.301310,0.018367
3436.681223,0.018367
3434.061135,0.018367
3431.441048,0.018367
3428.820961,0.018367
3426.200873,0.018367
3423.580786,0.018367
3420.960699,0.018367
3418.340611,0.018367
3415.720524,0.018367
3413.100437,0.018367
3410.480349,0.018367
3407.860262,0.018367
3405.240175,0.018367
3402.620087,0.018367
3400.000000,0.018367
3397.379913,0.018367
3394.759825,0.018367
3392.139738,0.018367
3389.519651,0.018367
3386.899563,0.018367
3384.279476,0.018367
3381.659389,0.018367
3379.039301,0.018367
3376.419214,0.018367
3373.799127,0.018367
3371.179039,0.018367
3368.558952,0.018367
3365.938865,0.018367
3363.318777,0.018367
3360.698690,0.018367
3358.078603,0.018367
3355.458515,0.018367
3352.838428,0.018367
3350.218341,0.018367
3347.598253,0.018367
3344.978166,0.018367
3342.358079,0.018367
3339.737991,0.018367
3337.117904,0.018367
3334.497817,0.018367
3331.877729,0.018367
3329.257642,0.018367
3326.637555,0.018367
3324.017467,0.018367
3321.397380,0.018367
3318.777293,0.018367
3316.157205,0.018367
3313.537118,0.018367
3310.917031,0.018367
3308.296943,0.018367
3305.676856,0.018367
3303.056769,0.018367
3300.436681,0.018367
3297.816594,0.018367
3295.196507,0.018367
3292.576419,0.018367
3289.956332,0.018367
3287.336245,0.018367
3284.716157,0.018367
3282.096070,0.018367
3279.475983,0.018367
3276.855895,0.018367
3274.235808,0.018367
3271.615721,0.018367
3268.995633,0.018367
3266.375546,0.018367
3263.755459,0.018367
3261.135371,0.018367
3258.515284,0.018367
3255.895197,0.018367
3253.275109,0.018367
3250.655022,0.018367
3248.034934,0.018367
3245.414847,0.018367
3242.794760,0.018367
3240.174672,0.018367
3237.554585,0.018367
3234.934498,0.018367
3232.314410,0.018367
3229.694323,0.018367
3227.074236,0.018367
3224.454148,0.018367
3221.834061,0.018367
3219.213974,0.018367
3216.593886,0.018367
3213.973799,0.018367
3211.353712,0.018367
3208.733624,0.018367
3206.113537,0.018367
3203.493450,0.018367
3200.873362,0.018367
3198.253275,0.018367
3195.633188,0.018367
3193.013100,0.018367
3190.393013,0.018367
3187.772926,0.018367
3185.152838,0.018367
3182.532751,0.018367
3179.912664,0.018367
3177.292576,0.018367
3174.672489,0.018367
3172.052402,0.018367
3169.432314,0.018367
3166.812227,0.018367
3164.192140,0.020408
3161.572052,0.020408
3158.951965,0.020408
3156.331878,0.020408
3153.711790,0.020408
3151.091703,0.020408
3148.471616,0.020408
3145.851528,0.020408
3143.231441,0.022449
3140.611354,0.024490
3137.991266,0.028571
3135.371179,0.028571
3132.751092,0.028571
3130.131004,0.024490
3127.510917,0.022449
3124.890830,0.022449
3122.270742,0.022449
3119.650655,0.022449
3117.030568,0.022449
3114.410480,0.022449
3111.790393,0.022449
3109.170306,0.022449
3106.550218,0.022449
3103.930131,0.024490
3101.310044,0.026531
3098.689956,0.030612
3096.069869,0.038776
3093.449782,0.048980
3090.829694,0.051020
3088.209607,0.051020
3085.589520,0.046939
3082.969432,0.048980
3080.349345,0.061224
3077.729258,0.089796
3075.109170,0.130612
3072.489083,0.146939
3069.868996,0.146939
3067.248908,0.144898
3064.628821,0.116327
3062.008734,0.091837
3059.388646,0.093878
3056.768559,0.108163
3054.148472,0.116327
3051.528384,0.116327
3048.908297,0.116327
3046.288210,0.110204
3043.668122,0.097959
3041.048035,0.081633
3038.427948,0.069388
3035.807860,0.061224
3033.187773,0.063265
3030.567686,0.075510
3027.947598,0.083673
3025.327511,0.085714
3022.707424,0.085714
3020.087336,0.081633
3017.467249,0.075510
3014.847162,0.077551
3012.227074,0.079592
3009.606987,0.077551
3006.986900,0.073469
3004.366812,0.079592
3001.746725,0.079592
2999.126638,0.079592
2996.506550,0.069388
2993.886463,0.057143
2991.266376,0.048980
2988.646288,0.044898
2986.026201,0.046939
2983.406114,0.055102
2980.786026,0.065306
2978.165939,0.081633
2975.545852,0.102041
2972.925764,0.120408
2970.305677,0.132653
2967.685590,0.140816
2965.065502,0.142857
2962.445415,0.144898
2959.825328,0.142857
2957.205240,0.136735
2954.585153,0.120408
2951.965066,0.097959
2949.344978,0.079592
2946.724891,0.065306
2944.104803,0.055102
2941.484716,0.048980
2938.864629,0.042857
2936.244541,0.040816
2933.624454,0.038776
2931.004367,0.036735
2928.384279,0.036735
2925.764192,0.036735
2923.144105,0.036735
2920.524017,0.036735
2917.903930,0.038776
2915.283843,0.038776
2912.663755,0.038776
2910.043668,0.038776
2907.423581,0.042857
2904.803493,0.042857
2902.183406,0.044898
2899.563319,0.044898
2896.943231,0.044898
2894.323144,0.042857
2891.703057,0.038776
2889.082969,0.034694
2886.462882,0.030612
2883.842795,0.028571
2881.222707,0.026531
2878.602620,0.026531
2875.982533,0.024490
2873.362445,0.024490
2870.742358,0.022449
2868.122271,0.022449
2865.502183,0.020408
2862.882096,0.020408
2860.262009,0.020408
2857.641921,0.020408
2855.021834,0.020408
2852.401747,0.020408
2849.781659,0.020408
2847.161572,0.020408
2844.541485,0.020408
2841.921397,0.018367
2839.301310,0.016327
2836.681223,0.016327
2834.061135,0.016327
2831.441048,0.016327
2828.820961,0.016327
2826.200873,0.016327
2823.580786,0.016327
2820.960699,0.016327
2818.340611,0.016327
2815.720524,0.016327
2813.100437,0.014286
2810.480349,0.014286
2807.860262,0.014286
2805.240175,0.014286
2802.620087,0.014286
2800.000000,0.014286
2797.379913,0.016327
2794.759825,0.016327
2792.139738,0.016327
2789.519651,0.016327
2786.899563,0.016327
2784.279476,0.016327
2781.659389,0.016327
2779.039301,0.016327
2776.419214,0.016327
2773.799127,0.014286
2771.179039,0.014286
2768.558952,0.014286
2765.938865,0.012245
2763.318777,0.012245
2760.698690,0.012245
2758.078603,0.012245
2755.458515,0.012245
2752.838428,0.012245
2750.218341,0.012245
2747.598253,0.010204
2744.978166,0.010204
2742.358079,0.010204
2739.737991,0.010204
2737.117904,0.010204
2734.497817,0.010204
2731.877729,0.010204
2729.257642,0.010204
2726.637555,0.010204
2724.017467,0.010204
2721.397380,0.010204
2718.777293,0.010204
2716.157205,0.010204
2713.537118,0.010204
2710.917031,0.010204
2708.296943,0.012245
2705.676856,0.014286
2703.056769,0.014286
2700.436681,0.012245
2697.816594,0.012245
2695.196507,0.010204
2692.576419,0.010204
2689.956332,0.010204
2687.336245,0.010204
2684.716157,0.010204
2682.096070,0.010204
2679.475983,0.008163
2676.855895,0.008163
2674.235808,0.008163
2671.615721,0.008163
2668.995633,0.008163
2666.375546,0.008163
2663.755459,0.008163
2661.135371,0.008163
2658.515284,0.008163
2655.895197,0.008163
2653.275109,0.008163
2650.655022,0.010204
2648.034934,0.010204
2645.414847,0.008163
2642.794760,0.008163
2640.174672,0.008163
2637.554585,0.008163
2634.934498,0.008163
2632.314410,0.008163
2629.694323,0.008163
2627.074236,0.008163
2624.454148,0.008163
2621.834061,0.008163
2619.213974,0.010204
2616.593886,0.010204
2613.973799,0.010204
2611.353712,0.008163
2608.733624,0.008163
2606.113537,0.008163
2603.493450,0.008163
2600.873362,0.008163
2598.253275,0.008163
2595.633188,0.008163
2593.013100,0.008163
2590.393013,0.008163
2587.772926,0.008163
2585.152838,0.010204
2582.532751,0.010204
2579.912664,0.008163
2577.292576,0.008163
2574.672489,0.006122
2572.052402,0.006122
2569.432314,0.006122
2566.812227,0.008163
2564.192140,0.008163
2561.572052,0.008163
2558.951965,0.008163
2556.331878,0.006122
2553.711790,0.006122
2551.091703,0.006122
2548.471616,0.006122
2545.851528,0.006122
2543.231441,0.006122
2540.611354,0.006122
2537.991266,0.006122
2535.371179,0.006122
2532.751092,0.006122
2530.131004,0.006122
2527.510917,0.008163
2524.890830,0.008163
2522.270742,0.008163
2519.650655,0.008163
2517.030568,0.008163
2514.410480,0.008163
2511.790393,0.008163
2509.170306,0.008163
2506.550218,0.008163
2503.930131,0.008163
2501.310044,0.008163
2498.689956,0.008163
2496.069869,0.010204
2493.449782,0.010204
2490.829694,0.010204
2488.209607,0.008163
2485.589520,0.008163
2482.969432,0.006122
2480.349345,0.006122
2477.729258,0.006122
2475.109170,0.006122
2472.489083,0.006122
2469.868996,0.006122
2467.248908,0.006122
2464.628821,0.006122
2462.008734,0.006122
2459.388646,0.006122
2456.768559,0.006122
2454.148472,0.006122
2451.528384,0.006122
2448.908297,0.006122
2446.288210,0.006122
2443.668122,0.006122
2441.048035,0.006122
2438.427948,0.006122
2435.807860,0.006122
2433.187773,0.006122
2430.567686,0.006122
2427.947598,0.006122
2425.327511,0.006122
2422.707424,0.006122
2420.087336,0.006122
2417.467249,0.006122
2414.847162,0.006122
2412.227074,0.006122
2409.606987,0.006122
2406.986900,0.006122
2404.366812,0.006122
2401.746725,0.006122
2399.126638,0.006122
2396.506550,0.006122
2393.886463,0.006122
2391.266376,0.006122
2388.646288,0.006122
2386.026201,0.006122
2383.406114,0.006122
2380.786026,0.006122
2378.165939,0.006122
2375.545852,0.006122
2372.925764,0.006122
2370.305677,0.006122
2367.685590,0.006122
2365.065502,0.006122
2362.445415,0.006122
2359.825328,0.006122
2357.205240,0.006122
2354.585153,0.006122
2351.965066,0.006122
2349.344978,0.006122
2346.724891,0.006122
2344.104803,0.006122
2341.484716,0.006122
2338.864629,0.006122
2336.244541,0.006122
2333.624454,0.006122
2331.004367,0.006122
2328.384279,0.006122
2325.764192,0.006122
2323.144105,0.006122
2320.524017,0.008163
2317.903930,0.008163
2315.283843,0.008163
2312.663755,0.006122
2310.043668,0.006122
2307.423581,0.006122
2304.803493,0.006122
2302.183406,0.006122
2299.563319,0.004082
2296.943231,0.006122
2294.323144,0.006122
2291.703057,0.006122
2289.082969,0.006122
2286.462882,0.006122
2283.842795,0.004082
2281.222707,0.004082
2278.602620,0.004082
2275.982533,0.004082
2273.362445,0.004082
2270.742358,0.004082
2268.122271,0.004082
2265.502183,0.004082
2262.882096,0.004082
2260.262009,0.006122
2257.641921,0.006122
2255.021834,0.006122
2252.401747,0.006122
2249.781659,0.006122
2247.161572,0.006122
2244.541485,0.006122
2241.921397,0.006122
2239.301310,0.006122
2236.681223,0.006122
2234.061135,0.008163
2231.441048,0.008163
2228.820961,0.006122
2226.200873,0.006122
2223.580786,0.006122
2220.960699,0.006122
2218.340611,0.004082
2215.720524,0.004082
2213.100437,0.004082
2210.480349,0.004082
2207.860262,0.004082
2205.240175,0.004082
2202.620087,0.004082
2200.000000,0.004082
2197.379913,0.004082
2194.759825,0.004082
2192.139738,0.004082
2189.519651,0.004082
2186.899563,0.004082
2184.279476,0.004082
2181.659389,0.004082
2179.039301,0.004082
2176.419214,0.004082
2173.799127,0.004082
2171.179039,0.004082
2168.558952,0.004082
2165.938865,0.004082
2163.318777,0.004082
2160.698690,0.004082
2158.078603,0.004082
2155.458515,0.004082
2152.838428,0.004082
2150.218341,0.004082
2147.598253,0.006122
2144.978166,0.006122
2142.358079,0.004082
2139.737991,0.004082
2137.117904,0.004082
2134.497817,0.004082
2131.877729,0.004082
2129.257642,0.004082
2126.637555,0.004082
2124.017467,0.004082
2121.397380,0.004082
2118.777293,0.004082
2116.157205,0.004082
2113.537118,0.004082
2110.917031,0.004082
2108.296943,0.006122
2105.676856,0.006122
2103.056769,0.006122
2100.436681,0.006122
2097.816594,0.006122
2095.196507,0.006122
2092.576419,0.006122
2089.956332,0.004082
2087.336245,0.004082
2084.716157,0.004082
2082.096070,0.004082
2079.475983,0.004082
2076.855895,0.004082
2074.235808,0.006122
2071.615721,0.006122
2068.995633,0.006122
2066.375546,0.006122
2063.755459,0.006122
2061.135371,0.006122
2058.515284,0.006122
2055.895197,0.006122
2053.275109,0.008163
2050.655022,0.008163
2048.034934,0.008163
2045.414847,0.008163
2042.794760,0.008163
2040.174672,0.006122
2037.554585,0.006122
2034.934498,0.004082
2032.314410,0.004082
2029.694323,0.004082
2027.074236,0.004082
2024.454148,0.004082
2021.834061,0.004082
2019.213974,0.004082
2016.593886,0.004082
2013.973799,0.004082
2011.353712,0.004082
2008.733624,0.004082
2006.113537,0.004082
2003.493450,0.004082
2000.873362,0.004082
1998.253275,0.004082
1995.633188,0.004082
1993.013100,0.004082
1990.393013,0.006122
1987.772926,0.006122
1985.152838,0.008163
1982.532751,0.008163
1979.912664,0.010204
1977.292576,0.012245
1974.672489,0.012245
1972.052402,0.014286
1969.432314,0.014286
1966.812227,0.014286
1964.192140,0.018367
1961.572052,0.022449
1958.951965,0.024490
1956.331878,0.024490
1953.711790,0.024490
1951.091703,0.020408
1948.471616,0.018367
1945.851528,0.014286
1943.231441,0.010204
1940.611354,0.008163
1937.991266,0.006122
1935.371179,0.006122
1932.751092,0.006122
1930.131004,0.006122
1927.510917,0.006122
1924.890830,0.006122
1922.270742,0.008163
1919.650655,0.010204
1917.030568,0.012245
1914.410480,0.014286
1911.790393,0.014286
1909.170306,0.014286
1906.550218,0.014286
1903.930131,0.014286
1901.310044,0.014286
1898.689956,0.014286
1896.069869,0.014286
1893.449782,0.012245
1890.829694,0.014286
1888.209607,0.018367
1885.589520,0.020408
1882.969432,0.020408
1880.349345,0.018367
1877.729258,0.016327
1875.109170,0.012245
1872.489083,0.008163
1869.868996,0.006122
1867.248908,0.004082
1864.628821,0.004082
1862.008734,0.004082
1859.388646,0.004082
1856.768559,0.004082
1854.148472,0.004082
1851.528384,0.004082
1848.908297,0.004082
1846.288210,0.004082
1843.668122,0.006122
1841.048035,0.006122
1838.427948,0.008163
1835.807860,0.008163
1833.187773,0.010204
1830.567686,0.010204
1827.947598,0.012245
1825.327511,0.014286
1822.707424,0.016327
1820.087336,0.018367
1817.467249,0.018367
1814.847162,0.018367
1812.227074,0.016327
1809.606987,0.012245
1806.986900,0.008163
1804.366812,0.006122
1801.746725,0.004082
1799.126638,0.004082
1796.506550,0.004082
1793.886463,0.004082
1791.266376,0.004082
1788.646288,0.004082
1786.026201,0.004082
1783.406114,0.004082
1780.786026,0.006122
1778.165939,0.008163
1775.545852,0.010204
1772.925764,0.008163
1770.305677,0.010204
1767.685590,0.010204
1765.065502,0.012245
1762.445415,0.012245
1759.825328,0.010204
1757.205240,0.008163
1754.585153,0.008163
1751.965066,0.008163
1749.344978,0.006122
1746.724891,0.006122
1744.104803,0.006122
1741.484716,0.006122
1738.864629,0.006122
1736.244541,0.006122
1733.624454,0.006122
1731.004367,0.006122
1728.384279,0.006122
1725.764192,0.006122
1723.144105,0.006122
1720.524017,0.006122
1717.903930,0.006122
1715.283843,0.006122
1712.663755,0.006122
1710.043668,0.008163
1707.423581,0.008163
1704.803493,0.008163
1702.183406,0.008163
1699.563319,0.008163
1696.943231,0.010204
1694.323144,0.010204
1691.703057,0.010204
1689.082969,0.010204
1686.462882,0.010204
1683.842795,0.010204
1681.222707,0.012245
1678.602620,0.012245
1675.982533,0.012245
1673.362445,0.012245
1670.742358,0.014286
1668.122271,0.014286
1665.502183,0.016327
1662.882096,0.016327
1660.262009,0.018367
1657.641921,0.020408
1655.021834,0.020408
1652.401747,0.022449
1649.781659,0.022449
1647.161572,0.022449
1644.541485,0.022449
1641.921397,0.020408
1639.301310,0.020408
1636.681223,0.018367
1634.061135,0.018367
1631.441048,0.018367
1628.820961,0.018367
1626.200873,0.020408
1623.580786,0.020408
1620.960699,0.022449
1618.340611,0.024490
1615.720524,0.024490
1613.100437,0.024490
1610.480349,0.024490
1607.860262,0.024490
1605.240175,0.026531
1602.620087,0.026531
1600.000000,0.030612
1597.379913,0.038776
1594.759825,0.075510
1592.139738,0.097959
1589.519651,0.097959
1586.899563,0.081633
1584.279476,0.046939
1581.659389,0.036735
1579.039301,0.032653
1576.419214,0.028571
1573.799127,0.024490
1571.179039,0.022449
1568.558952,0.022449
1565.938865,0.020408
1563.318777,0.018367
1560.698690,0.018367
1558.078603,0.016327
1555.458515,0.016327
1552.838428,0.016327
1550.218341,0.016327
1547.598253,0.016327
1544.978166,0.014286
1542.358079,0.014286
1539.737991,0.012245
1537.117904,0.010204
1534.497817,0.010204
1531.877729,0.010204
1529.257642,0.010204
1526.637555,0.008163
1524.017467,0.008163
1521.397380,0.008163
1518.777293,0.008163
1516.157205,0.008163
1513.537118,0.008163
1510.917031,0.008163
1508.296943,0.010204
1505.676856,0.010204
1503.056769,0.010204
1500.436681,0.012245
1497.816594,0.012245
1495.196507,0.018367
1492.576419,0.024490
1489.956332,0.044898
1487.336245,0.055102
1484.716157,0.055102
1482.096070,0.046939
1479.475983,0.028571
1476.855895,0.020408
1474.235808,0.016327
1471.615721,0.016327
1468.995633,0.018367
1466.375546,0.018367
1463.755459,0.020408
1461.135371,0.024490
1458.515284,0.024490
1455.895197,0.026531
1453.275109,0.028571
1450.655022,0.028571
1448.034934,0.032653
1445.414847,0.040816
1442.794760,0.044898
1440.174672,0.051020
1437.554585,0.069388
1434.934498,0.097959
1432.314410,0.193878
1429.694323,0.355102
1427.074236,0.361224
1424.454148,0.361224
1421.834061,0.161224
1419.213974,0.095918
1416.593886,0.091837
1413.973799,0.095918
1411.353712,0.100000
1408.733624,0.097959
1406.113537,0.097959
1403.493450,0.100000
1400.873362,0.100000
1398.253275,0.093878
1395.633188,0.083673
1393.013100,0.071429
1390.393013,0.057143
1387.772926,0.048980
1385.152838,0.040816
1382.532751,0.036735
1379.912664,0.034694
1377.292576,0.034694
1374.672489,0.034694
1372.052402,0.030612
1369.432314,0.028571
1366.812227,0.024490
1364.192140,0.022449
1361.572052,0.020408
1358.951965,0.020408
1356.331878,0.018367
1353.711790,0.016327
1351.091703,0.016327
1348.471616,0.016327
1345.851528,0.016327
1343.231441,0.022449
1340.611354,0.034694
1337.991266,0.044898
1335.371179,0.044898
1332.751092,0.042857
1330.131004,0.034694
1327.510917,0.026531
1324.890830,0.026531
1322.270742,0.030612
1319.650655,0.034694
1317.030568,0.040816
1314.410480,0.042857
1311.790393,0.044898
1309.170306,0.051020
1306.550218,0.059184
1303.930131,0.063265
1301.310044,0.061224
1298.689956,0.055102
1296.069869,0.040816
1293.449782,0.028571
1290.829694,0.022449
1288.209607,0.022449
1285.589520,0.024490
1282.969432,0.028571
1280.349345,0.032653
1277.729258,0.036735
1275.109170,0.046939
1272.489083,0.069388
1269.868996,0.116327
1267.248908,0.204082
1264.628821,0.306122
1262.008734,0.412245
1259.388646,0.473469
1256.768559,0.557143
1254.148472,0.559184
1251.528384,0.557143
1248.908297,0.400000
1246.288210,0.206122
1243.668122,0.112245
1241.048035,0.067347
1238.427948,0.048980
1235.807860,0.036735
1233.187773,0.028571
1230.567686,0.024490
1227.947598,0.020408
1225.327511,0.018367
1222.707424,0.016327
1220.087336,0.016327
1217.467249,0.016327
1214.847162,0.016327
1212.227074,0.016327
1209.606987,0.016327
1206.986900,0.016327
1204.366812,0.016327
1201.746725,0.018367
1199.126638,0.020408
1196.506550,0.026531
1193.886463,0.034694
1191.266376,0.038776
1188.646288,0.038776
1186.026201,0.034694
1183.406114,0.024490
1180.786026,0.018367
1178.165939,0.016327
1175.545852,0.014286
1172.925764,0.014286
1170.305677,0.016327
1167.685590,0.018367
1165.065502,0.020408
1162.445415,0.024490
1159.825328,0.024490
1157.205240,0.026531
1154.585153,0.026531
1151.965066,0.024490
1149.344978,0.024490
1146.724891,0.028571
1144.104803,0.030612
1141.484716,0.032653
1138.864629,0.040816
1136.244541,0.048980
1133.624454,0.059184
1131.004367,0.085714
1128.384279,0.132653
1125.764192,0.226531
1123.144105,0.448980
1120.524017,0.742857
1117.903930,0.781633
1115.283843,0.781633
1112.663755,0.542857
1110.043668,0.269388
1107.423581,0.140816
1104.803493,0.100000
1102.183406,0.077551
1099.563319,0.065306
1096.943231,0.067347
1094.323144,0.065306
1091.703057,0.061224
1089.082969,0.057143
1086.462882,0.057143
1083.842795,0.057143
1081.222707,0.059184
1078.602620,0.059184
1075.982533,0.057143
1073.362445,0.053061
1070.742358,0.055102
1068.122271,0.055102
1065.502183,0.055102
1062.882096,0.053061
1060.262009,0.046939
1057.641921,0.042857
1055.021834,0.042857
1052.401747,0.040816
1049.781659,0.038776
1047.161572,0.036735
1044.541485,0.036735
1041.921397,0.032653
1039.301310,0.030612
1036.681223,0.030612
1034.061135,0.028571
1031.441048,0.028571
1028.820961,0.028571
1026.200873,0.026531
1023.580786,0.024490
1020.960699,0.022449
1018.340611,0.020408
1015.720524,0.020408
1013.100437,0.020408
1010.480349,0.020408
1007.860262,0.020408
1005.240175,0.020408
1002.620087,0.044898
1000.000000,0.069388
997.379913,0.069388
994.759825,0.057143
992.139738,0.024490
989.519651,0.022449
986.899563,0.022449
984.279476,0.022449
981.659389,0.020408
979.039301,0.020408
976.419214,0.018367
973.799127,0.018367
971.179039,0.018367
968.558952,0.016327
965.938865,0.014286
963.318777,0.014286
960.698690,0.014286
958.078603,0.012245
955.458515,0.012245
952.838428,0.012245
950.218341,0.014286
947.598253,0.016327
944.978166,0.016327
942.358079,0.018367
939.737991,0.020408
937.117904,0.020408
934.497817,0.020408
931.877729,0.020408
929.257642,0.020408
926.637555,0.020408
924.017467,0.022449
921.397380,0.022449
918.777293,0.024490
916.157205,0.026531
913.537118,0.024490
910.917031,0.024490
908.296943,0.024490
905.676856,0.026531
903.056769,0.026531
900.436681,0.028571
897.816594,0.032653
895.196507,0.034694
892.576419,0.036735
889.956332,0.040816
887.336245,0.044898
884.716157,0.048980
882.096070,0.055102
879.475983,0.063265
876.855895,0.069388
874.235808,0.077551
871.615721,0.087755
868.995633,0.097959
866.375546,0.110204
863.755459,0.126531
861.135371,0.148980
858.515284,0.179592
855.895197,0.224490
853.275109,0.291837
850.655022,0.402041
848.034934,0.561224
845.414847,0.722449
842.794760,0.761224
840.174672,0.771429
837.554585,0.771429
834.934498,0.683673
832.314410,0.493878
829.694323,0.381633
827.074236,0.328571
824.454148,0.404082
821.834061,0.522449
819.213974,0.765306
816.593886,1.000000
813.973799,1.000000
811.353712,0.940816
808.733624,0.902041
806.113537,0.851020
803.493450,0.569388
800.873362,0.426531
798.253275,0.497959
795.633188,0.657143
793.013100,0.875510
790.393013,0.875510
787.772926,0.859184
785.152838,0.648980
782.532751,0.408163
779.912664,0.261224
777.292576,0.169388
774.672489,0.118367
772.052402,0.093878
769.432314,0.073469
766.812227,0.065306
764.192140,0.065306
761.572052,0.073469
758.951965,0.091837
756.331878,0.130612
753.711790,0.177551
751.091703,0.181633
748.471616,0.181633
745.851528,0.177551
743.231441,0.228571
740.611354,0.320408
737.991266,0.446939
735.371179,0.563265
732.751092,0.581633
730.131004,0.581633
727.510917,0.477551
724.890830,0.291837
722.270742,0.173469
719.650655,0.122449
717.030568,0.146939
714.410480,0.238776
711.790393,0.420408
709.170306,0.500000
706.550218,0.500000
703.930131,0.477551
701.310044,0.416327
698.689956,0.583673
696.069869,0.583673
693.449782,0.567347
690.829694,0.340816
688.209607,0.161224
685.589520,0.093878
682.969432,0.067347
680.349345,0.063265
677.729258,0.065306
675.109170,0.065306
672.489083,0.065306
669.868996,0.097959
667.248908,0.179592
664.628821,0.338776
662.008734,0.406122
659.388646,0.406122
656.768559,0.377551
654.148472,0.216327
651.528384,0.114286
648.908297,0.065306
646.288210,0.040816
643.668122,0.028571
641.048035,0.022449
638.427948,0.016327
635.807860,0.012245
633.187773,0.012245
630.567686,0.010204
627.947598,0.010204
625.327511,0.008163
622.707424,0.012245
620.087336,0.014286
617.467249,0.014286
614.847162,0.010204
612.227074,0.008163
609.606987,0.008163
606.986900,0.008163
604.366812,0.008163
601.746725,0.008163
599.126638,0.008163
596.506550,0.008163
593.886463,0.008163
591.266376,0.008163
588.646288,0.008163
586.026201,0.006122
583.406114,0.006122
580.786026,0.006122
578.165939,0.004082
575.545852,0.004082
572.925764,0.004082
570.305677,0.004082
567.685590,0.004082
565.065502,0.004082
562.445415,0.004082
559.825328,0.004082
557.205240,0.004082
554.585153,0.002041
551.965066,0.002041
549.344978,0.002041
546.724891,0.002041
544.104803,0.002041
541.484716,0.002041
538.864629,0.002041
536.244541,0.002041
533.624454,0.002041
531.004367,0.002041
528.384279,0.002041
525.764192,0.002041
523.144105,0.002041
520.524017,0.002041
517.903930,0.002041
515.283843,0.002041
512.663755,0.002041
510.043668,0.002041
507.423581,0.002041
504.803493,0.002041
502.183406,0.002041
499.563319,0.002041
496.943231,0.002041
494.323144,0.002041
491.703057,0.002041
489.082969,0.002041
486.462882,0.002041
483.842795,0.002041
481.222707,0.002041
478.602620,0.002041
475.982533,0.002041
473.362445,0.002041
470.742358,0.002041
468.122271,0.002041
465.502183,0.002041
462.882096,0.002041
460.262009,0.002041
457.641921,0.002041
455.021834,0.002041
452.401747,0.002041
449.781659,0.002041
447.161572,nan
444.541485,nan
441.921397,nan
439.301310,nan
436.681223,nan
434.061135,nan
431.441048,nan
428.820961,nan
426.200873,nan
423.580786,nan
420.960699,nan
418.340611,nan
415.720524,nan
413.100437,nan
410.480349,nan
407.860262,nan
405.240175,nan
402.620087,nan
400.000000,nan
