4000.000000,0.010204
3997.379913,0.010204
3994.759825,0.010204
3992.139738,0.010204
3989.519651,0.010204
3986.899563,0.010204
3984.279476,0.010204
3981.659389,0.010204
3979.039301,0.010204
3976.419214,0.010204
3973.799127,0.010204
3971.179039,0.010204
3968.558952,0.010204
3965.938865,0.010204
3963.318777,0.010204
3960.698690,0.010204
3958.078603,0.010204
3955.458515,0.010204
3952.838428,0.010204
3950.218341,0.010204
3947.598253,0.010204
3944.978166,0.010204
3942.358079,0.010204
3939.737991,0.010204
3937.117904,0.010204
3934.497817,0.010204
3931.877729,0.010204
3929.257642,0.010204
3926.637555,0.010204
3924.017467,0.010204
3921.397380,0.010204
3918.777293,0.010204
3916.157205,0.010204
3913.537118,0.010204
3910.917031,0.010204
3908.296943,0.010204
3905.676856,0.010204
3903.056769,0.010204
3900.436681,0.010204
3897.816594,0.010204
3895.196507,0.008163
3892.576419,0.008163
3889.956332,0.010204
3887.336245,0.010204
3884.716157,0.008163
3882.096070,0.010204
3879.475983,0.008163
3876.855895,0.008163
3874.235808,0.008163
3871.615721,0.008163
3868.995633,0.008163
3866.375546,0.008163
3863.755459,0.008163
3861.135371,0.008163
3858.515284,0.008163
3855.895197,0.008163
3853.275109,0.010204
3850.655022,0.010204
3848.034934,0.008163
3845.414847,0.008163
3842.794760,0.008163
3840.174672,0.010204
3837.554585,0.010204
3834.934498,0.010204
3832.314410,0.008163
3829.694323,0.008163
3827.074236,0.008163
3824.454148,0.008163
3821.834061,0.008163
3819.213974,0.008163
3816.593886,0.008163
3813.973799,0.008163
3811.353712,0.008163
3808.733624,0.008163
3806.113537,0.008163
3803.493450,0.010204
3800.873362,0.008163
3798.253275,0.008163
3795.633188,0.008163
3793.013100,0.008163
3790.393013,0.008163
3787.772926,0.008163
3785.152838,0.010204
3782.532751,0.010204
3779.912664,0.010204
3777.292576,0.008163
3774.672489,0.008163
3772.052402,0.010204
3769.432314,0.010204
3766.812227,0.010204
3764.192140,0.010204
3761.572052,0.010204
3758.951965,0.010204
3756.331878,0.010204
3753.711790,0.010204
3751.091703,0.010204
3748.471616,0.010204
3745.851528,0.008163
3743.231441,0.008163
3740.611354,0.008163
3737.991266,0.008163
3735.371179,0.008163
3732.751092,0.008163
3730.131004,0.008163
3727.510917,0.008163
3724.890830,0.008163
3722.270742,0.008163
3719.650655,0.008163
3717.030568,0.008163
3714.410480,0.008163
3711.790393,0.010204
3709.170306,0.010204
3706.550218,0.008163
3703.930131,0.008163
3701.310044,0.010204
3698.689956,0.010204
3696.069869,0.008163
3693.449782,0.010204
3690.829694,0.010204
3688.209607,0.010204
3685.589520,0.008163
3682.969432,0.008163
3680.349345,0.008163
3677.729258,0.008163
3675.109170,0.010204
3672.489083,0.010204
3669.868996,0.008163
3667.248908,0.008163
3664.628821,0.008163
3662.008734,0.008163
3659.388646,0.008163
3656.768559,0.008163
3654.148472,0.010204
3651.528384,0.010204
3648.908297,0.010204
3646.288210,0.010204
3643.668122,0.008163
3641.048035,0.008163
3638.427948,0.010204
3635.807860,0.010204
3633.187773,0.010204
3630.567686,0.010204
3627.947598,0.010204
3625.327511,0.010204
3622.707424,0.008163
3620.087336,0.008163
3617.467249,0.008163
3614.847162,0.008163
3612.227074,0.008163
3609.606987,0.008163
3606.986900,0.010204
3604.366812,0.008163
3601.746725,0.008163
3599.126638,0.008163
3596.506550,0.008163
3593.886463,0.008163
3591.266376,0.008163
3588.646288,0.008163
3586.026201,0.008163
3583.406114,0.008163
3580.786026,0.008163
3578.165939,0.008163
3575.545852,0.008163
3572.925764,0.008163
3570.305677,0.010204
3567.685590,0.010204
3565.065502,0.010204
3562.445415,0.008163
3559.825328,0.008163
3557.205240,0.008163
3554.585153,0.010204
3551.965066,0.010204
3549.344978,0.010204
3546.724891,0.010204
3544.104803,0.010204
3541.484716,0.010204
3538.864629,0.010204
3536.244541,0.010204
3533.624454,0.010204
3531.004367,0.010204
3528.384279,0.010204
3525.764192,0.010204
3523.144105,0.010204
3520.524017,0.010204
3517.903930,0.010204
3515.283843,0.010204
3512.663755,0.010204
3510.043668,0.010204
3507.423581,0.010204
3504.803493,0.010204
3502.183406,0.010204
3499.563319,0.010204
3496.943231,0.010204
3494.323144,0.010204
3491.703057,0.010204
3489.082969,0.010204
3486.462882,0.010204
3483.842795,0.010204
3481.222707,0.010204
3478.602620,0.010204
3475.982533,0.010204
3473.362445,0.010204
3470.742358,0.010204
3468.122271,0.010204
3465.502183,0.010204
3462.882096,0.010204
3460.262009,0.010204
3457.641921,0.010204
3455.021834,0.010204
3452.401747,0.010204
3449.781659,0.010204
3447.161572,0.010204
3444.541485,0.010204
3441.921397,0.010204
3439.301310,0.012245
3436.681223,0.012245
3434.061135,0.010204
3431.441048,0.010204
3428.820961,0.010204
3426.200873,0.010204
3423.580786,0.010204
3420.960699,0.012245
3418.340611,0.012245
3415.720524,0.012245
3413.100437,0.012245
3410.480349,0.012245
3407.860262,0.010204
3405.240175,0.012245
3402.620087,0.012245
3400.000000,0.012245
3397.379913,0.010204
3394.759825,0.012245
3392.139738,0.012245
3389.519651,0.012245
3386.899563,0.010204
3384.279476,0.012245
3381.659389,0.012245
3379.039301,0.010204
3376.419214,0.010204
3373.799127,0.010204
3371.179039,0.012245
3368.558952,0.012245
3365.938865,0.012245
3363.318777,0.010204
3360.698690,0.012245
3358.078603,0.012245
3355.458515,0.012245
3352.838428,0.012245
3350.218341,0.010204
3347.598253,0.012245
3344.978166,0.012245
3342.358079,0.012245
3339.737991,0.012245
3337.117904,0.012245
3334.497817,0.012245
3331.877729,0.012245
3329.257642,0.012245
3326.637555,0.010204
3324.017467,0.010204
3321.397380,0.010204
3318.777293,0.010204
3316.157205,0.010204
3313.537118,0.010204
3310.917031,0.010204
3308.296943,0.010204
3305.676856,0.010204
3303.056769,0.010204
3300.436681,0.012245
3297.816594,0.012245
3295.196507,0.010204
3292.576419,0.010204
3289.956332,0.012245
3287.336245,0.012245
3284.716157,0.012245
3282.096070,0.012245
3279.475983,0.010204
3276.855895,0.012245
3274.235808,0.012245
3271.615721,0.010204
3268.995633,0.010204
3266.375546,0.012245
3263.755459,0.012245
3261.135371,0.012245
3258.515284,0.012245
3255.895197,0.012245
3253.275109,0.012245
3250.655022,0.012245
3248.034934,0.012245
3245.414847,0.012245
3242.794760,0.012245
3240.174672,0.012245
3237.554585,0.012245
3234.934498,0.012245
3232.314410,0.012245
3229.694323,0.012245
3227.074236,0.012245
3224.454148,0.012245
3221.834061,0.012245
3219.213974,0.012245
3216.593886,0.012245
3213.973799,0.012245
3211.353712,0.012245
3208.733624,0.012245
3206.113537,0.012245
3203.493450,0.012245
3200.873362,0.012245
3198.253275,0.012245
3195.633188,0.012245
3193.013100,0.012245
3190.393013,0.012245
3187.772926,0.012245
3185.152838,0.012245
3182.532751,0.012245
3179.912664,0.012245
3177.292576,0.012245
3174.672489,0.012245
3172.052402,0.012245
3169.432314,0.012245
3166.812227,0.012245
3164.192140,0.012245
3161.572052,0.012245
3158.951965,0.014286
3156.331878,0.014286
3153.711790,0.014286
3151.091703,0.014286
3148.471616,0.016327
3145.851528,0.016327
3143.231441,0.016327
3140.611354,0.016327
3137.991266,0.016327
3135.371179,0.014286
3132.751092,0.014286
3130.131004,0.014286
3127.510917,0.014286
3124.890830,0.014286
3122.270742,0.014286
3119.650655,0.016327
3117.030568,0.016327
3114.410480,0.016327
3111.790393,0.018367
3109.170306,0.020408
3106.550218,0.022449
3103.930131,0.024490
3101.310044,0.024490
3098.689956,0.024490
3096.069869,0.024490
3093.449782,0.026531
3090.829694,0.032653
3088.209607,0.040816
3085.589520,0.048980
3082.969432,0.051020
3080.349345,0.051020
3077.729258,0.048980
3075.109170,0.042857
3072.489083,0.036735
3069.868996,0.036735
3067.248908,0.040816
3064.628821,0.042857
3062.008734,0.046939
3059.388646,0.046939
3056.768559,0.046939
3054.148472,0.044898
3051.528384,0.040816
3048.908297,0.036735
3046.288210,0.034694
3043.668122,0.032653
3041.048035,0.032653
3038.427948,0.032653
3035.807860,0.032653
3033.187773,0.032653
3030.567686,0.032653
3027.947598,0.032653
3025.327511,0.032653
3022.707424,0.032653
3020.087336,0.030612
3017.467249,0.030612
3014.847162,0.032653
3012.227074,0.032653
3009.606987,0.030612
3006.986900,0.026531
3004.366812,0.022449
3001.746725,0.020408
2999.126638,0.020408
2996.506550,0.018367
2993.886463,0.018367
2991.266376,0.018367
2988.646288,0.018367
2986.026201,0.018367
2983.406114,0.018367
2980.786026,0.016327
2978.165939,0.016327
2975.545852,0.016327
2972.925764,0.018367
2970.305677,0.018367
2967.685590,0.018367
2965.065502,0.018367
2962.445415,0.018367
2959.825328,0.018367
2957.205240,0.020408
2954.585153,0.020408
2951.965066,0.020408
2949.344978,0.020408
2946.724891,0.022449
2944.104803,0.022449
2941.484716,0.024490
2938.864629,0.026531
2936.244541,0.028571
2933.624454,0.028571
2931.004367,0.030612
2928.384279,0.028571
2925.764192,0.028571
2923.144105,0.028571
2920.524017,0.028571
2917.903930,0.026531
2915.283843,0.024490
2912.663755,0.022449
2910.043668,0.020408
2907.423581,0.020408
2904.803493,0.020408
2902.183406,0.018367
2899.563319,0.018367
2896.943231,0.018367
2894.323144,0.016327
2891.703057,0.016327
2889.082969,0.016327
2886.462882,0.014286
2883.842795,0.014286
2881.222707,0.014286
2878.602620,0.014286
2875.982533,0.014286
2873.362445,0.014286
2870.742358,0.014286
2868.122271,0.016327
2865.502183,0.016327
2862.882096,0.018367
2860.262009,0.018367
2857.641921,0.020408
2855.021834,0.020408
2852.401747,0.020408
2849.781659,0.018367
2847.161572,0.018367
2844.541485,0.016327
2841.921397,0.016327
2839.301310,0.014286
2836.681223,0.014286
2834.061135,0.014286
2831.441048,0.014286
2828.820961,0.014286
2826.200873,0.012245
2823.580786,0.012245
2820.960699,0.012245
2818.340611,0.012245
2815.720524,0.012245
2813.100437,0.012245
2810.480349,0.012245
2807.860262,0.012245
2805.240175,0.012245
2802.620087,0.012245
2800.000000,0.012245
2797.379913,0.012245
2794.759825,0.012245
2792.139738,0.012245
2789.519651,0.012245
2786.899563,0.012245
2784.279476,0.012245
2781.659389,0.012245
2779.039301,0.012245
2776.419214,0.012245
2773.799127,0.010204
2771.179039,0.010204
2768.558952,0.012245
2765.938865,0.012245
2763.318777,0.010204
2760.698690,0.012245
2758.078603,0.012245
2755.458515,0.012245
2752.838428,0.012245
2750.218341,0.012245
2747.598253,0.012245
2744.978166,0.010204
2742.358079,0.012245
2739.737991,0.012245
2737.117904,0.012245
2734.497817,0.014286
2731.877729,0.014286
2729.257642,0.012245
2726.637555,0.012245
2724.017467,0.012245
2721.397380,0.010204
2718.777293,0.010204
2716.157205,0.010204
2713.537118,0.010204
2710.917031,0.010204
2708.296943,0.010204
2705.676856,0.010204
2703.056769,0.010204
2700.436681,0.010204
2697.816594,0.010204
2695.196507,0.010204
2692.576419,0.010204
2689.956332,0.010204
2687.336245,0.010204
2684.716157,0.010204
2682.096070,0.010204
2679.475983,0.010204
2676.855895,0.010204
2674.235808,0.010204
2671.615721,0.010204
2668.995633,0.010204
2666.375546,0.010204
2663.755459,0.010204
2661.135371,0.010204
2658.515284,0.010204
2655.895197,0.010204
2653.275109,0.010204
2650.655022,0.010204
2648.034934,0.010204
2645.414847,0.010204
2642.794760,0.010204
2640.174672,0.010204
2637.554585,0.010204
2634.934498,0.010204
2632.314410,0.010204
2629.694323,0.010204
2627.074236,0.010204
2624.454148,0.010204
2621.834061,0.010204
2619.213974,0.010204
2616.593886,0.010204
2613.973799,0.010204
2611.353712,0.008163
2608.733624,0.008163
2606.113537,0.008163
2603.493450,0.008163
2600.873362,0.008163
2598.253275,0.008163
2595.633188,0.010204
2593.013100,0.010204
2590.393013,0.010204
2587.772926,0.010204
2585.152838,0.010204
2582.532751,0.008163
2579.912664,0.008163
2577.292576,0.010204
2574.672489,0.008163
2572.052402,0.008163
2569.432314,0.008163
2566.812227,0.008163
2564.192140,0.008163
2561.572052,0.008163
2558.951965,0.008163
2556.331878,0.008163
2553.711790,0.008163
2551.091703,0.008163
2548.471616,0.008163
2545.851528,0.010204
2543.231441,0.010204
2540.611354,0.010204
2537.991266,0.010204
2535.371179,0.010204
2532.751092,0.010204
2530.131004,0.010204
2527.510917,0.010204
2524.890830,0.010204
2522.270742,0.008163
2519.650655,0.008163
2517.030568,0.008163
2514.410480,0.008163
2511.790393,0.008163
2509.170306,0.008163
2506.550218,0.008163
2503.930131,0.008163
2501.310044,0.008163
2498.689956,0.008163
2496.069869,0.008163
2493.449782,0.008163
2490.829694,0.008163
2488.209607,0.008163
2485.589520,0.008163
2482.969432,0.008163
2480.349345,0.008163
2477.729258,0.008163
2475.109170,0.008163
2472.489083,0.008163
2469.868996,0.008163
2467.248908,0.008163
2464.628821,0.008163
2462.008734,0.008163
2459.388646,0.008163
2456.768559,0.008163
2454.148472,0.008163
2451.528384,0.008163
2448.908297,0.008163
2446.288210,0.008163
2443.668122,0.008163
2441.048035,0.008163
2438.427948,0.008163
2435.807860,0.008163
2433.187773,0.008163
2430.567686,0.008163
2427.947598,0.008163
2425.327511,0.008163
2422.707424,0.008163
2420.087336,0.008163
2417.467249,0.008163
2414.847162,0.008163
2412.227074,0.008163
2409.606987,0.008163
2406.986900,0.008163
2404.366812,0.008163
2401.746725,0.008163
2399.126638,0.008163
2396.506550,0.008163
2393.886463,0.008163
2391.266376,0.008163
2388.646288,0.008163
2386.026201,0.008163
2383.406114,0.008163
2380.786026,0.008163
2378.165939,0.006122
2375.545852,0.006122
2372.925764,0.006122
2370.305677,0.006122
2367.685590,0.004082
2365.065502,0.004082
2362.445415,0.004082
2359.825328,0.004082
2357.205240,0.004082
2354.585153,0.004082
2351.965066,0.002041
2349.344978,0.004082
2346.724891,0.004082
2344.104803,0.004082
2341.484716,0.004082
2338.864629,0.004082
2336.244541,0.004082
2333.624454,0.004082
2331.004367,0.006122
2328.384279,0.006122
2325.764192,0.006122
2323.144105,0.004082
2320.524017,0.004082
2317.903930,0.004082
2315.283843,0.004082
2312.663755,0.004082
2310.043668,0.006122
2307.423581,0.006122
2304.803493,0.006122
2302.183406,0.006122
2299.563319,0.008163
2296.943231,0.008163
2294.323144,0.008163
2291.703057,0.008163
2289.082969,0.010204
2286.462882,0.010204
2283.842795,0.010204
2281.222707,0.010204
2278.602620,0.010204
2275.982533,0.008163
2273.362445,0.008163
2270.742358,0.008163
2268.122271,0.008163
2265.502183,0.008163
2262.882096,0.008163
2260.262009,0.008163
2257.641921,0.008163
2255.021834,0.006122
2252.401747,0.006122
2249.781659,0.006122
2247.161572,0.006122
2244.541485,0.006122
2241.921397,0.006122
2239.301310,0.006122
2236.681223,0.006122
2234.061135,0.006122
2231.441048,0.006122
2228.820961,0.006122
2226.200873,0.006122
2223.580786,0.006122
2220.960699,0.006122
2218.340611,0.006122
2215.720524,0.006122
2213.100437,0.006122
2210.480349,0.006122
2207.860262,0.006122
2205.240175,0.006122
2202.620087,0.006122
2200.000000,0.006122
2197.379913,0.006122
2194.759825,0.006122
2192.139738,0.006122
2189.519651,0.006122
2186.899563,0.006122
2184.279476,0.006122
2181.659389,0.006122
2179.039301,0.006122
2176.419214,0.006122
2173.799127,0.006122
2171.179039,0.006122
2168.558952,0.006122
2165.938865,0.006122
2163.318777,0.006122
2160.698690,0.006122
2158.078603,0.006122
2155.458515,0.006122
2152.838428,0.006122
2150.218341,0.006122
2147.598253,0.006122
2144.978166,0.006122
2142.358079,0.006122
2139.737991,0.006122
2137.117904,0.006122
2134.497817,0.006122
2131.877729,0.006122
2129.257642,0.006122
2126.637555,0.006122
2124.017467,0.006122
2121.397380,0.006122
2118.777293,0.006122
2116.157205,0.006122
2113.537118,0.006122
2110.917031,0.006122
2108.296943,0.006122
2105.676856,0.006122
2103.056769,0.006122
2100.436681,0.006122
2097.816594,0.006122
2095.196507,0.006122
2092.576419,0.006122
2089.956332,0.006122
2087.336245,0.006122
2084.716157,0.006122
2082.096070,0.006122
2079.475983,0.006122
2076.855895,0.006122
2074.235808,0.006122
2071.615721,0.006122
2068.995633,0.006122
2066.375546,0.006122
2063.755459,0.006122
2061.135371,0.006122
2058.515284,0.006122
2055.895197,0.006122
2053.275109,0.006122
2050.655022,0.006122
2048.034934,0.006122
2045.414847,0.006122
2042.794760,0.006122
2040.174672,0.006122
2037.554585,0.006122
2034.934498,0.006122
2032.314410,0.006122
2029.694323,0.006122
2027.074236,0.006122
2024.454148,0.006122
2021.834061,0.006122
2019.213974,0.006122
2016.593886,0.006122
2013.973799,0.006122
2011.353712,0.006122
2008.733624,0.006122
2006.113537,0.006122
2003.493450,0.006122
2000.873362,0.008163
1998.253275,0.008163
1995.633188,0.010204
1993.013100,0.010204
1990.393013,0.010204
1987.772926,0.010204
1985.152838,0.010204
1982.532751,0.010204
1979.912664,0.010204
1977.292576,0.010204
1974.672489,0.012245
1972.052402,0.014286
1969.432314,0.014286
1966.812227,0.014286
1964.192140,0.014286
1961.572052,0.012245
1958.951965,0.010204
1956.331878,0.010204
1953.711790,0.008163
1951.091703,0.008163
1948.471616,0.008163
1945.851528,0.008163
1943.231441,0.008163
1940.611354,0.008163
1937.991266,0.008163
1935.371179,0.008163
1932.751092,0.008163
1930.131004,0.008163
1927.510917,0.010204
1924.890830,0.010204
1922.270742,0.012245
1919.650655,0.012245
1917.030568,0.012245
1914.410480,0.012245
1911.790393,0.012245
1909.170306,0.012245
1906.550218,0.012245
1903.930131,0.014286
1901.310044,0.016327
1898.689956,0.018367
1896.069869,0.018367
1893.449782,0.016327
1890.829694,0.014286
1888.209607,0.012245
1885.589520,0.010204
1882.969432,0.010204
1880.349345,0.008163
1877.729258,0.008163
1875.109170,0.008163
1872.489083,0.006122
1869.868996,0.006122
1867.248908,0.006122
1864.628821,0.006122
1862.008734,0.008163
1859.388646,0.008163
1856.768559,0.008163
1854.148472,0.008163
1851.528384,0.010204
1848.908297,0.010204
1846.288210,0.010204
1843.668122,0.010204
1841.048035,0.010204
1838.427948,0.012245
1835.807860,0.014286
1833.187773,0.016327
1830.567686,0.016327
1827.947598,0.016327
1825.327511,0.018367
1822.707424,0.018367
1820.087336,0.016327
1817.467249,0.014286
1814.847162,0.012245
1812.227074,0.012245
1809.606987,0.010204
1806.986900,0.010204
1804.366812,0.010204
1801.746725,0.010204
1799.126638,0.010204
1796.506550,0.008163
1793.886463,0.008163
1791.266376,0.008163
1788.646288,0.008163
1786.026201,0.010204
1783.406114,0.010204
1780.786026,0.010204
1778.165939,0.010204
1775.545852,0.010204
1772.925764,0.010204
1770.305677,0.010204
1767.685590,0.008163
1765.065502,0.008163
1762.445415,0.006122
1759.825328,0.006122
1757.205240,0.006122
1754.585153,0.006122
1751.965066,0.006122
1749.344978,0.006122
1746.724891,0.006122
1744.104803,0.006122
1741.484716,0.006122
1738.864629,0.006122
1736.244541,0.006122
1733.624454,0.006122
1731.004367,0.006122
1728.384279,0.006122
1725.764192,0.006122
1723.144105,0.006122
1720.524017,0.008163
1717.903930,0.008163
1715.283843,0.006122
1712.663755,0.006122
1710.043668,0.006122
1707.423581,0.006122
1704.803493,0.006122
1702.183406,0.006122
1699.563319,0.006122
1696.943231,0.008163
1694.323144,0.008163
1691.703057,0.008163
1689.082969,0.008163
1686.462882,0.008163
1683.842795,0.008163
1681.222707,0.006122
1678.602620,0.008163
1675.982533,0.010204
1673.362445,0.010204
1670.742358,0.012245
1668.122271,0.012245
1665.502183,0.014286
1662.882096,0.012245
1660.262009,0.012245
1657.641921,0.010204
1655.021834,0.010204
1652.401747,0.010204
1649.781659,0.006122
1647.161572,0.008163
1644.541485,0.008163
1641.921397,0.008163
1639.301310,0.008163
1636.681223,0.008163
1634.061135,0.008163
1631.441048,0.008163
1628.820961,0.008163
1626.200873,0.008163
1623.580786,0.010204
1620.960699,0.012245
1618.340611,0.014286
1615.720524,0.014286
1613.100437,0.014286
1610.480349,0.014286
1607.860262,0.018367
1605.240175,0.028571
1602.620087,0.059184
1600.000000,0.136735
1597.379913,0.144898
1594.759825,0.142857
1592.139738,0.106122
1589.519651,0.048980
1586.899563,0.028571
1584.279476,0.020408
1581.659389,0.012245
1579.039301,0.010204
1576.419214,0.010204
1573.799127,0.010204
1571.179039,0.008163
1568.558952,0.008163
1565.938865,0.008163
1563.318777,0.008163
1560.698690,0.008163
1558.078603,0.008163
1555.458515,0.008163
1552.838428,0.010204
1550.218341,0.010204
1547.598253,0.010204
1544.978166,0.010204
1542.358079,0.008163
1539.737991,0.006122
1537.117904,0.006122
1534.497817,0.006122
1531.877729,0.006122
1529.257642,0.006122
1526.637555,0.006122
1524.017467,0.006122
1521.397380,0.006122
1518.777293,0.004082
1516.157205,0.004082
1513.537118,0.006122
1510.917031,0.006122
1508.296943,0.006122
1505.676856,0.006122
1503.056769,0.006122
1500.436681,0.008163
1497.816594,0.012245
1495.196507,0.014286
1492.576419,0.014286
1489.956332,0.012245
1487.336245,0.008163
1484.716157,0.006122
1482.096070,0.008163
1479.475983,0.008163
1476.855895,0.008163
1474.235808,0.008163
1471.615721,0.008163
1468.995633,0.010204
1466.375546,0.010204
1463.755459,0.010204
1461.135371,0.010204
1458.515284,0.010204
1455.895197,0.012245
1453.275109,0.014286
1450.655022,0.016327
1448.034934,0.016327
1445.414847,0.020408
1442.794760,0.028571
1440.174672,0.067347
1437.554585,0.175510
1434.934498,0.222449
1432.314410,0.222449
1429.694323,0.193878
1427.074236,0.097959
1424.454148,0.046939
1421.834061,0.028571
1419.213974,0.018367
1416.593886,0.012245
1413.973799,0.014286
1411.353712,0.014286
1408.733624,0.014286
1406.113537,0.014286
1403.493450,0.012245
1400.873362,0.010204
1398.253275,0.010204
1395.633188,0.012245
1393.013100,0.012245
1390.393013,0.012245
1387.772926,0.014286
1385.152838,0.014286
1382.532751,0.014286
1379.912664,0.014286
1377.292576,0.012245
1374.672489,0.010204
1372.052402,0.008163
1369.432314,0.008163
1366.812227,0.008163
1364.192140,0.008163
1361.572052,0.008163
1358.951965,0.008163
1356.331878,0.006122
1353.711790,0.008163
1351.091703,0.008163
1348.471616,0.014286
1345.851528,0.016327
1343.231441,0.016327
1340.611354,0.014286
1337.991266,0.012245
1335.371179,0.012245
1332.751092,0.016327
1330.131004,0.020408
1327.510917,0.022449
1324.890830,0.022449
1322.270742,0.022449
1319.650655,0.020408
1317.030568,0.016327
1314.410480,0.014286
1311.790393,0.014286
1309.170306,0.014286
1306.550218,0.014286
1303.930131,0.010204
1301.310044,0.008163
1298.689956,0.008163
1296.069869,0.008163
1293.449782,0.008163
1290.829694,0.006122
1288.209607,0.006122
1285.589520,0.006122
1282.969432,0.008163
1280.349345,0.008163
1277.729258,0.008163
1275.109170,0.008163
1272.489083,0.008163
1269.868996,0.008163
1267.248908,0.008163
1264.628821,0.010204
1262.008734,0.010204
1259.388646,0.010204
1256.768559,0.010204
1254.148472,0.010204
1251.528384,0.010204
1248.908297,0.010204
1246.288210,0.010204
1243.668122,0.010204
1241.048035,0.010204
1238.427948,0.010204
1235.807860,0.010204
1233.187773,0.010204
1230.567686,0.012245
1227.947598,0.012245
1225.327511,0.012245
1222.707424,0.014286
1220.087336,0.014286
1217.467249,0.014286
1214.847162,0.014286
1212.227074,0.014286
1209.606987,0.014286
1206.986900,0.016327
1204.366812,0.018367
1201.746725,0.022449
1199.126638,0.028571
1196.506550,0.030612
1193.886463,0.030612
1191.266376,0.028571
1188.646288,0.022449
1186.026201,0.022449
1183.406114,0.022449
1180.786026,0.024490
1178.165939,0.030612
1175.545852,0.038776
1172.925764,0.048980
1170.305677,0.063265
1167.685590,0.081633
1165.065502,0.102041
1162.445415,0.110204
1159.825328,0.112245
1157.205240,0.120408
1154.585153,0.144898
1151.965066,0.195918
1149.344978,0.293878
1146.724891,0.467347
1144.104803,0.665306
1141.484716,0.665306
1138.864629,0.661224
1136.244541,0.504082
1133.624454,0.289796
1131.004367,0.167347
1128.384279,0.106122
1125.764192,0.073469
1123.144105,0.055102
1120.524017,0.044898
1117.903930,0.040816
1115.283843,0.038776
1112.663755,0.036735
1110.043668,0.028571
1107.423581,0.024490
1104.803493,0.020408
1102.183406,0.020408
1099.563319,0.020408
1096.943231,0.020408
1094.323144,0.020408
1091.703057,0.018367
1089.082969,0.018367
1086.462882,0.018367
1083.842795,0.018367
1081.222707,0.020408
1078.602620,0.020408
1075.982533,0.020408
1073.362445,0.022449
1070.742358,0.022449
1068.122271,0.020408
1065.502183,0.020408
1062.882096,0.018367
1060.262009,0.018367
1057.641921,0.018367
1055.021834,0.018367
1052.401747,0.018367
1049.781659,0.018367
1047.161572,0.018367
1044.541485,0.018367
1041.921397,0.018367
1039.301310,0.020408
1036.681223,0.022449
1034.061135,0.022449
1031.441048,0.022449
1028.820961,0.022449
1026.200873,0.022449
1023.580786,0.022449
1020.960699,0.022449
1018.340611,0.022449
1015.720524,0.022449
1013.100437,0.026531
1010.480349,0.030612
1007.860262,0.032653
1005.240175,0.038776
1002.620087,0.053061
1000.000000,0.059184
997.379913,0.059184
994.759825,0.069388
992.139738,0.091837
989.519651,0.124490
986.899563,0.169388
984.279476,0.228571
981.659389,0.297959
979.039301,0.367347
976.419214,0.444898
973.799127,0.526531
971.179039,0.606122
968.558952,0.706122
965.938865,0.765306
963.318777,0.810204
960.698690,0.832653
958.078603,0.883673
955.458515,0.900000
952.838428,0.900000
950.218341,0.893878
947.598253,0.891837
944.978166,0.826531
942.358079,0.746939
939.737991,0.659184
937.117904,0.559184
934.497817,0.438776
931.877729,0.326531
929.257642,0.246939
926.637555,0.197959
924.017467,0.177551
921.397380,0.161224
918.777293,0.122449
916.157205,0.085714
913.537118,0.061224
910.917031,0.048980
908.296943,0.044898
905.676856,0.044898
903.056769,0.042857
900.436681,0.040816
897.816594,0.036735
895.196507,0.032653
892.576419,0.030612
889.956332,0.032653
887.336245,0.034694
884.716157,0.042857
882.096070,0.053061
879.475983,0.065306
876.855895,0.093878
874.235808,0.138776
871.615721,0.218367
868.995633,0.395918
866.375546,0.626531
863.755459,0.873469
861.135371,0.987755
858.515284,1.000000
855.895197,0.997959
853.275109,0.963265
850.655022,0.863265
848.034934,0.579592
845.414847,0.385714
842.794760,0.246939
840.174672,0.144898
837.554585,0.091837
834.934498,0.063265
832.314410,0.042857
829.694323,0.032653
827.074236,0.026531
824.454148,0.020408
821.834061,0.016327
819.213974,0.014286
816.593886,0.014286
813.973799,0.014286
811.353712,0.014286
808.733624,0.014286
806.113537,0.014286
803.493450,0.012245
800.873362,0.012245
798.253275,0.010204
795.633188,0.010204
793.013100,0.010204
790.393013,0.010204
787.772926,0.010204
785.152838,0.010204
782.532751,0.010204
779.912664,0.012245
777.292576,0.012245
774.672489,0.014286
772.052402,0.014286
769.432314,0.016327
766.812227,0.018367
764.192140,0.020408
761.572052,0.024490
758.951965,0.028571
756.331878,0.038776
753.711790,0.057143
751.091703,0.102041
748.471616,0.193878
745.851528,0.334694
743.231441,0.414286
740.611354,0.414286
737.991266,0.389796
735.371179,0.228571
732.751092,0.114286
730.131004,0.059184
727.510917,0.038776
724.890830,0.028571
722.270742,0.024490
719.650655,0.024490
717.030568,0.028571
714.410480,0.038776
711.790393,0.055102
709.170306,0.067347
706.550218,0.087755
703.930131,0.142857
701.310044,0.267347
698.689956,0.414286
696.069869,0.418367
693.449782,0.418367
690.829694,0.300000
688.209607,0.142857
685.589520,0.073469
682.969432,0.046939
680.349345,0.040816
677.729258,0.038776
675.109170,0.032653
672.489083,0.020408
669.868996,0.014286
667.248908,0.010204
664.628821,0.006122
662.008734,0.006122
659.388646,0.006122
656.768559,0.006122
654.148472,0.006122
651.528384,0.006122
648.908297,0.006122
646.288210,0.006122
643.668122,0.006122
641.048035,0.006122
638.427948,0.006122
635.807860,0.006122
633.187773,0.006122
630.567686,0.006122
627.947598,0.006122
625.327511,0.006122
622.707424,0.008163
620.087336,0.010204
617.467249,0.010204
614.847162,0.008163
612.227074,0.006122
609.606987,0.008163
606.986900,0.010204
604.366812,0.010204
601.746725,0.010204
599.126638,0.008163
596.506550,0.008163
593.886463,0.008163
591.266376,0.008163
588.646288,0.008163
586.026201,0.006122
583.406114,0.006122
580.786026,0.006122
578.165939,0.004082
575.545852,0.004082
572.925764,0.004082
570.305677,0.004082
567.685590,0.004082
565.065502,0.002041
562.445415,0.002041
559.825328,0.002041
557.205240,0.002041
554.585153,0.002041
551.965066,0.002041
549.344978,0.002041
546.724891,0.002041
544.104803,0.002041
541.484716,0.002041
538.864629,0.002041
536.244541,0.002041
533.624454,0.002041
531.004367,0.002041
528.384279,0.002041
525.764192,0.002041
523.144105,0.002041
520.524017,0.002041
517.903930,0.002041
515.283843,0.002041
512.663755,0.002041
510.043668,0.002041
507.423581,0.002041
504.803493,0.002041
502.183406,0.002041
499.563319,0.002041
496.943231,0.002041
494.323144,0.002041
491.703057,0.002041
489.082969,0.002041
486.462882,0.002041
483.842795,0.002041
481.222707,0.002041
478.602620,0.002041
475.982533,0.002041
473.362445,0.002041
470.742358,0.002041
468.122271,0.002041
465.502183,0.002041
462.882096,0.002041
460.262009,0.002041
457.641921,0.002041
455.021834,0.002041
452.401747,0.002041
449.781659,0.002041
447.161572,nan
444.541485,nan
441.921397,nan
439.301310,nan
436.681223,nan
434.061135,nan
431.441048,nan
428.820961,nan
426.200873,nan
423.580786,nan
420.960699,nan
418.340611,nan
415.720524,nan
413.100437,nan
410.480349,nan
407.860262,nan
405.240175,nan
402.620087,nan
400.000000,nan
