4000.000000,0.006122
3997.379913,0.008163
3994.759825,0.008163
3992.139738,0.008163
3989.519651,0.008163
3986.899563,0.008163
3984.279476,0.008163
3981.659389,0.008163
3979.039301,0.008163
3976.419214,0.008163
3973.799127,0.006122
3971.179039,0.008163
3968.558952,0.008163
3965.938865,0.006122
3963.318777,0.008163
3960.698690,0.008163
3958.078603,0.008163
3955.458515,0.008163
3952.838428,0.006122
3950.218341,0.006122
3947.598253,0.006122
3944.978166,0.006122
3942.358079,0.006122
3939.737991,0.006122
3937.117904,0.006122
3934.497817,0.006122
3931.877729,0.006122
3929.257642,0.006122
3926.637555,0.006122
3924.017467,0.006122
3921.397380,0.006122
3918.777293,0.006122
3916.157205,0.006122
3913.537118,0.006122
3910.917031,0.006122
3908.296943,0.006122
3905.676856,0.006122
3903.056769,0.006122
3900.436681,0.006122
3897.816594,0.006122
3895.196507,0.006122
3892.576419,0.006122
3889.956332,0.006122
3887.336245,0.006122
3884.716157,0.006122
3882.096070,0.006122
3879.475983,0.006122
3876.855895,0.006122
3874.235808,0.006122
3871.615721,0.006122
3868.995633,0.006122
3866.375546,0.006122
3863.755459,0.006122
3861.135371,0.006122
3858.515284,0.006122
3855.895197,0.008163
3853.275109,0.008163
3850.655022,0.008163
3848.034934,0.006122
3845.414847,0.006122
3842.794760,0.006122
3840.174672,0.008163
3837.554585,0.008163
3834.934498,0.008163
3832.314410,0.008163
3829.694323,0.008163
3827.074236,0.008163
3824.454148,0.008163
3821.834061,0.008163
3819.213974,0.008163
3816.593886,0.008163
3813.973799,0.006122
3811.353712,0.006122
3808.733624,0.008163
3806.113537,0.008163
3803.493450,0.008163
3800.873362,0.008163
3798.253275,0.008163
3795.633188,0.008163
3793.013100,0.008163
3790.393013,0.008163
3787.772926,0.008163
3785.152838,0.008163
3782.532751,0.008163
3779.912664,0.008163
3777.292576,0.010204
3774.672489,0.010204
3772.052402,0.010204
3769.432314,0.010204
3766.812227,0.010204
3764.192140,0.010204
3761.572052,0.010204
3758.951965,0.010204
3756.331878,0.010204
3753.711790,0.010204
3751.091703,0.010204
3748.471616,0.010204
3745.851528,0.010204
3743.231441,0.010204
3740.611354,0.008163
3737.991266,0.008163
3735.371179,0.008163
3732.751092,0.008163
3730.131004,0.008163
3727.510917,0.008163
3724.890830,0.010204
3722.270742,0.010204
3719.650655,0.010204
3717.030568,0.010204
3714.410480,0.010204
3711.790393,0.010204
3709.170306,0.010204
3706.550218,0.010204
3703.930131,0.010204
3701.310044,0.010204
3698.689956,0.010204
3696.069869,0.010204
3693.449782,0.010204
3690.829694,0.010204
3688.209607,0.010204
3685.589520,0.010204
3682.969432,0.008163
3680.349345,0.008163
3677.729258,0.008163
3675.109170,0.008163
3672.489083,0.008163
3669.868996,0.008163
3667.248908,0.008163
3664.628821,0.008163
3662.008734,0.008163
3659.388646,0.008163
3656.768559,0.008163
3654.148472,0.008163
3651.528384,0.008163
3648.908297,0.008163
3646.288210,0.008163
3643.668122,0.008163
3641.048035,0.008163
3638.427948,0.008163
3635.807860,0.008163
3633.187773,0.008163
3630.567686,0.008163
3627.947598,0.008163
3625.327511,0.008163
3622.707424,0.008163
3620.087336,0.008163
3617.467249,0.008163
3614.847162,0.008163
3612.227074,0.008163
3609.606987,0.008163
3606.986900,0.008163
3604.366812,0.008163
3601.746725,0.008163
3599.126638,0.008163
3596.506550,0.008163
3593.886463,0.008163
3591.266376,0.008163
3588.646288,0.008163
3586.026201,0.008163
3583.406114,0.008163
3580.786026,0.008163
3578.165939,0.008163
3575.545852,0.008163
3572.925764,0.008163
3570.305677,0.006122
3567.685590,0.008163
3565.065502,0.008163
3562.445415,0.006122
3559.825328,0.006122
3557.205240,0.006122
3554.585153,0.006122
3551.965066,0.006122
3549.344978,0.006122
3546.724891,0.006122
3544.104803,0.006122
3541.484716,0.006122
3538.864629,0.006122
3536.244541,0.006122
3533.624454,0.006122
3531.004367,0.006122
3528.384279,0.006122
3525.764192,0.006122
3523.144105,0.006122
3520.524017,0.006122
3517.903930,0.006122
3515.283843,0.006122
3512.663755,0.006122
3510.043668,0.006122
3507.423581,0.006122
3504.803493,0.006122
3502.183406,0.006122
3499.563319,0.006122
3496.943231,0.006122
3494.323144,0.006122
3491.703057,0.006122
3489.082969,0.006122
3486.462882,0.006122
3483.842795,0.006122
3481.222707,0.006122
3478.602620,0.006122
3475.982533,0.006122
3473.362445,0.006122
3470.742358,0.006122
3468.122271,0.006122
3465.502183,0.006122
3462.882096,0.006122
3460.262009,0.006122
3457.641921,0.006122
3455.021834,0.006122
3452.401747,0.006122
3449.781659,0.006122
3447.161572,0.006122
3444.541485,0.006122
3441.921397,0.006122
3439.301310,0.006122
3436.681223,0.006122
3434.061135,0.006122
3431.441048,0.006122
3428.820961,0.006122
3426.200873,0.006122
3423.580786,0.006122
3420.960699,0.006122
3418.340611,0.006122
3415.720524,0.006122
3413.100437,0.006122
3410.480349,0.006122
3407.860262,0.006122
3405.240175,0.006122
3402.620087,0.006122
3400.000000,0.006122
3397.379913,0.006122
3394.759825,0.006122
3392.139738,0.006122
3389.519651,0.006122
3386.899563,0.006122
3384.279476,0.006122
3381.659389,0.006122
3379.039301,0.006122
3376.419214,0.006122
3373.799127,0.006122
3371.179039,0.006122
3368.558952,0.006122
3365.938865,0.006122
3363.318777,0.006122
3360.698690,0.006122
3358.078603,0.006122
3355.458515,0.006122
3352.838428,0.006122
3350.218341,0.006122
3347.598253,0.006122
3344.978166,0.006122
3342.358079,0.006122
3339.737991,0.006122
3337.117904,0.006122
3334.497817,0.006122
3331.877729,0.006122
3329.257642,0.006122
3326.637555,0.006122
3324.017467,0.006122
3321.397380,0.006122
3318.777293,0.006122
3316.157205,0.006122
3313.537118,0.006122
3310.917031,0.006122
3308.296943,0.006122
3305.676856,0.006122
3303.056769,0.006122
3300.436681,0.006122
3297.816594,0.006122
3295.196507,0.006122
3292.576419,0.006122
3289.956332,0.006122
3287.336245,0.006122
3284.716157,0.006122
3282.096070,0.006122
3279.475983,0.006122
3276.855895,0.006122
3274.235808,0.006122
3271.615721,0.006122
3268.995633,0.006122
3266.375546,0.006122
3263.755459,0.006122
3261.135371,0.006122
3258.515284,0.006122
3255.895197,0.006122
3253.275109,0.006122
3250.655022,0.006122
3248.034934,0.006122
3245.414847,0.006122
3242.794760,0.006122
3240.174672,0.006122
3237.554585,0.006122
3234.934498,0.006122
3232.314410,0.006122
3229.694323,0.006122
3227.074236,0.006122
3224.454148,0.006122
3221.834061,0.006122
3219.213974,0.006122
3216.593886,0.006122
3213.973799,0.006122
3211.353712,0.006122
3208.733624,0.006122
3206.113537,0.006122
3203.493450,0.006122
3200.873362,0.006122
3198.253275,0.006122
3195.633188,0.006122
3193.013100,0.006122
3190.393013,0.006122
3187.772926,0.006122
3185.152838,0.006122
3182.532751,0.006122
3179.912664,0.006122
3177.292576,0.006122
3174.672489,0.008163
3172.052402,0.008163
3169.432314,0.008163
3166.812227,0.008163
3164.192140,0.008163
3161.572052,0.008163
3158.951965,0.008163
3156.331878,0.008163
3153.711790,0.008163
3151.091703,0.008163
3148.471616,0.008163
3145.851528,0.008163
3143.231441,0.008163
3140.611354,0.008163
3137.991266,0.008163
3135.371179,0.008163
3132.751092,0.008163
3130.131004,0.008163
3127.510917,0.010204
3124.890830,0.010204
3122.270742,0.010204
3119.650655,0.010204
3117.030568,0.010204
3114.410480,0.010204
3111.790393,0.010204
3109.170306,0.010204
3106.550218,0.010204
3103.930131,0.010204
3101.310044,0.010204
3098.689956,0.010204
3096.069869,0.010204
3093.449782,0.010204
3090.829694,0.010204
3088.209607,0.010204
3085.589520,0.010204
3082.969432,0.010204
3080.349345,0.010204
3077.729258,0.010204
3075.109170,0.010204
3072.489083,0.010204
3069.868996,0.010204
3067.248908,0.010204
3064.628821,0.010204
3062.008734,0.010204
3059.388646,0.010204
3056.768559,0.010204
3054.148472,0.010204
3051.528384,0.010204
3048.908297,0.010204
3046.288210,0.010204
3043.668122,0.010204
3041.048035,0.010204
3038.427948,0.010204
3035.807860,0.010204
3033.187773,0.010204
3030.567686,0.010204
3027.947598,0.012245
3025.327511,0.012245
3022.707424,0.012245
3020.087336,0.012245
3017.467249,0.012245
3014.847162,0.012245
3012.227074,0.012245
3009.606987,0.014286
3006.986900,0.014286
3004.366812,0.014286
3001.746725,0.016327
2999.126638,0.016327
2996.506550,0.018367
2993.886463,0.020408
2991.266376,0.022449
2988.646288,0.026531
2986.026201,0.032653
2983.406114,0.040816
2980.786026,0.051020
2978.165939,0.067347
2975.545852,0.091837
2972.925764,0.124490
2970.305677,0.169388
2967.685590,0.224490
2965.065502,0.263265
2962.445415,0.273469
2959.825328,0.273469
2957.205240,0.267347
2954.585153,0.226531
2951.965066,0.171429
2949.344978,0.126531
2946.724891,0.091837
2944.104803,0.069388
2941.484716,0.055102
2938.864629,0.044898
2936.244541,0.036735
2933.624454,0.032653
2931.004367,0.028571
2928.384279,0.026531
2925.764192,0.024490
2923.144105,0.024490
2920.524017,0.024490
2917.903930,0.024490
2915.283843,0.026531
2912.663755,0.030612
2910.043668,0.034694
2907.423581,0.038776
2904.803493,0.040816
2902.183406,0.040816
2899.563319,0.038776
2896.943231,0.036735
2894.323144,0.030612
2891.703057,0.026531
2889.082969,0.022449
2886.462882,0.020408
2883.842795,0.018367
2881.222707,0.018367
2878.602620,0.016327
2875.982533,0.016327
2873.362445,0.014286
2870.742358,0.014286
2868.122271,0.014286
2865.502183,0.012245
2862.882096,0.012245
2860.262009,0.012245
2857.641921,0.012245
2855.021834,0.012245
2852.401747,0.012245
2849.781659,0.012245
2847.161572,0.012245
2844.541485,0.012245
2841.921397,0.010204
2839.301310,0.010204
2836.681223,0.010204
2834.061135,0.010204
2831.441048,0.010204
2828.820961,0.010204
2826.200873,0.010204
2823.580786,0.010204
2820.960699,0.010204
2818.340611,0.010204
2815.720524,0.010204
2813.100437,0.010204
2810.480349,0.010204
2807.860262,0.010204
2805.240175,0.010204
2802.620087,0.010204
2800.000000,0.010204
2797.379913,0.010204
2794.759825,0.010204
2792.139738,0.010204
2789.519651,0.010204
2786.899563,0.010204
2784.279476,0.008163
2781.659389,0.008163
2779.039301,0.008163
2776.419214,0.008163
2773.799127,0.006122
2771.179039,0.006122
2768.558952,0.006122
2765.938865,0.006122
2763.318777,0.006122
2760.698690,0.006122
2758.078603,0.006122
2755.458515,0.006122
2752.838428,0.006122
2750.218341,0.006122
2747.598253,0.006122
2744.978166,0.006122
2742.358079,0.006122
2739.737991,0.006122
2737.117904,0.006122
2734.497817,0.006122
2731.877729,0.006122
2729.257642,0.004082
2726.637555,0.004082
2724.017467,0.004082
2721.397380,0.004082
2718.777293,0.004082
2716.157205,0.004082
2713.537118,0.004082
2710.917031,0.004082
2708.296943,0.004082
2705.676856,0.004082
2703.056769,0.004082
2700.436681,0.004082
2697.816594,0.004082
2695.196507,0.004082
2692.576419,0.004082
2689.956332,0.004082
2687.336245,0.004082
2684.716157,0.004082
2682.096070,0.004082
2679.475983,0.004082
2676.855895,0.004082
2674.235808,0.004082
2671.615721,0.006122
2668.995633,0.006122
2666.375546,0.006122
2663.755459,0.006122
2661.135371,0.006122
2658.515284,0.006122
2655.895197,0.006122
2653.275109,0.006122
2650.655022,0.004082
2648.034934,0.004082
2645.414847,0.004082
2642.794760,0.004082
2640.174672,0.004082
2637.554585,0.004082
2634.934498,0.004082
2632.314410,0.004082
2629.694323,0.004082
2627.074236,0.004082
2624.454148,0.004082
2621.834061,0.004082
2619.213974,0.004082
2616.593886,0.004082
2613.973799,0.004082
2611.353712,0.004082
2608.733624,0.004082
2606.113537,0.004082
2603.493450,0.004082
2600.873362,0.004082
2598.253275,0.004082
2595.633188,0.004082
2593.013100,0.004082
2590.393013,0.004082
2587.772926,0.004082
2585.152838,0.004082
2582.532751,0.004082
2579.912664,0.004082
2577.292576,0.004082
2574.672489,0.004082
2572.052402,0.004082
2569.432314,0.004082
2566.812227,0.004082
2564.192140,0.004082
2561.572052,0.004082
2558.951965,0.004082
2556.331878,0.004082
2553.711790,0.004082
2551.091703,0.004082
2548.471616,0.004082
2545.851528,0.004082
2543.231441,0.004082
2540.611354,0.004082
2537.991266,0.004082
2535.371179,0.004082
2532.751092,0.004082
2530.131004,0.002041
2527.510917,0.002041
2524.890830,0.002041
2522.270742,0.002041
2519.650655,0.002041
2517.030568,0.002041
2514.410480,0.002041
2511.790393,0.004082
2509.170306,0.004082
2506.550218,0.004082
2503.930131,0.004082
2501.310044,0.004082
2498.689956,0.004082
2496.069869,0.004082
2493.449782,0.004082
2490.829694,0.004082
2488.209607,0.004082
2485.589520,0.004082
2482.969432,0.004082
2480.349345,0.004082
2477.729258,0.004082
2475.109170,0.004082
2472.489083,0.004082
2469.868996,0.004082
2467.248908,0.004082
2464.628821,0.004082
2462.008734,0.004082
2459.388646,0.004082
2456.768559,0.004082
2454.148472,0.004082
2451.528384,0.004082
2448.908297,0.004082
2446.288210,0.004082
2443.668122,0.004082
2441.048035,0.004082
2438.427948,0.004082
2435.807860,0.004082
2433.187773,0.004082
2430.567686,0.004082
2427.947598,0.004082
2425.327511,0.004082
2422.707424,0.004082
2420.087336,0.004082
2417.467249,0.004082
2414.847162,0.004082
2412.227074,0.004082
2409.606987,0.004082
2406.986900,0.004082
2404.366812,0.004082
2401.746725,0.004082
2399.126638,0.004082
2396.506550,0.004082
2393.886463,0.004082
2391.266376,0.004082
2388.646288,0.004082
2386.026201,0.004082
2383.406114,0.004082
2380.786026,0.004082
2378.165939,0.004082
2375.545852,0.004082
2372.925764,0.004082
2370.305677,0.004082
2367.685590,0.004082
2365.065502,0.004082
2362.445415,0.004082
2359.825328,0.004082
2357.205240,0.004082
2354.585153,0.004082
2351.965066,0.004082
2349.344978,0.004082
2346.724891,0.004082
2344.104803,0.004082
2341.484716,0.004082
2338.864629,0.004082
2336.244541,0.004082
2333.624454,0.004082
2331.004367,0.004082
2328.384279,0.004082
2325.764192,0.004082
2323.144105,0.004082
2320.524017,0.004082
2317.903930,0.004082
2315.283843,0.004082
2312.663755,0.002041
2310.043668,0.002041
2307.423581,0.002041
2304.803493,0.004082
2302.183406,0.004082
2299.563319,0.002041
2296.943231,0.004082
2294.323144,0.002041
2291.703057,0.002041
2289.082969,0.002041
2286.462882,0.004082
2283.842795,0.004082
2281.222707,0.004082
2278.602620,0.002041
2275.982533,0.004082
2273.362445,0.004082
2270.742358,0.004082
2268.122271,0.002041
2265.502183,0.002041
2262.882096,0.004082
2260.262009,0.004082
2257.641921,0.004082
2255.021834,0.004082
2252.401747,0.002041
2249.781659,0.002041
2247.161572,0.002041
2244.541485,0.002041
2241.921397,0.002041
2239.301310,0.002041
2236.681223,0.002041
2234.061135,0.002041
2231.441048,0.004082
2228.820961,0.004082
2226.200873,0.002041
2223.580786,0.002041
2220.960699,0.002041
2218.340611,0.002041
2215.720524,0.002041
2213.100437,0.002041
2210.480349,0.002041
2207.860262,0.002041
2205.240175,0.002041
2202.620087,0.002041
2200.000000,0.002041
2197.379913,0.002041
2194.759825,0.002041
2192.139738,0.002041
2189.519651,0.002041
2186.899563,0.002041
2184.279476,0.002041
2181.659389,0.002041
2179.039301,0.002041
2176.419214,0.002041
2173.799127,0.002041
2171.179039,0.002041
2168.558952,0.002041
2165.938865,0.002041
2163.318777,0.002041
2160.698690,0.002041
2158.078603,0.002041
2155.458515,0.004082
2152.838428,0.004082
2150.218341,0.002041
2147.598253,0.002041
2144.978166,0.002041
2142.358079,0.002041
2139.737991,0.004082
2137.117904,0.004082
2134.497817,0.004082
2131.877729,0.004082
2129.257642,0.004082
2126.637555,0.004082
2124.017467,0.004082
2121.397380,0.004082
2118.777293,0.004082
2116.157205,0.004082
2113.537118,0.004082
2110.917031,0.004082
2108.296943,0.004082
2105.676856,0.004082
2103.056769,0.004082
2100.436681,0.004082
2097.816594,0.004082
2095.196507,0.004082
2092.576419,0.004082
2089.956332,0.004082
2087.336245,0.004082
2084.716157,0.004082
2082.096070,0.004082
2079.475983,0.004082
2076.855895,0.004082
2074.235808,0.004082
2071.615721,0.004082
2068.995633,0.004082
2066.375546,0.004082
2063.755459,0.004082
2061.135371,0.004082
2058.515284,0.004082
2055.895197,0.004082
2053.275109,0.004082
2050.655022,0.004082
2048.034934,0.004082
2045.414847,0.004082
2042.794760,0.004082
2040.174672,0.004082
2037.554585,0.004082
2034.934498,0.004082
2032.314410,0.004082
2029.694323,0.002041
2027.074236,0.002041
2024.454148,0.002041
2021.834061,0.002041
2019.213974,0.002041
2016.593886,0.002041
2013.973799,0.002041
2011.353712,0.002041
2008.733624,0.004082
2006.113537,0.004082
2003.493450,0.004082
2000.873362,0.004082
1998.253275,0.004082
1995.633188,0.004082
1993.013100,0.004082
1990.393013,0.004082
1987.772926,0.004082
1985.152838,0.004082
1982.532751,0.004082
1979.912664,0.004082
1977.292576,0.004082
1974.672489,0.006122
1972.052402,0.006122
1969.432314,0.006122
1966.812227,0.006122
1964.192140,0.006122
1961.572052,0.006122
1958.951965,0.008163
1956.331878,0.008163
1953.711790,0.008163
1951.091703,0.008163
1948.471616,0.008163
1945.851528,0.008163
1943.231441,0.008163
1940.611354,0.008163
1937.991266,0.008163
1935.371179,0.008163
1932.751092,0.008163
1930.131004,0.006122
1927.510917,0.006122
1924.890830,0.006122
1922.270742,0.006122
1919.650655,0.006122
1917.030568,0.006122
1914.410480,0.006122
1911.790393,0.006122
1909.170306,0.006122
1906.550218,0.004082
1903.930131,0.004082
1901.310044,0.004082
1898.689956,0.004082
1896.069869,0.004082
1893.449782,0.004082
1890.829694,0.004082
1888.209607,0.004082
1885.589520,0.004082
1882.969432,0.004082
1880.349345,0.004082
1877.729258,0.004082
1875.109170,0.004082
1872.489083,0.004082
1869.868996,0.004082
1867.248908,0.004082
1864.628821,0.004082
1862.008734,0.004082
1859.388646,0.004082
1856.768559,0.004082
1854.148472,0.004082
1851.528384,0.004082
1848.908297,0.004082
1846.288210,0.004082
1843.668122,0.004082
1841.048035,0.004082
1838.427948,0.004082
1835.807860,0.004082
1833.187773,0.004082
1830.567686,0.004082
1827.947598,0.004082
1825.327511,0.004082
1822.707424,0.004082
1820.087336,0.004082
1817.467249,0.004082
1814.847162,0.004082
1812.227074,0.004082
1809.606987,0.004082
1806.986900,0.006122
1804.366812,0.006122
1801.746725,0.006122
1799.126638,0.006122
1796.506550,0.006122
1793.886463,0.006122
1791.266376,0.006122
1788.646288,0.006122
1786.026201,0.006122
1783.406114,0.006122
1780.786026,0.006122
1778.165939,0.006122
1775.545852,0.008163
1772.925764,0.008163
1770.305677,0.006122
1767.685590,0.006122
1765.065502,0.006122
1762.445415,0.006122
1759.825328,0.006122
1757.205240,0.008163
1754.585153,0.008163
1751.965066,0.008163
1749.344978,0.006122
1746.724891,0.006122
1744.104803,0.008163
1741.484716,0.008163
1738.864629,0.008163
1736.244541,0.008163
1733.624454,0.008163
1731.004367,0.008163
1728.384279,0.008163
1725.764192,0.008163
1723.144105,0.008163
1720.524017,0.008163
1717.903930,0.008163
1715.283843,0.008163
1712.663755,0.008163
1710.043668,0.008163
1707.423581,0.008163
1704.803493,0.008163
1702.183406,0.008163
1699.563319,0.008163
1696.943231,0.008163
1694.323144,0.008163
1691.703057,0.008163
1689.082969,0.008163
1686.462882,0.008163
1683.842795,0.008163
1681.222707,0.008163
1678.602620,0.008163
1675.982533,0.008163
1673.362445,0.008163
1670.742358,0.008163
1668.122271,0.008163
1665.502183,0.010204
1662.882096,0.010204
1660.262009,0.010204
1657.641921,0.010204
1655.021834,0.010204
1652.401747,0.010204
1649.781659,0.010204
1647.161572,0.010204
1644.541485,0.010204
1641.921397,0.010204
1639.301310,0.010204
1636.681223,0.010204
1634.061135,0.010204
1631.441048,0.010204
1628.820961,0.010204
1626.200873,0.010204
1623.580786,0.010204
1620.960699,0.012245
1618.340611,0.012245
1615.720524,0.012245
1613.100437,0.012245
1610.480349,0.012245
1607.860262,0.012245
1605.240175,0.012245
1602.620087,0.012245
1600.000000,0.012245
1597.379913,0.012245
1594.759825,0.012245
1592.139738,0.012245
1589.519651,0.012245
1586.899563,0.012245
1584.279476,0.012245
1581.659389,0.012245
1579.039301,0.012245
1576.419214,0.012245
1573.799127,0.010204
1571.179039,0.010204
1568.558952,0.010204
1565.938865,0.010204
1563.318777,0.010204
1560.698690,0.010204
1558.078603,0.010204
1555.458515,0.010204
1552.838428,0.010204
1550.218341,0.010204
1547.598253,0.010204
1544.978166,0.010204
1542.358079,0.010204
1539.737991,0.010204
1537.117904,0.010204
1534.497817,0.010204
1531.877729,0.010204
1529.257642,0.010204
1526.637555,0.010204
1524.017467,0.010204
1521.397380,0.010204
1518.777293,0.010204
1516.157205,0.010204
1513.537118,0.010204
1510.917031,0.010204
1508.296943,0.010204
1505.676856,0.010204
1503.056769,0.010204
1500.436681,0.010204
1497.816594,0.010204
1495.196507,0.010204
1492.576419,0.010204
1489.956332,0.010204
1487.336245,0.012245
1484.716157,0.012245
1482.096070,0.012245
1479.475983,0.012245
1476.855895,0.012245
1474.235808,0.012245
1471.615721,0.012245
1468.995633,0.012245
1466.375546,0.012245
1463.755459,0.012245
1461.135371,0.014286
1458.515284,0.014286
1455.895197,0.016327
1453.275109,0.018367
1450.655022,0.022449
1448.034934,0.022449
1445.414847,0.024490
1442.794760,0.024490
1440.174672,0.022449
1437.554585,0.022449
1434.934498,0.020408
1432.314410,0.020408
1429.694323,0.020408
1427.074236,0.024490
1424.454148,0.026531
1421.834061,0.032653
1419.213974,0.040816
1416.593886,0.046939
1413.973799,0.048980
1411.353712,0.048980
1408.733624,0.048980
1406.113537,0.046939
1403.493450,0.042857
1400.873362,0.040816
1398.253275,0.040816
1395.633188,0.038776
1393.013100,0.036735
1390.393013,0.030612
1387.772926,0.024490
1385.152838,0.020408
1382.532751,0.018367
1379.912664,0.018367
1377.292576,0.016327
1374.672489,0.016327
1372.052402,0.016327
1369.432314,0.014286
1366.812227,0.014286
1364.192140,0.014286
1361.572052,0.014286
1358.951965,0.014286
1356.331878,0.014286
1353.711790,0.014286
1351.091703,0.014286
1348.471616,0.014286
1345.851528,0.014286
1343.231441,0.014286
1340.611354,0.014286
1337.991266,0.012245
1335.371179,0.012245
1332.751092,0.012245
1330.131004,0.012245
1327.510917,0.014286
1324.890830,0.014286
1322.270742,0.014286
1319.650655,0.014286
1317.030568,0.014286
1314.410480,0.016327
1311.790393,0.016327
1309.170306,0.018367
1306.550218,0.018367
1303.930131,0.020408
1301.310044,0.020408
1298.689956,0.022449
1296.069869,0.024490
1293.449782,0.026531
1290.829694,0.030612
1288.209607,0.034694
1285.589520,0.040816
1282.969432,0.051020
1280.349345,0.063265
1277.729258,0.085714
1275.109170,0.124490
1272.489083,0.206122
1269.868996,0.353061
1267.248908,0.571429
1264.628821,0.777551
1262.008734,0.828571
1259.388646,0.828571
1256.768559,0.800000
1254.148472,0.612245
1251.528384,0.387755
1248.908297,0.228571
1246.288210,0.144898
1243.668122,0.100000
1241.048035,0.071429
1238.427948,0.055102
1235.807860,0.044898
1233.187773,0.038776
1230.567686,0.032653
1227.947598,0.028571
1225.327511,0.026531
1222.707424,0.024490
1220.087336,0.022449
1217.467249,0.022449
1214.847162,0.020408
1212.227074,0.020408
1209.606987,0.020408
1206.986900,0.020408
1204.366812,0.020408
1201.746725,0.020408
1199.126638,0.022449
1196.506550,0.022449
1193.886463,0.024490
1191.266376,0.026531
1188.646288,0.028571
1186.026201,0.030612
1183.406114,0.032653
1180.786026,0.034694
1178.165939,0.038776
1175.545852,0.042857
1172.925764,0.044898
1170.305677,0.048980
1167.685590,0.053061
1165.065502,0.059184
1162.445415,0.065306
1159.825328,0.071429
1157.205240,0.077551
1154.585153,0.085714
1151.965066,0.093878
1149.344978,0.104082
1146.724891,0.114286
1144.104803,0.126531
1141.484716,0.140816
1138.864629,0.159184
1136.244541,0.179592
1133.624454,0.202041
1131.004367,0.230612
1128.384279,0.263265
1125.764192,0.300000
1123.144105,0.342857
1120.524017,0.393878
1117.903930,0.446939
1115.283843,0.502041
1112.663755,0.563265
1110.043668,0.616327
1107.423581,0.667347
1104.803493,0.716327
1102.183406,0.751020
1099.563319,0.775510
1096.943231,0.787755
1094.323144,0.789796
1091.703057,0.789796
1089.082969,0.783673
1086.462882,0.771429
1083.842795,0.753061
1081.222707,0.726531
1078.602620,0.704082
1075.982533,0.677551
1073.362445,0.653061
1070.742358,0.636735
1068.122271,0.618367
1065.502183,0.606122
1062.882096,0.597959
1060.262009,0.593878
1057.641921,0.593878
1055.021834,0.602041
1052.401747,0.612245
1049.781659,0.622449
1047.161572,0.638776
1044.541485,0.655102
1041.921397,0.675510
1039.301310,0.695918
1036.681223,0.716327
1034.061135,0.740816
1031.441048,0.763265
1028.820961,0.785714
1026.200873,0.804082
1023.580786,0.812245
1020.960699,0.812245
1018.340611,0.812245
1015.720524,0.797959
1013.100437,0.759184
1010.480349,0.687755
1007.860262,0.593878
1005.240175,0.487755
1002.620087,0.397959
1000.000000,0.322449
997.379913,0.259184
994.759825,0.214286
992.139738,0.179592
989.519651,0.151020
986.899563,0.128571
984.279476,0.112245
981.659389,0.097959
979.039301,0.087755
976.419214,0.077551
973.799127,0.071429
971.179039,0.063265
968.558952,0.059184
965.938865,0.055102
963.318777,0.048980
960.698690,0.046939
958.078603,0.042857
955.458515,0.040816
952.838428,0.036735
950.218341,0.034694
947.598253,0.032653
944.978166,0.030612
942.358079,0.030612
939.737991,0.028571
937.117904,0.028571
934.497817,0.026531
931.877729,0.026531
929.257642,0.026531
926.637555,0.026531
924.017467,0.026531
921.397380,0.026531
918.777293,0.026531
916.157205,0.028571
913.537118,0.028571
910.917031,0.030612
908.296943,0.030612
905.676856,0.032653
903.056769,0.036735
900.436681,0.038776
897.816594,0.042857
895.196507,0.046939
892.576419,0.053061
889.956332,0.061224
887.336245,0.069388
884.716157,0.083673
882.096070,0.095918
879.475983,0.108163
876.855895,0.120408
874.235808,0.126531
871.615721,0.134694
868.995633,0.138776
866.375546,0.140816
863.755459,0.140816
861.135371,0.138776
858.515284,0.134694
855.895197,0.124490
853.275109,0.114286
850.655022,0.106122
848.034934,0.104082
845.414847,0.110204
842.794760,0.120408
840.174672,0.134694
837.554585,0.153061
834.934498,0.185714
832.314410,0.228571
829.694323,0.287755
827.074236,0.375510
824.454148,0.459184
821.834061,0.530612
819.213974,0.589796
816.593886,0.636735
813.973799,0.697959
811.353712,0.779592
808.733624,0.869388
806.113537,0.953061
803.493450,0.991837
800.873362,1.000000
798.253275,0.997959
795.633188,0.967347
793.013100,0.887755
790.393013,0.761224
787.772926,0.616327
785.152838,0.479592
782.532751,0.361224
779.912664,0.267347
777.292576,0.204082
774.672489,0.159184
772.052402,0.126531
769.432314,0.106122
766.812227,0.091837
764.192140,0.081633
761.572052,0.073469
758.951965,0.067347
756.331878,0.063265
753.711790,0.059184
751.091703,0.057143
748.471616,0.053061
745.851528,0.053061
743.231441,0.051020
740.611354,0.048980
737.991266,0.046939
735.371179,0.044898
732.751092,0.044898
730.131004,0.042857
727.510917,0.042857
724.890830,0.040816
722.270742,0.040816
719.650655,0.042857
717.030568,0.046939
714.410480,0.055102
711.790393,0.067347
709.170306,0.075510
706.550218,0.081633
703.930131,0.083673
701.310044,0.083673
698.689956,0.083673
696.069869,0.081633
693.449782,0.079592
690.829694,0.077551
688.209607,0.079592
685.589520,0.079592
682.969432,0.079592
680.349345,0.075510
677.729258,0.071429
675.109170,0.067347
672.489083,0.065306
669.868996,0.063265
667.248908,0.065306
664.628821,0.069388
662.008734,0.071429
659.388646,0.069388
656.768559,0.065306
654.148472,0.048980
651.528384,0.036735
648.908297,0.032653
646.288210,0.030612
643.668122,0.030612
641.048035,0.028571
638.427948,0.030612
635.807860,0.030612
633.187773,0.030612
630.567686,0.030612
627.947598,0.030612
625.327511,0.030612
622.707424,0.030612
620.087336,0.030612
617.467249,0.030612
614.847162,0.030612
612.227074,0.030612
609.606987,0.030612
606.986900,0.030612
604.366812,0.030612
601.746725,0.032653
599.126638,0.032653
596.506550,0.032653
593.886463,0.030612
591.266376,0.030612
588.646288,0.026531
586.026201,0.024490
583.406114,0.020408
580.786026,0.018367
578.165939,0.014286
575.545852,0.012245
572.925764,0.008163
570.305677,0.006122
567.685590,0.006122
565.065502,0.004082
562.445415,0.004082
559.825328,0.004082
557.205240,0.002041
554.585153,0.002041
551.965066,0.002041
549.344978,0.002041
546.724891,0.002041
544.104803,0.002041
541.484716,0.002041
538.864629,0.002041
536.244541,0.002041
533.624454,0.002041
531.004367,0.002041
528.384279,0.002041
525.764192,0.002041
523.144105,0.002041
520.524017,0.002041
517.903930,0.002041
515.283843,0.002041
512.663755,0.002041
510.043668,0.002041
507.423581,0.002041
504.803493,0.002041
502.183406,0.002041
499.563319,0.002041
496.943231,0.002041
494.323144,0.002041
491.703057,0.002041
489.082969,0.002041
486.462882,0.002041
483.842795,0.002041
481.222707,0.002041
478.602620,0.002041
475.982533,0.002041
473.362445,0.002041
470.742358,0.002041
468.122271,0.002041
465.502183,0.002041
462.882096,0.002041
460.262009,0.002041
457.641921,0.002041
455.021834,0.002041
452.401747,0.002041
449.781659,0.002041
447.161572,nan
444.541485,nan
441.921397,nan
439.301310,nan
436.681223,nan
434.061135,nan
431.441048,nan
428.820961,nan
426.200873,nan
423.580786,nan
420.960699,nan
418.340611,nan
415.720524,nan
413.100437,nan
410.480349,nan
407.860262,nan
405.240175,nan
402.620087,nan
400.000000,nan
