4000.000000,0.012245
3997.379913,0.014286
3994.759825,0.014286
3992.139738,0.014286
3989.519651,0.012245
3986.899563,0.012245
3984.279476,0.012245
3981.659389,0.012245
3979.039301,0.012245
3976.419214,0.012245
3973.799127,0.012245
3971.179039,0.012245
3968.558952,0.010204
3965.938865,0.010204
3963.318777,0.010204
3960.698690,0.010204
3958.078603,0.010204
3955.458515,0.010204
3952.838428,0.010204
3950.218341,0.010204
3947.598253,0.010204
3944.978166,0.008163
3942.358079,0.008163
3939.737991,0.008163
3937.117904,0.008163
3934.497817,0.008163
3931.877729,0.008163
3929.257642,0.008163
3926.637555,0.008163
3924.017467,0.008163
3921.397380,0.006122
3918.777293,0.006122
3916.157205,0.006122
3913.537118,0.006122
3910.917031,0.006122
3908.296943,0.006122
3905.676856,0.008163
3903.056769,0.008163
3900.436681,0.006122
3897.816594,0.006122
3895.196507,0.006122
3892.576419,0.006122
3889.956332,0.004082
3887.336245,0.006122
3884.716157,0.006122
3882.096070,0.006122
3879.475983,0.004082
3876.855895,0.004082
3874.235808,0.006122
3871.615721,0.006122
3868.995633,0.006122
3866.375546,0.006122
3863.755459,0.006122
3861.135371,0.006122
3858.515284,0.004082
3855.895197,0.006122
3853.275109,0.006122
3850.655022,0.006122
3848.034934,0.004082
3845.414847,0.004082
3842.794760,0.006122
3840.174672,0.006122
3837.554585,0.006122
3834.934498,0.004082
3832.314410,0.006122
3829.694323,0.006122
3827.074236,0.006122
3824.454148,0.006122
3821.834061,0.006122
3819.213974,0.006122
3816.593886,0.004082
3813.973799,0.004082
3811.353712,0.004082
3808.733624,0.006122
3806.113537,0.006122
3803.493450,0.004082
3800.873362,0.006122
3798.253275,0.004082
3795.633188,0.004082
3793.013100,0.006122
3790.393013,0.006122
3787.772926,0.006122
3785.152838,0.006122
3782.532751,0.006122
3779.912664,0.006122
3777.292576,0.006122
3774.672489,0.006122
3772.052402,0.008163
3769.432314,0.008163
3766.812227,0.006122
3764.192140,0.006122
3761.572052,0.006122
3758.951965,0.006122
3756.331878,0.006122
3753.711790,0.008163
3751.091703,0.008163
3748.471616,0.006122
3745.851528,0.004082
3743.231441,0.004082
3740.611354,0.004082
3737.991266,0.006122
3735.371179,0.006122
3732.751092,0.004082
3730.131004,0.004082
3727.510917,0.006122
3724.890830,0.006122
3722.270742,0.006122
3719.650655,0.006122
3717.030568,0.006122
3714.410480,0.006122
3711.790393,0.006122
3709.170306,0.006122
3706.550218,0.004082
3703.930131,0.006122
3701.310044,0.006122
3698.689956,0.006122
3696.069869,0.006122
3693.449782,0.008163
3690.829694,0.008163
3688.209607,0.006122
3685.589520,0.006122
3682.969432,0.006122
3680.349345,0.008163
3677.729258,0.006122
3675.109170,0.006122
3672.489083,0.006122
3669.868996,0.006122
3667.248908,0.006122
3664.628821,0.006122
3662.008734,0.008163
3659.388646,0.008163
3656.768559,0.008163
3654.148472,0.008163
3651.528384,0.008163
3648.908297,0.008163
3646.288210,0.008163
3643.668122,0.008163
3641.048035,0.010204
3638.427948,0.010204
3635.807860,0.012245
3633.187773,0.012245
3630.567686,0.012245
3627.947598,0.012245
3625.327511,0.012245
3622.707424,0.012245
3620.087336,0.014286
3617.467249,0.014286
3614.847162,0.014286
3612.227074,0.014286
3609.606987,0.014286
3606.986900,0.016327
3604.366812,0.016327
3601.746725,0.018367
3599.126638,0.018367
3596.506550,0.018367
3593.886463,0.018367
3591.266376,0.020408
3588.646288,0.020408
3586.026201,0.020408
3583.406114,0.020408
3580.786026,0.020408
3578.165939,0.020408
3575.545852,0.022449
3572.925764,0.022449
3570.305677,0.022449
3567.685590,0.022449
3565.065502,0.022449
3562.445415,0.020408
3559.825328,0.022449
3557.205240,0.022449
3554.585153,0.022449
3551.965066,0.022449
3549.344978,0.022449
3546.724891,0.022449
3544.104803,0.022449
3541.484716,0.024490
3538.864629,0.024490
3536.244541,0.026531
3533.624454,0.026531
3531.004367,0.026531
3528.384279,0.026531
3525.764192,0.026531
3523.144105,0.028571
3520.524017,0.028571
3517.903930,0.028571
3515.283843,0.030612
3512.663755,0.030612
3510.043668,0.030612
3507.423581,0.030612
3504.803493,0.030612
3502.183406,0.030612
3499.563319,0.030612
3496.943231,0.032653
3494.323144,0.030612
3491.703057,0.030612
3489.082969,0.030612
3486.462882,0.030612
3483.842795,0.030612
3481.222707,0.030612
3478.602620,0.030612
3475.982533,0.030612
3473.362445,0.030612
3470.742358,0.030612
3468.122271,0.030612
3465.502183,0.030612
3462.882096,0.030612
3460.262009,0.028571
3457.641921,0.030612
3455.021834,0.030612
3452.401747,0.028571
3449.781659,0.028571
3447.161572,0.028571
3444.541485,0.028571
3441.921397,0.028571
3439.301310,0.026531
3436.681223,0.026531
3434.061135,0.026531
3431.441048,0.026531
3428.820961,0.026531
3426.200873,0.026531
3423.580786,0.026531
3420.960699,0.026531
3418.340611,0.026531
3415.720524,0.026531
3413.100437,0.024490
3410.480349,0.024490
3407.860262,0.024490
3405.240175,0.024490
3402.620087,0.024490
3400.000000,0.024490
3397.379913,0.022449
3394.759825,0.022449
3392.139738,0.022449
3389.519651,0.022449
3386.899563,0.022449
3384.279476,0.022449
3381.659389,0.022449
3379.039301,0.022449
3376.419214,0.022449
3373.799127,0.022449
3371.179039,0.022449
3368.558952,0.022449
3365.938865,0.020408
3363.318777,0.022449
3360.698690,0.022449
3358.078603,0.020408
3355.458515,0.022449
3352.838428,0.022449
3350.218341,0.020408
3347.598253,0.020408
3344.978166,0.020408
3342.358079,0.020408
3339.737991,0.020408
3337.117904,0.020408
3334.497817,0.018367
3331.877729,0.020408
3329.257642,0.020408
3326.637555,0.018367
3324.017467,0.018367
3321.397380,0.020408
3318.777293,0.020408
3316.157205,0.018367
3313.537118,0.018367
3310.917031,0.018367
3308.296943,0.018367
3305.676856,0.018367
3303.056769,0.018367
3300.436681,0.018367
3297.816594,0.018367
3295.196507,0.018367
3292.576419,0.018367
3289.956332,0.018367
3287.336245,0.018367
3284.716157,0.018367
3282.096070,0.018367
3279.475983,0.018367
3276.855895,0.018367
3274.235808,0.018367
3271.615721,0.018367
3268.995633,0.018367
3266.375546,0.018367
3263.755459,0.018367
3261.135371,0.018367
3258.515284,0.018367
3255.895197,0.018367
3253.275109,0.018367
3250.655022,0.018367
3248.034934,0.016327
3245.414847,0.016327
3242.794760,0.016327
3240.174672,0.018367
3237.554585,0.018367
3234.934498,0.018367
3232.314410,0.018367
3229.694323,0.018367
3227.074236,0.016327
3224.454148,0.018367
3221.834061,0.018367
3219.213974,0.018367
3216.593886,0.018367
3213.973799,0.018367
3211.353712,0.018367
3208.733624,0.018367
3206.113537,0.018367
3203.493450,0.018367
3200.873362,0.018367
3198.253275,0.018367
3195.633188,0.018367
3193.013100,0.018367
3190.393013,0.018367
3187.772926,0.018367
3185.152838,0.018367
3182.532751,0.018367
3179.912664,0.018367
3177.292576,0.018367
3174.672489,0.018367
3172.052402,0.018367
3169.432314,0.018367
3166.812227,0.018367
3164.192140,0.018367
3161.572052,0.018367
3158.951965,0.018367
3156.331878,0.018367
3153.711790,0.018367
3151.091703,0.018367
3148.471616,0.018367
3145.851528,0.018367
3143.231441,0.018367
3140.611354,0.018367
3137.991266,0.018367
3135.371179,0.018367
3132.751092,0.018367
3130.131004,0.018367
3127.510917,0.018367
3124.890830,0.018367
3122.270742,0.020408
3119.650655,0.020408
3117.030568,0.020408
3114.410480,0.020408
3111.790393,0.020408
3109.170306,0.020408
3106.550218,0.020408
3103.930131,0.020408
3101.310044,0.020408
3098.689956,0.020408
3096.069869,0.020408
3093.449782,0.020408
3090.829694,0.020408
3088.209607,0.020408
3085.589520,0.020408
3082.969432,0.020408
3080.349345,0.022449
3077.729258,0.022449
3075.109170,0.022449
3072.489083,0.024490
3069.868996,0.024490
3067.248908,0.024490
3064.628821,0.024490
3062.008734,0.024490
3059.388646,0.024490
3056.768559,0.024490
3054.148472,0.026531
3051.528384,0.026531
3048.908297,0.026531
3046.288210,0.026531
3043.668122,0.028571
3041.048035,0.028571
3038.427948,0.028571
3035.807860,0.028571
3033.187773,0.028571
3030.567686,0.030612
3027.947598,0.030612
3025.327511,0.032653
3022.707424,0.032653
3020.087336,0.034694
3017.467249,0.034694
3014.847162,0.038776
3012.227074,0.040816
3009.606987,0.044898
3006.986900,0.051020
3004.366812,0.057143
3001.746725,0.067347
2999.126638,0.079592
2996.506550,0.093878
2993.886463,0.114286
2991.266376,0.138776
2988.646288,0.165306
2986.026201,0.195918
2983.406114,0.226531
2980.786026,0.257143
2978.165939,0.291837
2975.545852,0.328571
2972.925764,0.365306
2970.305677,0.393878
2967.685590,0.404082
2965.065502,0.406122
2962.445415,0.404082
2959.825328,0.397959
2957.205240,0.377551
2954.585153,0.346939
2951.965066,0.314286
2949.344978,0.289796
2946.724891,0.279592
2944.104803,0.291837
2941.484716,0.310204
2938.864629,0.328571
2936.244541,0.346939
2933.624454,0.363265
2931.004367,0.367347
2928.384279,0.367347
2925.764192,0.367347
2923.144105,0.365306
2920.524017,0.361224
2917.903930,0.361224
2915.283843,0.363265
2912.663755,0.371429
2910.043668,0.383673
2907.423581,0.395918
2904.803493,0.404082
2902.183406,0.410204
2899.563319,0.416327
2896.943231,0.420408
2894.323144,0.424490
2891.703057,0.428571
2889.082969,0.432653
2886.462882,0.436735
2883.842795,0.444898
2881.222707,0.455102
2878.602620,0.467347
2875.982533,0.475510
2873.362445,0.483673
2870.742358,0.491837
2868.122271,0.493878
2865.502183,0.493878
2862.882096,0.491837
2860.262009,0.485714
2857.641921,0.471429
2855.021834,0.451020
2852.401747,0.422449
2849.781659,0.389796
2847.161572,0.357143
2844.541485,0.322449
2841.921397,0.289796
2839.301310,0.259184
2836.681223,0.230612
2834.061135,0.206122
2831.441048,0.185714
2828.820961,0.167347
2826.200873,0.153061
2823.580786,0.142857
2820.960699,0.134694
2818.340611,0.128571
2815.720524,0.122449
2813.100437,0.118367
2810.480349,0.112245
2807.860262,0.108163
2805.240175,0.104082
2802.620087,0.100000
2800.000000,0.095918
2797.379913,0.093878
2794.759825,0.089796
2792.139738,0.087755
2789.519651,0.085714
2786.899563,0.083673
2784.279476,0.079592
2781.659389,0.075510
2779.039301,0.073469
2776.419214,0.071429
2773.799127,0.067347
2771.179039,0.065306
2768.558952,0.063265
2765.938865,0.061224
2763.318777,0.059184
2760.698690,0.057143
2758.078603,0.055102
2755.458515,0.055102
2752.838428,0.053061
2750.218341,0.053061
2747.598253,0.051020
2744.978166,0.048980
2742.358079,0.048980
2739.737991,0.048980
2737.117904,0.048980
2734.497817,0.046939
2731.877729,0.046939
2729.257642,0.046939
2726.637555,0.044898
2724.017467,0.044898
2721.397380,0.044898
2718.777293,0.042857
2716.157205,0.040816
2713.537118,0.040816
2710.917031,0.038776
2708.296943,0.038776
2705.676856,0.038776
2703.056769,0.036735
2700.436681,0.034694
2697.816594,0.034694
2695.196507,0.032653
2692.576419,0.030612
2689.956332,0.030612
2687.336245,0.028571
2684.716157,0.028571
2682.096070,0.028571
2679.475983,0.026531
2676.855895,0.026531
2674.235808,0.026531
2671.615721,0.026531
2668.995633,0.026531
2666.375546,0.024490
2663.755459,0.024490
2661.135371,0.024490
2658.515284,0.024490
2655.895197,0.024490
2653.275109,0.022449
2650.655022,0.022449
2648.034934,0.022449
2645.414847,0.022449
2642.794760,0.022449
2640.174672,0.022449
2637.554585,0.022449
2634.934498,0.020408
2632.314410,0.020408
2629.694323,0.020408
2627.074236,0.020408
2624.454148,0.020408
2621.834061,0.020408
2619.213974,0.018367
2616.593886,0.018367
2613.973799,0.018367
2611.353712,0.018367
2608.733624,0.018367
2606.113537,0.018367
2603.493450,0.018367
2600.873362,0.018367
2598.253275,0.018367
2595.633188,0.018367
2593.013100,0.018367
2590.393013,0.018367
2587.772926,0.018367
2585.152838,0.018367
2582.532751,0.018367
2579.912664,0.018367
2577.292576,0.016327
2574.672489,0.016327
2572.052402,0.016327
2569.432314,0.016327
2566.812227,0.016327
2564.192140,0.014286
2561.572052,0.014286
2558.951965,0.014286
2556.331878,0.014286
2553.711790,0.014286
2551.091703,0.014286
2548.471616,0.014286
2545.851528,0.014286
2543.231441,0.014286
2540.611354,0.014286
2537.991266,0.014286
2535.371179,0.014286
2532.751092,0.014286
2530.131004,0.012245
2527.510917,0.014286
2524.890830,0.014286
2522.270742,0.014286
2519.650655,0.014286
2517.030568,0.014286
2514.410480,0.014286
2511.790393,0.014286
2509.170306,0.014286
2506.550218,0.014286
2503.930131,0.014286
2501.310044,0.014286
2498.689956,0.014286
2496.069869,0.014286
2493.449782,0.014286
2490.829694,0.014286
2488.209607,0.014286
2485.589520,0.014286
2482.969432,0.014286
2480.349345,0.014286
2477.729258,0.014286
2475.109170,0.014286
2472.489083,0.014286
2469.868996,0.014286
2467.248908,0.014286
2464.628821,0.014286
2462.008734,0.014286
2459.388646,0.014286
2456.768559,0.012245
2454.148472,0.014286
2451.528384,0.014286
2448.908297,0.014286
2446.288210,0.014286
2443.668122,0.014286
2441.048035,0.014286
2438.427948,0.014286
2435.807860,0.014286
2433.187773,0.014286
2430.567686,0.014286
2427.947598,0.014286
2425.327511,0.014286
2422.707424,0.014286
2420.087336,0.014286
2417.467249,0.014286
2414.847162,0.014286
2412.227074,0.014286
2409.606987,0.014286
2406.986900,0.014286
2404.366812,0.014286
2401.746725,0.014286
2399.126638,0.014286
2396.506550,0.014286
2393.886463,0.016327
2391.266376,0.016327
2388.646288,0.014286
2386.026201,0.014286
2383.406114,0.014286
2380.786026,0.014286
2378.165939,0.014286
2375.545852,0.014286
2372.925764,0.014286
2370.305677,0.012245
2367.685590,0.010204
2365.065502,0.010204
2362.445415,0.010204
2359.825328,0.010204
2357.205240,0.008163
2354.585153,0.008163
2351.965066,0.010204
2349.344978,0.012245
2346.724891,0.012245
2344.104803,0.012245
2341.484716,0.010204
2338.864629,0.010204
2336.244541,0.010204
2333.624454,0.010204
2331.004367,0.010204
2328.384279,0.012245
2325.764192,0.010204
2323.144105,0.010204
2320.524017,0.012245
2317.903930,0.012245
2315.283843,0.014286
2312.663755,0.014286
2310.043668,0.014286
2307.423581,0.014286
2304.803493,0.016327
2302.183406,0.016327
2299.563319,0.016327
2296.943231,0.016327
2294.323144,0.018367
2291.703057,0.018367
2289.082969,0.018367
2286.462882,0.018367
2283.842795,0.018367
2281.222707,0.018367
2278.602620,0.018367
2275.982533,0.018367
2273.362445,0.018367
2270.742358,0.018367
2268.122271,0.018367
2265.502183,0.018367
2262.882096,0.018367
2260.262009,0.018367
2257.641921,0.020408
2255.021834,0.020408
2252.401747,0.020408
2249.781659,0.020408
2247.161572,0.020408
2244.541485,0.020408
2241.921397,0.020408
2239.301310,0.020408
2236.681223,0.020408
2234.061135,0.020408
2231.441048,0.020408
2228.820961,0.020408
2226.200873,0.020408
2223.580786,0.020408
2220.960699,0.020408
2218.340611,0.020408
2215.720524,0.020408
2213.100437,0.020408
2210.480349,0.020408
2207.860262,0.020408
2205.240175,0.020408
2202.620087,0.020408
2200.000000,0.020408
2197.379913,0.020408
2194.759825,0.022449
2192.139738,0.022449
2189.519651,0.022449
2186.899563,0.022449
2184.279476,0.022449
2181.659389,0.022449
2179.039301,0.022449
2176.419214,0.022449
2173.799127,0.022449
2171.179039,0.022449
2168.558952,0.022449
2165.938865,0.022449
2163.318777,0.022449
2160.698690,0.022449
2158.078603,0.022449
2155.458515,0.022449
2152.838428,0.022449
2150.218341,0.024490
2147.598253,0.024490
2144.978166,0.024490
2142.358079,0.024490
2139.737991,0.022449
2137.117904,0.024490
2134.497817,0.024490
2131.877729,0.024490
2129.257642,0.024490
2126.637555,0.024490
2124.017467,0.024490
2121.397380,0.024490
2118.777293,0.024490
2116.157205,0.024490
2113.537118,0.024490
2110.917031,0.024490
2108.296943,0.024490
2105.676856,0.024490
2103.056769,0.024490
2100.436681,0.024490
2097.816594,0.024490
2095.196507,0.024490
2092.576419,0.024490
2089.956332,0.024490
2087.336245,0.024490
2084.716157,0.024490
2082.096070,0.024490
2079.475983,0.024490
2076.855895,0.024490
2074.235808,0.024490
2071.615721,0.026531
2068.995633,0.026531
2066.375546,0.026531
2063.755459,0.026531
2061.135371,0.026531
2058.515284,0.026531
2055.895197,0.026531
2053.275109,0.026531
2050.655022,0.026531
2048.034934,0.026531
2045.414847,0.026531
2042.794760,0.028571
2040.174672,0.028571
2037.554585,0.026531
2034.934498,0.026531
2032.314410,0.028571
2029.694323,0.028571
2027.074236,0.028571
2024.454148,0.028571
2021.834061,0.028571
2019.213974,0.028571
2016.593886,0.028571
2013.973799,0.028571
2011.353712,0.030612
2008.733624,0.030612
2006.113537,0.030612
2003.493450,0.028571
2000.873362,0.028571
1998.253275,0.030612
1995.633188,0.030612
1993.013100,0.030612
1990.393013,0.030612
1987.772926,0.030612
1985.152838,0.030612
1982.532751,0.030612
1979.912664,0.032653
1977.292576,0.032653
1974.672489,0.032653
1972.052402,0.032653
1969.432314,0.032653
1966.812227,0.032653
1964.192140,0.032653
1961.572052,0.034694
1958.951965,0.034694
1956.331878,0.034694
1953.711790,0.034694
1951.091703,0.034694
1948.471616,0.034694
1945.851528,0.034694
1943.231441,0.032653
1940.611354,0.032653
1937.991266,0.032653
1935.371179,0.032653
1932.751092,0.032653
1930.131004,0.032653
1927.510917,0.030612
1924.890830,0.030612
1922.270742,0.030612
1919.650655,0.030612
1917.030568,0.030612
1914.410480,0.030612
1911.790393,0.030612
1909.170306,0.028571
1906.550218,0.028571
1903.930131,0.028571
1901.310044,0.028571
1898.689956,0.028571
1896.069869,0.028571
1893.449782,0.028571
1890.829694,0.028571
1888.209607,0.028571
1885.589520,0.026531
1882.969432,0.026531
1880.349345,0.026531
1877.729258,0.026531
1875.109170,0.026531
1872.489083,0.026531
1869.868996,0.026531
1867.248908,0.026531
1864.628821,0.026531
1862.008734,0.026531
1859.388646,0.026531
1856.768559,0.026531
1854.148472,0.026531
1851.528384,0.026531
1848.908297,0.026531
1846.288210,0.026531
1843.668122,0.026531
1841.048035,0.026531
1838.427948,0.026531
1835.807860,0.026531
1833.187773,0.028571
1830.567686,0.026531
1827.947598,0.026531
1825.327511,0.026531
1822.707424,0.026531
1820.087336,0.028571
1817.467249,0.028571
1814.847162,0.028571
1812.227074,0.026531
1809.606987,0.028571
1806.986900,0.028571
1804.366812,0.028571
1801.746725,0.028571
1799.126638,0.028571
1796.506550,0.028571
1793.886463,0.028571
1791.266376,0.028571
1788.646288,0.030612
1786.026201,0.030612
1783.406114,0.030612
1780.786026,0.030612
1778.165939,0.030612
1775.545852,0.030612
1772.925764,0.030612
1770.305677,0.030612
1767.685590,0.030612
1765.065502,0.030612
1762.445415,0.030612
1759.825328,0.030612
1757.205240,0.030612
1754.585153,0.032653
1751.965066,0.032653
1749.344978,0.030612
1746.724891,0.032653
1744.104803,0.032653
1741.484716,0.032653
1738.864629,0.032653
1736.244541,0.034694
1733.624454,0.032653
1731.004367,0.032653
1728.384279,0.034694
1725.764192,0.034694
1723.144105,0.034694
1720.524017,0.034694
1717.903930,0.034694
1715.283843,0.032653
1712.663755,0.032653
1710.043668,0.034694
1707.423581,0.034694
1704.803493,0.032653
1702.183406,0.032653
1699.563319,0.032653
1696.943231,0.032653
1694.323144,0.032653
1691.703057,0.034694
1689.082969,0.034694
1686.462882,0.036735
1683.842795,0.034694
1681.222707,0.036735
1678.602620,0.038776
1675.982533,0.040816
1673.362445,0.042857
1670.742358,0.044898
1668.122271,0.044898
1665.502183,0.044898
1662.882096,0.046939
1660.262009,0.046939
1657.641921,0.046939
1655.021834,0.046939
1652.401747,0.046939
1649.781659,0.046939
1647.161572,0.046939
1644.541485,0.048980
1641.921397,0.048980
1639.301310,0.048980
1636.681223,0.048980
1634.061135,0.048980
1631.441048,0.051020
1628.820961,0.051020
1626.200873,0.051020
1623.580786,0.051020
1620.960699,0.051020
1618.340611,0.051020
1615.720524,0.051020
1613.100437,0.051020
1610.480349,0.051020
1607.860262,0.051020
1605.240175,0.051020
1602.620087,0.051020
1600.000000,0.051020
1597.379913,0.051020
1594.759825,0.051020
1592.139738,0.051020
1589.519651,0.051020
1586.899563,0.051020
1584.279476,0.048980
1581.659389,0.048980
1579.039301,0.048980
1576.419214,0.048980
1573.799127,0.046939
1571.179039,0.046939
1568.558952,0.046939
1565.938865,0.046939
1563.318777,0.044898
1560.698690,0.044898
1558.078603,0.044898
1555.458515,0.042857
1552.838428,0.042857
1550.218341,0.042857
1547.598253,0.044898
1544.978166,0.044898
1542.358079,0.042857
1539.737991,0.042857
1537.117904,0.042857
1534.497817,0.042857
1531.877729,0.042857
1529.257642,0.044898
1526.637555,0.044898
1524.017467,0.042857
1521.397380,0.042857
1518.777293,0.044898
1516.157205,0.044898
1513.537118,0.044898
1510.917031,0.046939
1508.296943,0.046939
1505.676856,0.046939
1503.056769,0.048980
1500.436681,0.051020
1497.816594,0.053061
1495.196507,0.061224
1492.576419,0.069388
1489.956332,0.079592
1487.336245,0.087755
1484.716157,0.097959
1482.096070,0.108163
1479.475983,0.118367
1476.855895,0.124490
1474.235808,0.132653
1471.615721,0.144898
1468.995633,0.155102
1466.375546,0.169388
1463.755459,0.179592
1461.135371,0.187755
1458.515284,0.189796
1455.895197,0.189796
1453.275109,0.191837
1450.655022,0.191837
1448.034934,0.189796
1445.414847,0.181633
1442.794760,0.167347
1440.174672,0.155102
1437.554585,0.138776
1434.934498,0.122449
1432.314410,0.106122
1429.694323,0.100000
1427.074236,0.093878
1424.454148,0.089796
1421.834061,0.093878
1419.213974,0.097959
1416.593886,0.104082
1413.973799,0.110204
1411.353712,0.112245
1408.733624,0.114286
1406.113537,0.116327
1403.493450,0.120408
1400.873362,0.122449
1398.253275,0.124490
1395.633188,0.126531
1393.013100,0.126531
1390.393013,0.132653
1387.772926,0.142857
1385.152838,0.157143
1382.532751,0.183673
1379.912664,0.224490
1377.292576,0.261224
1374.672489,0.273469
1372.052402,0.273469
1369.432314,0.271429
1366.812227,0.242857
1364.192140,0.200000
1361.572052,0.167347
1358.951965,0.148980
1356.331878,0.153061
1353.711790,0.159184
1351.091703,0.167347
1348.471616,0.171429
1345.851528,0.173469
1343.231441,0.175510
1340.611354,0.173469
1337.991266,0.169388
1335.371179,0.159184
1332.751092,0.142857
1330.131004,0.130612
1327.510917,0.124490
1324.890830,0.120408
1322.270742,0.122449
1319.650655,0.124490
1317.030568,0.128571
1314.410480,0.136735
1311.790393,0.144898
1309.170306,0.153061
1306.550218,0.161224
1303.930131,0.169388
1301.310044,0.173469
1298.689956,0.177551
1296.069869,0.177551
1293.449782,0.175510
1290.829694,0.173469
1288.209607,0.169388
1285.589520,0.163265
1282.969432,0.161224
1280.349345,0.159184
1277.729258,0.163265
1275.109170,0.179592
1272.489083,0.220408
1269.868996,0.300000
1267.248908,0.424490
1264.628821,0.544898
1262.008734,0.583673
1259.388646,0.583673
1256.768559,0.575510
1254.148472,0.491837
1251.528384,0.377551
1248.908297,0.283673
1246.288210,0.230612
1243.668122,0.197959
1241.048035,0.177551
1238.427948,0.161224
1235.807860,0.146939
1233.187773,0.132653
1230.567686,0.118367
1227.947598,0.104082
1225.327511,0.093878
1222.707424,0.087755
1220.087336,0.083673
1217.467249,0.079592
1214.847162,0.079592
1212.227074,0.077551
1209.606987,0.077551
1206.986900,0.077551
1204.366812,0.081633
1201.746725,0.085714
1199.126638,0.087755
1196.506550,0.091837
1193.886463,0.100000
1191.266376,0.110204
1188.646288,0.118367
1186.026201,0.128571
1183.406114,0.144898
1180.786026,0.167347
1178.165939,0.193878
1175.545852,0.222449
1172.925764,0.253061
1170.305677,0.285714
1167.685590,0.318367
1165.065502,0.353061
1162.445415,0.389796
1159.825328,0.424490
1157.205240,0.461224
1154.585153,0.504082
1151.965066,0.542857
1149.344978,0.579592
1146.724891,0.608163
1144.104803,0.632653
1141.484716,0.657143
1138.864629,0.683673
1136.244541,0.710204
1133.624454,0.740816
1131.004367,0.771429
1128.384279,0.804082
1125.764192,0.830612
1123.144105,0.853061
1120.524017,0.883673
1117.903930,0.908163
1115.283843,0.928571
1112.663755,0.946939
1110.043668,0.967347
1107.423581,0.979592
1104.803493,0.991837
1102.183406,0.997959
1099.563319,1.000000
1096.943231,0.997959
1094.323144,0.993878
1091.703057,0.989796
1089.082969,0.969388
1086.462882,0.940816
1083.842795,0.908163
1081.222707,0.877551
1078.602620,0.840816
1075.982533,0.804082
1073.362445,0.763265
1070.742358,0.730612
1068.122271,0.704082
1065.502183,0.679592
1062.882096,0.657143
1060.262009,0.634694
1057.641921,0.612245
1055.021834,0.595918
1052.401747,0.579592
1049.781659,0.577551
1047.161572,0.575510
1044.541485,0.577551
1041.921397,0.583673
1039.301310,0.591837
1036.681223,0.593878
1034.061135,0.600000
1031.441048,0.606122
1028.820961,0.614286
1026.200873,0.616327
1023.580786,0.620408
1020.960699,0.622449
1018.340611,0.622449
1015.720524,0.616327
1013.100437,0.597959
1010.480349,0.567347
1007.860262,0.522449
1005.240175,0.463265
1002.620087,0.410204
1000.000000,0.365306
997.379913,0.324490
994.759825,0.291837
992.139738,0.259184
989.519651,0.232653
986.899563,0.212245
984.279476,0.195918
981.659389,0.183673
979.039301,0.175510
976.419214,0.171429
973.799127,0.171429
971.179039,0.173469
968.558952,0.171429
965.938865,0.167347
963.318777,0.163265
960.698690,0.157143
958.078603,0.151020
955.458515,0.142857
952.838428,0.138776
950.218341,0.134694
947.598253,0.132653
944.978166,0.132653
942.358079,0.134694
939.737991,0.138776
937.117904,0.142857
934.497817,0.144898
931.877729,0.146939
929.257642,0.148980
926.637555,0.148980
924.017467,0.146939
921.397380,0.142857
918.777293,0.140816
916.157205,0.134694
913.537118,0.128571
910.917031,0.124490
908.296943,0.122449
905.676856,0.118367
903.056769,0.116327
900.436681,0.114286
897.816594,0.116327
895.196507,0.118367
892.576419,0.126531
889.956332,0.132653
887.336245,0.140816
884.716157,0.146939
882.096070,0.153061
879.475983,0.157143
876.855895,0.161224
874.235808,0.165306
871.615721,0.167347
868.995633,0.167347
866.375546,0.169388
863.755459,0.169388
861.135371,0.169388
858.515284,0.167347
855.895197,0.165306
853.275109,0.161224
850.655022,0.165306
848.034934,0.173469
845.414847,0.177551
842.794760,0.177551
840.174672,0.175510
837.554585,0.175510
834.934498,0.183673
832.314410,0.200000
829.694323,0.234694
827.074236,0.285714
824.454148,0.334694
821.834061,0.377551
819.213974,0.414286
816.593886,0.444898
813.973799,0.483673
811.353712,0.530612
808.733624,0.571429
806.113537,0.604082
803.493450,0.616327
800.873362,0.616327
798.253275,0.614286
795.633188,0.587755
793.013100,0.538776
790.393013,0.473469
787.772926,0.393878
785.152838,0.318367
782.532751,0.253061
779.912664,0.202041
777.292576,0.169388
774.672489,0.142857
772.052402,0.120408
769.432314,0.102041
766.812227,0.087755
764.192140,0.077551
761.572052,0.073469
758.951965,0.069388
756.331878,0.067347
753.711790,0.065306
751.091703,0.063265
748.471616,0.061224
745.851528,0.057143
743.231441,0.055102
740.611354,0.055102
737.991266,0.055102
735.371179,0.051020
732.751092,0.046939
730.131004,0.046939
727.510917,0.044898
724.890830,0.046939
722.270742,0.048980
719.650655,0.053061
717.030568,0.055102
714.410480,0.057143
711.790393,0.063265
709.170306,0.069388
706.550218,0.073469
703.930131,0.073469
701.310044,0.077551
698.689956,0.077551
696.069869,0.075510
693.449782,0.069388
690.829694,0.065306
688.209607,0.065306
685.589520,0.063265
682.969432,0.059184
680.349345,0.053061
677.729258,0.053061
675.109170,0.053061
672.489083,0.055102
669.868996,0.055102
667.248908,0.053061
664.628821,0.053061
662.008734,0.053061
659.388646,0.051020
656.768559,0.044898
654.148472,0.036735
651.528384,0.032653
648.908297,0.032653
646.288210,0.032653
643.668122,0.032653
641.048035,0.032653
638.427948,0.030612
635.807860,0.030612
633.187773,0.030612
630.567686,0.028571
627.947598,0.028571
625.327511,0.028571
622.707424,0.028571
620.087336,0.030612
617.467249,0.030612
614.847162,0.028571
612.227074,0.030612
609.606987,0.034694
606.986900,0.038776
604.366812,0.040816
601.746725,0.040816
599.126638,0.040816
596.506550,0.040816
593.886463,0.040816
591.266376,0.038776
588.646288,0.036735
586.026201,0.032653
583.406114,0.028571
580.786026,0.022449
578.165939,0.018367
575.545852,0.014286
572.925764,0.012245
570.305677,0.008163
567.685590,0.006122
565.065502,0.006122
562.445415,0.004082
559.825328,0.004082
557.205240,0.004082
554.585153,0.002041
551.965066,0.002041
549.344978,0.002041
546.724891,0.002041
544.104803,0.002041
541.484716,0.002041
538.864629,0.002041
536.244541,0.002041
533.624454,0.002041
531.004367,0.002041
528.384279,0.002041
525.764192,0.002041
523.144105,0.002041
520.524017,0.002041
517.903930,0.002041
515.283843,0.002041
512.663755,0.002041
510.043668,0.002041
507.423581,0.002041
504.803493,0.002041
502.183406,0.002041
499.563319,0.002041
496.943231,0.002041
494.323144,0.002041
491.703057,0.002041
489.082969,0.002041
486.462882,0.002041
483.842795,0.002041
481.222707,0.002041
478.602620,0.002041
475.982533,0.002041
473.362445,0.002041
470.742358,0.002041
468.122271,0.002041
465.502183,0.002041
462.882096,0.002041
460.262009,0.002041
457.641921,0.002041
455.021834,0.002041
452.401747,0.002041
449.781659,0.002041
447.161572,nan
444.541485,nan
441.921397,nan
439.301310,nan
436.681223,nan
434.061135,nan
431.441048,nan
428.820961,nan
426.200873,nan
423.580786,nan
420.960699,nan
418.340611,nan
415.720524,nan
413.100437,nan
410.480349,nan
407.860262,nan
405.240175,nan
402.620087,nan
400.000000,nan
