4000.000000,0.012245
3997.379913,0.012245
3994.759825,0.014286
3992.139738,0.014286
3989.519651,0.012245
3986.899563,0.012245
3984.279476,0.012245
3981.659389,0.012245
3979.039301,0.012245
3976.419214,0.012245
3973.799127,0.012245
3971.179039,0.012245
3968.558952,0.012245
3965.938865,0.012245
3963.318777,0.012245
3960.698690,0.012245
3958.078603,0.012245
3955.458515,0.012245
3952.838428,0.012245
3950.218341,0.012245
3947.598253,0.012245
3944.978166,0.012245
3942.358079,0.012245
3939.737991,0.012245
3937.117904,0.012245
3934.497817,0.012245
3931.877729,0.012245
3929.257642,0.010204
3926.637555,0.010204
3924.017467,0.010204
3921.397380,0.010204
3918.777293,0.010204
3916.157205,0.010204
3913.537118,0.010204
3910.917031,0.012245
3908.296943,0.012245
3905.676856,0.012245
3903.056769,0.012245
3900.436681,0.010204
3897.816594,0.010204
3895.196507,0.010204
3892.576419,0.010204
3889.956332,0.012245
3887.336245,0.012245
3884.716157,0.010204
3882.096070,0.010204
3879.475983,0.010204
3876.855895,0.010204
3874.235808,0.012245
3871.615721,0.012245
3868.995633,0.012245
3866.375546,0.010204
3863.755459,0.010204
3861.135371,0.010204
3858.515284,0.010204
3855.895197,0.012245
3853.275109,0.012245
3850.655022,0.012245
3848.034934,0.010204
3845.414847,0.010204
3842.794760,0.012245
3840.174672,0.012245
3837.554585,0.012245
3834.934498,0.012245
3832.314410,0.012245
3829.694323,0.012245
3827.074236,0.012245
3824.454148,0.012245
3821.834061,0.014286
3819.213974,0.014286
3816.593886,0.012245
3813.973799,0.010204
3811.353712,0.010204
3808.733624,0.012245
3806.113537,0.012245
3803.493450,0.012245
3800.873362,0.012245
3798.253275,0.012245
3795.633188,0.012245
3793.013100,0.012245
3790.393013,0.014286
3787.772926,0.016327
3785.152838,0.016327
3782.532751,0.016327
3779.912664,0.016327
3777.292576,0.016327
3774.672489,0.018367
3772.052402,0.018367
3769.432314,0.018367
3766.812227,0.018367
3764.192140,0.018367
3761.572052,0.018367
3758.951965,0.018367
3756.331878,0.018367
3753.711790,0.018367
3751.091703,0.018367
3748.471616,0.018367
3745.851528,0.016327
3743.231441,0.016327
3740.611354,0.014286
3737.991266,0.014286
3735.371179,0.016327
3732.751092,0.014286
3730.131004,0.014286
3727.510917,0.014286
3724.890830,0.016327
3722.270742,0.016327
3719.650655,0.016327
3717.030568,0.018367
3714.410480,0.020408
3711.790393,0.020408
3709.170306,0.022449
3706.550218,0.022449
3703.930131,0.024490
3701.310044,0.026531
3698.689956,0.026531
3696.069869,0.026531
3693.449782,0.026531
3690.829694,0.026531
3688.209607,0.024490
3685.589520,0.022449
3682.969432,0.020408
3680.349345,0.020408
3677.729258,0.020408
3675.109170,0.020408
3672.489083,0.020408
3669.868996,0.018367
3667.248908,0.018367
3664.628821,0.018367
3662.008734,0.020408
3659.388646,0.020408
3656.768559,0.020408
3654.148472,0.020408
3651.528384,0.020408
3648.908297,0.020408
3646.288210,0.020408
3643.668122,0.022449
3641.048035,0.022449
3638.427948,0.022449
3635.807860,0.022449
3633.187773,0.022449
3630.567686,0.022449
3627.947598,0.022449
3625.327511,0.022449
3622.707424,0.020408
3620.087336,0.022449
3617.467249,0.022449
3614.847162,0.022449
3612.227074,0.020408
3609.606987,0.022449
3606.986900,0.022449
3604.366812,0.022449
3601.746725,0.024490
3599.126638,0.024490
3596.506550,0.024490
3593.886463,0.026531
3591.266376,0.026531
3588.646288,0.026531
3586.026201,0.026531
3583.406114,0.026531
3580.786026,0.024490
3578.165939,0.026531
3575.545852,0.026531
3572.925764,0.026531
3570.305677,0.026531
3567.685590,0.026531
3565.065502,0.026531
3562.445415,0.026531
3559.825328,0.026531
3557.205240,0.026531
3554.585153,0.026531
3551.965066,0.028571
3549.344978,0.028571
3546.724891,0.026531
3544.104803,0.026531
3541.484716,0.026531
3538.864629,0.028571
3536.244541,0.028571
3533.624454,0.028571
3531.004367,0.028571
3528.384279,0.030612
3525.764192,0.030612
3523.144105,0.030612
3520.524017,0.028571
3517.903930,0.030612
3515.283843,0.030612
3512.663755,0.030612
3510.043668,0.030612
3507.423581,0.030612
3504.803493,0.030612
3502.183406,0.030612
3499.563319,0.030612
3496.943231,0.032653
3494.323144,0.032653
3491.703057,0.032653
3489.082969,0.034694
3486.462882,0.034694
3483.842795,0.032653
3481.222707,0.032653
3478.602620,0.032653
3475.982533,0.034694
3473.362445,0.034694
3470.742358,0.034694
3468.122271,0.034694
3465.502183,0.036735
3462.882096,0.036735
3460.262009,0.036735
3457.641921,0.036735
3455.021834,0.036735
3452.401747,0.036735
3449.781659,0.038776
3447.161572,0.038776
3444.541485,0.038776
3441.921397,0.038776
3439.301310,0.038776
3436.681223,0.038776
3434.061135,0.038776
3431.441048,0.038776
3428.820961,0.038776
3426.200873,0.038776
3423.580786,0.040816
3420.960699,0.040816
3418.340611,0.040816
3415.720524,0.042857
3413.100437,0.042857
3410.480349,0.040816
3407.860262,0.040816
3405.240175,0.040816
3402.620087,0.042857
3400.000000,0.042857
3397.379913,0.042857
3394.759825,0.042857
3392.139738,0.042857
3389.519651,0.042857
3386.899563,0.044898
3384.279476,0.044898
3381.659389,0.044898
3379.039301,0.044898
3376.419214,0.044898
3373.799127,0.044898
3371.179039,0.044898
3368.558952,0.042857
3365.938865,0.044898
3363.318777,0.044898
3360.698690,0.044898
3358.078603,0.044898
3355.458515,0.044898
3352.838428,0.044898
3350.218341,0.044898
3347.598253,0.044898
3344.978166,0.044898
3342.358079,0.044898
3339.737991,0.046939
3337.117904,0.046939
3334.497817,0.044898
3331.877729,0.046939
3329.257642,0.046939
3326.637555,0.046939
3324.017467,0.046939
3321.397380,0.044898
3318.777293,0.044898
3316.157205,0.044898
3313.537118,0.044898
3310.917031,0.044898
3308.296943,0.044898
3305.676856,0.044898
3303.056769,0.044898
3300.436681,0.044898
3297.816594,0.044898
3295.196507,0.044898
3292.576419,0.044898
3289.956332,0.044898
3287.336245,0.044898
3284.716157,0.044898
3282.096070,0.044898
3279.475983,0.044898
3276.855895,0.044898
3274.235808,0.042857
3271.615721,0.042857
3268.995633,0.042857
3266.375546,0.042857
3263.755459,0.042857
3261.135371,0.042857
3258.515284,0.042857
3255.895197,0.042857
3253.275109,0.042857
3250.655022,0.042857
3248.034934,0.042857
3245.414847,0.042857
3242.794760,0.040816
3240.174672,0.040816
3237.554585,0.040816
3234.934498,0.040816
3232.314410,0.040816
3229.694323,0.040816
3227.074236,0.040816
3224.454148,0.038776
3221.834061,0.038776
3219.213974,0.038776
3216.593886,0.038776
3213.973799,0.038776
3211.353712,0.038776
3208.733624,0.036735
3206.113537,0.036735
3203.493450,0.036735
3200.873362,0.036735
3198.253275,0.036735
3195.633188,0.036735
3193.013100,0.036735
3190.393013,0.034694
3187.772926,0.034694
3185.152838,0.034694
3182.532751,0.034694
3179.912664,0.034694
3177.292576,0.034694
3174.672489,0.034694
3172.052402,0.034694
3169.432314,0.034694
3166.812227,0.034694
3164.192140,0.034694
3161.572052,0.034694
3158.951965,0.034694
3156.331878,0.034694
3153.711790,0.034694
3151.091703,0.034694
3148.471616,0.034694
3145.851528,0.034694
3143.231441,0.034694
3140.611354,0.034694
3137.991266,0.034694
3135.371179,0.034694
3132.751092,0.034694
3130.131004,0.034694
3127.510917,0.034694
3124.890830,0.034694
3122.270742,0.034694
3119.650655,0.034694
3117.030568,0.034694
3114.410480,0.034694
3111.790393,0.034694
3109.170306,0.034694
3106.550218,0.034694
3103.930131,0.034694
3101.310044,0.036735
3098.689956,0.036735
3096.069869,0.034694
3093.449782,0.034694
3090.829694,0.034694
3088.209607,0.034694
3085.589520,0.034694
3082.969432,0.032653
3080.349345,0.032653
3077.729258,0.032653
3075.109170,0.032653
3072.489083,0.032653
3069.868996,0.032653
3067.248908,0.032653
3064.628821,0.032653
3062.008734,0.034694
3059.388646,0.032653
3056.768559,0.032653
3054.148472,0.032653
3051.528384,0.032653
3048.908297,0.032653
3046.288210,0.032653
3043.668122,0.032653
3041.048035,0.032653
3038.427948,0.032653
3035.807860,0.032653
3033.187773,0.032653
3030.567686,0.032653
3027.947598,0.032653
3025.327511,0.032653
3022.707424,0.032653
3020.087336,0.034694
3017.467249,0.034694
3014.847162,0.034694
3012.227074,0.034694
3009.606987,0.036735
3006.986900,0.038776
3004.366812,0.040816
3001.746725,0.042857
2999.126638,0.044898
2996.506550,0.048980
2993.886463,0.055102
2991.266376,0.061224
2988.646288,0.069388
2986.026201,0.081633
2983.406114,0.100000
2980.786026,0.122449
2978.165939,0.157143
2975.545852,0.208163
2972.925764,0.277551
2970.305677,0.365306
2967.685590,0.459184
2965.065502,0.524490
2962.445415,0.538776
2959.825328,0.538776
2957.205240,0.528571
2954.585153,0.455102
2951.965066,0.355102
2949.344978,0.267347
2946.724891,0.200000
2944.104803,0.155102
2941.484716,0.124490
2938.864629,0.104082
2936.244541,0.091837
2933.624454,0.081633
2931.004367,0.077551
2928.384279,0.073469
2925.764192,0.071429
2923.144105,0.073469
2920.524017,0.073469
2917.903930,0.073469
2915.283843,0.075510
2912.663755,0.083673
2910.043668,0.091837
2907.423581,0.097959
2904.803493,0.100000
2902.183406,0.100000
2899.563319,0.095918
2896.943231,0.087755
2894.323144,0.077551
2891.703057,0.067347
2889.082969,0.059184
2886.462882,0.053061
2883.842795,0.046939
2881.222707,0.042857
2878.602620,0.040816
2875.982533,0.038776
2873.362445,0.034694
2870.742358,0.034694
2868.122271,0.032653
2865.502183,0.032653
2862.882096,0.032653
2860.262009,0.030612
2857.641921,0.032653
2855.021834,0.034694
2852.401747,0.036735
2849.781659,0.036735
2847.161572,0.036735
2844.541485,0.034694
2841.921397,0.032653
2839.301310,0.030612
2836.681223,0.028571
2834.061135,0.026531
2831.441048,0.024490
2828.820961,0.024490
2826.200873,0.024490
2823.580786,0.024490
2820.960699,0.024490
2818.340611,0.022449
2815.720524,0.024490
2813.100437,0.024490
2810.480349,0.024490
2807.860262,0.022449
2805.240175,0.024490
2802.620087,0.024490
2800.000000,0.022449
2797.379913,0.022449
2794.759825,0.022449
2792.139738,0.022449
2789.519651,0.022449
2786.899563,0.020408
2784.279476,0.020408
2781.659389,0.018367
2779.039301,0.016327
2776.419214,0.016327
2773.799127,0.014286
2771.179039,0.014286
2768.558952,0.014286
2765.938865,0.012245
2763.318777,0.012245
2760.698690,0.012245
2758.078603,0.012245
2755.458515,0.012245
2752.838428,0.010204
2750.218341,0.010204
2747.598253,0.010204
2744.978166,0.010204
2742.358079,0.010204
2739.737991,0.010204
2737.117904,0.010204
2734.497817,0.010204
2731.877729,0.010204
2729.257642,0.010204
2726.637555,0.010204
2724.017467,0.010204
2721.397380,0.010204
2718.777293,0.010204
2716.157205,0.010204
2713.537118,0.010204
2710.917031,0.010204
2708.296943,0.010204
2705.676856,0.010204
2703.056769,0.010204
2700.436681,0.010204
2697.816594,0.010204
2695.196507,0.010204
2692.576419,0.008163
2689.956332,0.010204
2687.336245,0.010204
2684.716157,0.010204
2682.096070,0.010204
2679.475983,0.010204
2676.855895,0.010204
2674.235808,0.010204
2671.615721,0.010204
2668.995633,0.010204
2666.375546,0.010204
2663.755459,0.010204
2661.135371,0.010204
2658.515284,0.010204
2655.895197,0.012245
2653.275109,0.010204
2650.655022,0.010204
2648.034934,0.010204
2645.414847,0.010204
2642.794760,0.008163
2640.174672,0.008163
2637.554585,0.008163
2634.934498,0.008163
2632.314410,0.008163
2629.694323,0.008163
2627.074236,0.008163
2624.454148,0.008163
2621.834061,0.008163
2619.213974,0.008163
2616.593886,0.008163
2613.973799,0.008163
2611.353712,0.008163
2608.733624,0.008163
2606.113537,0.008163
2603.493450,0.006122
2600.873362,0.008163
2598.253275,0.008163
2595.633188,0.008163
2593.013100,0.008163
2590.393013,0.008163
2587.772926,0.008163
2585.152838,0.008163
2582.532751,0.006122
2579.912664,0.006122
2577.292576,0.006122
2574.672489,0.006122
2572.052402,0.008163
2569.432314,0.006122
2566.812227,0.006122
2564.192140,0.006122
2561.572052,0.006122
2558.951965,0.006122
2556.331878,0.006122
2553.711790,0.006122
2551.091703,0.006122
2548.471616,0.006122
2545.851528,0.006122
2543.231441,0.006122
2540.611354,0.006122
2537.991266,0.006122
2535.371179,0.006122
2532.751092,0.006122
2530.131004,0.006122
2527.510917,0.006122
2524.890830,0.006122
2522.270742,0.006122
2519.650655,0.006122
2517.030568,0.006122
2514.410480,0.008163
2511.790393,0.008163
2509.170306,0.008163
2506.550218,0.008163
2503.930131,0.008163
2501.310044,0.010204
2498.689956,0.010204
2496.069869,0.010204
2493.449782,0.010204
2490.829694,0.008163
2488.209607,0.008163
2485.589520,0.008163
2482.969432,0.008163
2480.349345,0.008163
2477.729258,0.008163
2475.109170,0.008163
2472.489083,0.008163
2469.868996,0.008163
2467.248908,0.008163
2464.628821,0.008163
2462.008734,0.008163
2459.388646,0.008163
2456.768559,0.008163
2454.148472,0.008163
2451.528384,0.008163
2448.908297,0.006122
2446.288210,0.008163
2443.668122,0.008163
2441.048035,0.008163
2438.427948,0.008163
2435.807860,0.008163
2433.187773,0.008163
2430.567686,0.008163
2427.947598,0.008163
2425.327511,0.008163
2422.707424,0.008163
2420.087336,0.008163
2417.467249,0.008163
2414.847162,0.008163
2412.227074,0.008163
2409.606987,0.008163
2406.986900,0.008163
2404.366812,0.008163
2401.746725,0.008163
2399.126638,0.008163
2396.506550,0.008163
2393.886463,0.008163
2391.266376,0.008163
2388.646288,0.008163
2386.026201,0.008163
2383.406114,0.008163
2380.786026,0.008163
2378.165939,0.008163
2375.545852,0.008163
2372.925764,0.006122
2370.305677,0.006122
2367.685590,0.004082
2365.065502,0.004082
2362.445415,0.004082
2359.825328,0.004082
2357.205240,0.002041
2354.585153,0.002041
2351.965066,0.002041
2349.344978,0.004082
2346.724891,0.006122
2344.104803,0.006122
2341.484716,0.006122
2338.864629,0.006122
2336.244541,0.006122
2333.624454,0.006122
2331.004367,0.006122
2328.384279,0.006122
2325.764192,0.006122
2323.144105,0.006122
2320.524017,0.006122
2317.903930,0.006122
2315.283843,0.006122
2312.663755,0.006122
2310.043668,0.008163
2307.423581,0.008163
2304.803493,0.008163
2302.183406,0.008163
2299.563319,0.008163
2296.943231,0.008163
2294.323144,0.008163
2291.703057,0.008163
2289.082969,0.008163
2286.462882,0.008163
2283.842795,0.008163
2281.222707,0.008163
2278.602620,0.008163
2275.982533,0.008163
2273.362445,0.008163
2270.742358,0.008163
2268.122271,0.008163
2265.502183,0.008163
2262.882096,0.008163
2260.262009,0.008163
2257.641921,0.008163
2255.021834,0.008163
2252.401747,0.008163
2249.781659,0.008163
2247.161572,0.010204
2244.541485,0.008163
2241.921397,0.008163
2239.301310,0.008163
2236.681223,0.008163
2234.061135,0.008163
2231.441048,0.010204
2228.820961,0.010204
2226.200873,0.010204
2223.580786,0.010204
2220.960699,0.010204
2218.340611,0.010204
2215.720524,0.010204
2213.100437,0.010204
2210.480349,0.010204
2207.860262,0.010204
2205.240175,0.010204
2202.620087,0.010204
2200.000000,0.010204
2197.379913,0.010204
2194.759825,0.010204
2192.139738,0.010204
2189.519651,0.010204
2186.899563,0.010204
2184.279476,0.010204
2181.659389,0.010204
2179.039301,0.010204
2176.419214,0.010204
2173.799127,0.010204
2171.179039,0.010204
2168.558952,0.010204
2165.938865,0.010204
2163.318777,0.010204
2160.698690,0.010204
2158.078603,0.010204
2155.458515,0.010204
2152.838428,0.010204
2150.218341,0.010204
2147.598253,0.012245
2144.978166,0.012245
2142.358079,0.010204
2139.737991,0.010204
2137.117904,0.010204
2134.497817,0.010204
2131.877729,0.012245
2129.257642,0.012245
2126.637555,0.012245
2124.017467,0.012245
2121.397380,0.010204
2118.777293,0.010204
2116.157205,0.010204
2113.537118,0.010204
2110.917031,0.012245
2108.296943,0.012245
2105.676856,0.010204
2103.056769,0.012245
2100.436681,0.010204
2097.816594,0.010204
2095.196507,0.010204
2092.576419,0.012245
2089.956332,0.012245
2087.336245,0.012245
2084.716157,0.012245
2082.096070,0.012245
2079.475983,0.012245
2076.855895,0.012245
2074.235808,0.012245
2071.615721,0.012245
2068.995633,0.012245
2066.375546,0.012245
2063.755459,0.012245
2061.135371,0.014286
2058.515284,0.014286
2055.895197,0.014286
2053.275109,0.014286
2050.655022,0.014286
2048.034934,0.014286
2045.414847,0.014286
2042.794760,0.012245
2040.174672,0.012245
2037.554585,0.012245
2034.934498,0.010204
2032.314410,0.010204
2029.694323,0.010204
2027.074236,0.010204
2024.454148,0.010204
2021.834061,0.010204
2019.213974,0.010204
2016.593886,0.010204
2013.973799,0.010204
2011.353712,0.010204
2008.733624,0.010204
2006.113537,0.010204
2003.493450,0.012245
2000.873362,0.012245
1998.253275,0.012245
1995.633188,0.012245
1993.013100,0.012245
1990.393013,0.012245
1987.772926,0.012245
1985.152838,0.012245
1982.532751,0.012245
1979.912664,0.012245
1977.292576,0.014286
1974.672489,0.014286
1972.052402,0.016327
1969.432314,0.016327
1966.812227,0.016327
1964.192140,0.016327
1961.572052,0.018367
1958.951965,0.018367
1956.331878,0.018367
1953.711790,0.018367
1951.091703,0.020408
1948.471616,0.020408
1945.851528,0.020408
1943.231441,0.020408
1940.611354,0.020408
1937.991266,0.020408
1935.371179,0.018367
1932.751092,0.018367
1930.131004,0.016327
1927.510917,0.016327
1924.890830,0.016327
1922.270742,0.016327
1919.650655,0.016327
1917.030568,0.016327
1914.410480,0.014286
1911.790393,0.014286
1909.170306,0.014286
1906.550218,0.014286
1903.930131,0.014286
1901.310044,0.012245
1898.689956,0.012245
1896.069869,0.012245
1893.449782,0.012245
1890.829694,0.012245
1888.209607,0.012245
1885.589520,0.012245
1882.969432,0.012245
1880.349345,0.012245
1877.729258,0.012245
1875.109170,0.012245
1872.489083,0.012245
1869.868996,0.012245
1867.248908,0.010204
1864.628821,0.010204
1862.008734,0.010204
1859.388646,0.010204
1856.768559,0.012245
1854.148472,0.012245
1851.528384,0.012245
1848.908297,0.012245
1846.288210,0.012245
1843.668122,0.012245
1841.048035,0.010204
1838.427948,0.012245
1835.807860,0.012245
1833.187773,0.012245
1830.567686,0.012245
1827.947598,0.010204
1825.327511,0.012245
1822.707424,0.012245
1820.087336,0.012245
1817.467249,0.012245
1814.847162,0.014286
1812.227074,0.014286
1809.606987,0.014286
1806.986900,0.014286
1804.366812,0.014286
1801.746725,0.016327
1799.126638,0.014286
1796.506550,0.016327
1793.886463,0.016327
1791.266376,0.016327
1788.646288,0.016327
1786.026201,0.018367
1783.406114,0.018367
1780.786026,0.018367
1778.165939,0.018367
1775.545852,0.018367
1772.925764,0.018367
1770.305677,0.018367
1767.685590,0.018367
1765.065502,0.018367
1762.445415,0.020408
1759.825328,0.018367
1757.205240,0.018367
1754.585153,0.020408
1751.965066,0.020408
1749.344978,0.020408
1746.724891,0.018367
1744.104803,0.020408
1741.484716,0.020408
1738.864629,0.020408
1736.244541,0.020408
1733.624454,0.020408
1731.004367,0.024490
1728.384279,0.028571
1725.764192,0.030612
1723.144105,0.030612
1720.524017,0.032653
1717.903930,0.030612
1715.283843,0.028571
1712.663755,0.024490
1710.043668,0.024490
1707.423581,0.026531
1704.803493,0.024490
1702.183406,0.024490
1699.563319,0.024490
1696.943231,0.022449
1694.323144,0.022449
1691.703057,0.024490
1689.082969,0.024490
1686.462882,0.024490
1683.842795,0.024490
1681.222707,0.024490
1678.602620,0.026531
1675.982533,0.026531
1673.362445,0.026531
1670.742358,0.024490
1668.122271,0.024490
1665.502183,0.028571
1662.882096,0.028571
1660.262009,0.028571
1657.641921,0.030612
1655.021834,0.030612
1652.401747,0.030612
1649.781659,0.028571
1647.161572,0.028571
1644.541485,0.030612
1641.921397,0.032653
1639.301310,0.032653
1636.681223,0.032653
1634.061135,0.032653
1631.441048,0.032653
1628.820961,0.034694
1626.200873,0.034694
1623.580786,0.034694
1620.960699,0.034694
1618.340611,0.034694
1615.720524,0.034694
1613.100437,0.032653
1610.480349,0.034694
1607.860262,0.034694
1605.240175,0.034694
1602.620087,0.034694
1600.000000,0.034694
1597.379913,0.034694
1594.759825,0.034694
1592.139738,0.034694
1589.519651,0.032653
1586.899563,0.032653
1584.279476,0.032653
1581.659389,0.032653
1579.039301,0.032653
1576.419214,0.030612
1573.799127,0.028571
1571.179039,0.028571
1568.558952,0.028571
1565.938865,0.028571
1563.318777,0.028571
1560.698690,0.028571
1558.078603,0.026531
1555.458515,0.024490
1552.838428,0.024490
1550.218341,0.026531
1547.598253,0.026531
1544.978166,0.026531
1542.358079,0.024490
1539.737991,0.022449
1537.117904,0.024490
1534.497817,0.024490
1531.877729,0.024490
1529.257642,0.024490
1526.637555,0.024490
1524.017467,0.024490
1521.397380,0.024490
1518.777293,0.022449
1516.157205,0.022449
1513.537118,0.024490
1510.917031,0.024490
1508.296943,0.024490
1505.676856,0.022449
1503.056769,0.024490
1500.436681,0.024490
1497.816594,0.024490
1495.196507,0.024490
1492.576419,0.024490
1489.956332,0.024490
1487.336245,0.026531
1484.716157,0.028571
1482.096070,0.030612
1479.475983,0.030612
1476.855895,0.030612
1474.235808,0.030612
1471.615721,0.028571
1468.995633,0.030612
1466.375546,0.032653
1463.755459,0.032653
1461.135371,0.034694
1458.515284,0.036735
1455.895197,0.042857
1453.275109,0.051020
1450.655022,0.057143
1448.034934,0.061224
1445.414847,0.061224
1442.794760,0.061224
1440.174672,0.059184
1437.554585,0.055102
1434.934498,0.053061
1432.314410,0.051020
1429.694323,0.055102
1427.074236,0.061224
1424.454148,0.069388
1421.834061,0.083673
1419.213974,0.100000
1416.593886,0.114286
1413.973799,0.120408
1411.353712,0.120408
1408.733624,0.118367
1406.113537,0.114286
1403.493450,0.108163
1400.873362,0.104082
1398.253275,0.102041
1395.633188,0.095918
1393.013100,0.085714
1390.393013,0.073469
1387.772926,0.061224
1385.152838,0.053061
1382.532751,0.046939
1379.912664,0.044898
1377.292576,0.042857
1374.672489,0.040816
1372.052402,0.038776
1369.432314,0.036735
1366.812227,0.036735
1364.192140,0.034694
1361.572052,0.034694
1358.951965,0.034694
1356.331878,0.034694
1353.711790,0.032653
1351.091703,0.032653
1348.471616,0.034694
1345.851528,0.034694
1343.231441,0.032653
1340.611354,0.032653
1337.991266,0.032653
1335.371179,0.032653
1332.751092,0.032653
1330.131004,0.032653
1327.510917,0.034694
1324.890830,0.036735
1322.270742,0.036735
1319.650655,0.038776
1317.030568,0.038776
1314.410480,0.040816
1311.790393,0.040816
1309.170306,0.042857
1306.550218,0.046939
1303.930131,0.048980
1301.310044,0.053061
1298.689956,0.059184
1296.069869,0.063265
1293.449782,0.067347
1290.829694,0.073469
1288.209607,0.083673
1285.589520,0.095918
1282.969432,0.114286
1280.349345,0.144898
1277.729258,0.191837
1275.109170,0.269388
1272.489083,0.414286
1269.868996,0.620408
1267.248908,0.808163
1264.628821,0.893878
1262.008734,0.916327
1259.388646,0.916327
1256.768559,0.914286
1254.148472,0.855102
1251.528384,0.673469
1248.908297,0.457143
1246.288210,0.310204
1243.668122,0.218367
1241.048035,0.157143
1238.427948,0.122449
1235.807860,0.102041
1233.187773,0.085714
1230.567686,0.075510
1227.947598,0.067347
1225.327511,0.061224
1222.707424,0.057143
1220.087336,0.053061
1217.467249,0.051020
1214.847162,0.048980
1212.227074,0.048980
1209.606987,0.048980
1206.986900,0.051020
1204.366812,0.053061
1201.746725,0.055102
1199.126638,0.057143
1196.506550,0.059184
1193.886463,0.061224
1191.266376,0.067347
1188.646288,0.069388
1186.026201,0.073469
1183.406114,0.079592
1180.786026,0.087755
1178.165939,0.095918
1175.545852,0.104082
1172.925764,0.112245
1170.305677,0.122449
1167.685590,0.132653
1165.065502,0.144898
1162.445415,0.159184
1159.825328,0.171429
1157.205240,0.185714
1154.585153,0.202041
1151.965066,0.220408
1149.344978,0.236735
1146.724891,0.257143
1144.104803,0.281633
1141.484716,0.306122
1138.864629,0.340816
1136.244541,0.375510
1133.624454,0.418367
1131.004367,0.461224
1128.384279,0.518367
1125.764192,0.575510
1123.144105,0.632653
1120.524017,0.693878
1117.903930,0.753061
1115.283843,0.804082
1112.663755,0.842857
1110.043668,0.867347
1107.423581,0.895918
1104.803493,0.910204
1102.183406,0.916327
1099.563319,0.930612
1096.943231,0.936735
1094.323144,0.938776
1091.703057,0.938776
1089.082969,0.934694
1086.462882,0.928571
1083.842795,0.928571
1081.222707,0.928571
1078.602620,0.926531
1075.982533,0.928571
1073.362445,0.928571
1070.742358,0.926531
1068.122271,0.916327
1065.502183,0.910204
1062.882096,0.906122
1060.262009,0.908163
1057.641921,0.912245
1055.021834,0.914286
1052.401747,0.920408
1049.781659,0.924490
1047.161572,0.922449
1044.541485,0.928571
1041.921397,0.934694
1039.301310,0.938776
1036.681223,0.944898
1034.061135,0.955102
1031.441048,0.955102
1028.820961,0.965306
1026.200873,0.973469
1023.580786,0.975510
1020.960699,0.975510
1018.340611,0.975510
1015.720524,0.963265
1013.100437,0.951020
1010.480349,0.922449
1007.860262,0.877551
1005.240175,0.804082
1002.620087,0.706122
1000.000000,0.620408
997.379913,0.530612
994.759825,0.455102
992.139738,0.395918
989.519651,0.340816
986.899563,0.295918
984.279476,0.259184
981.659389,0.224490
979.039301,0.197959
976.419214,0.177551
973.799127,0.159184
971.179039,0.144898
968.558952,0.132653
965.938865,0.122449
963.318777,0.112245
960.698690,0.102041
958.078603,0.095918
955.458515,0.089796
952.838428,0.083673
950.218341,0.079592
947.598253,0.075510
944.978166,0.073469
942.358079,0.069388
939.737991,0.071429
937.117904,0.071429
934.497817,0.071429
931.877729,0.073469
929.257642,0.075510
926.637555,0.079592
924.017467,0.083673
921.397380,0.089796
918.777293,0.095918
916.157205,0.102041
913.537118,0.110204
910.917031,0.116327
908.296943,0.124490
905.676856,0.136735
903.056769,0.148980
900.436681,0.161224
897.816594,0.169388
895.196507,0.179592
892.576419,0.187755
889.956332,0.197959
887.336245,0.210204
884.716157,0.230612
882.096070,0.255102
879.475983,0.277551
876.855895,0.300000
874.235808,0.314286
871.615721,0.324490
868.995633,0.332653
866.375546,0.338776
863.755459,0.338776
861.135371,0.338776
858.515284,0.332653
855.895197,0.318367
853.275109,0.297959
850.655022,0.281633
848.034934,0.277551
845.414847,0.287755
842.794760,0.304082
840.174672,0.324490
837.554585,0.353061
834.934498,0.410204
832.314410,0.483673
829.694323,0.571429
827.074236,0.687755
824.454148,0.767347
821.834061,0.816327
819.213974,0.855102
816.593886,0.875510
813.973799,0.893878
811.353712,0.922449
808.733624,0.938776
806.113537,0.955102
803.493450,0.989796
800.873362,1.000000
798.253275,1.000000
795.633188,0.979592
793.013100,0.953061
790.393013,0.922449
787.772926,0.865306
785.152838,0.769388
782.532751,0.638776
779.912664,0.514286
777.292576,0.408163
774.672489,0.322449
772.052402,0.259184
769.432314,0.218367
766.812227,0.189796
764.192140,0.169388
761.572052,0.148980
758.951965,0.134694
756.331878,0.126531
753.711790,0.118367
751.091703,0.110204
748.471616,0.106122
745.851528,0.100000
743.231441,0.093878
740.611354,0.089796
737.991266,0.085714
735.371179,0.081633
732.751092,0.079592
730.131004,0.075510
727.510917,0.075510
724.890830,0.073469
722.270742,0.075510
719.650655,0.079592
717.030568,0.091837
714.410480,0.112245
711.790393,0.136735
709.170306,0.159184
706.550218,0.167347
703.930131,0.169388
701.310044,0.167347
698.689956,0.163265
696.069869,0.157143
693.449782,0.157143
690.829694,0.155102
688.209607,0.157143
685.589520,0.155102
682.969432,0.151020
680.349345,0.146939
677.729258,0.136735
675.109170,0.124490
672.489083,0.124490
669.868996,0.124490
667.248908,0.122449
664.628821,0.128571
662.008734,0.132653
659.388646,0.132653
656.768559,0.128571
654.148472,0.097959
651.528384,0.067347
648.908297,0.053061
646.288210,0.044898
643.668122,0.042857
641.048035,0.040816
638.427948,0.040816
635.807860,0.044898
633.187773,0.046939
630.567686,0.044898
627.947598,0.044898
625.327511,0.044898
622.707424,0.044898
620.087336,0.042857
617.467249,0.042857
614.847162,0.042857
612.227074,0.044898
609.606987,0.044898
606.986900,0.048980
604.366812,0.051020
601.746725,0.051020
599.126638,0.046939
596.506550,0.044898
593.886463,0.042857
591.266376,0.040816
588.646288,0.038776
586.026201,0.034694
583.406114,0.028571
580.786026,0.024490
578.165939,0.020408
575.545852,0.016327
572.925764,0.012245
570.305677,0.008163
567.685590,0.006122
565.065502,0.006122
562.445415,0.004082
559.825328,0.004082
557.205240,0.004082
554.585153,0.002041
551.965066,0.002041
549.344978,0.002041
546.724891,0.002041
544.104803,0.002041
541.484716,0.002041
538.864629,0.002041
536.244541,0.002041
533.624454,0.002041
531.004367,0.002041
528.384279,0.002041
525.764192,0.002041
523.144105,0.002041
520.524017,0.002041
517.903930,0.002041
515.283843,0.002041
512.663755,0.002041
510.043668,0.002041
507.423581,0.002041
504.803493,0.002041
502.183406,0.002041
499.563319,0.002041
496.943231,0.002041
494.323144,0.002041
491.703057,0.002041
489.082969,0.002041
486.462882,0.002041
483.842795,0.002041
481.222707,0.002041
478.602620,0.002041
475.982533,0.002041
473.362445,0.002041
470.742358,0.002041
468.122271,0.002041
465.502183,0.002041
462.882096,0.002041
460.262009,0.002041
457.641921,0.002041
455.021834,0.002041
452.401747,0.002041
449.781659,0.002041
447.161572,nan
444.541485,nan
441.921397,nan
439.301310,nan
436.681223,nan
434.061135,nan
431.441048,nan
428.820961,nan
426.200873,nan
423.580786,nan
420.960699,nan
418.340611,nan
415.720524,nan
413.100437,nan
410.480349,nan
407.860262,nan
405.240175,nan
402.620087,nan
400.000000,nan
