4000.000000,0.006122
3997.379913,0.006122
3994.759825,0.006122
3992.139738,0.006122
3989.519651,0.006122
3986.899563,0.006122
3984.279476,0.006122
3981.659389,0.006122
3979.039301,0.006122
3976.419214,0.006122
3973.799127,0.006122
3971.179039,0.006122
3968.558952,0.006122
3965.938865,0.006122
3963.318777,0.006122
3960.698690,0.006122
3958.078603,0.006122
3955.458515,0.006122
3952.838428,0.006122
3950.218341,0.006122
3947.598253,0.006122
3944.978166,0.006122
3942.358079,0.006122
3939.737991,0.006122
3937.117904,0.006122
3934.497817,0.006122
3931.877729,0.006122
3929.257642,0.006122
3926.637555,0.006122
3924.017467,0.006122
3921.397380,0.006122
3918.777293,0.006122
3916.157205,0.006122
3913.537118,0.006122
3910.917031,0.006122
3908.296943,0.006122
3905.676856,0.006122
3903.056769,0.006122
3900.436681,0.006122
3897.816594,0.006122
3895.196507,0.006122
3892.576419,0.006122
3889.956332,0.006122
3887.336245,0.006122
3884.716157,0.006122
3882.096070,0.006122
3879.475983,0.006122
3876.855895,0.006122
3874.235808,0.006122
3871.615721,0.006122
3868.995633,0.006122
3866.375546,0.006122
3863.755459,0.006122
3861.135371,0.006122
3858.515284,0.006122
3855.895197,0.006122
3853.275109,0.008163
3850.655022,0.006122
3848.034934,0.006122
3845.414847,0.006122
3842.794760,0.006122
3840.174672,0.006122
3837.554585,0.008163
3834.934498,0.006122
3832.314410,0.006122
3829.694323,0.006122
3827.074236,0.006122
3824.454148,0.006122
3821.834061,0.008163
3819.213974,0.006122
3816.593886,0.006122
3813.973799,0.006122
3811.353712,0.006122
3808.733624,0.006122
3806.113537,0.008163
3803.493450,0.008163
3800.873362,0.008163
3798.253275,0.008163
3795.633188,0.008163
3793.013100,0.008163
3790.393013,0.008163
3787.772926,0.008163
3785.152838,0.008163
3782.532751,0.008163
3779.912664,0.008163
3777.292576,0.010204
3774.672489,0.010204
3772.052402,0.010204
3769.432314,0.010204
3766.812227,0.010204
3764.192140,0.010204
3761.572052,0.010204
3758.951965,0.010204
3756.331878,0.010204
3753.711790,0.010204
3751.091703,0.010204
3748.471616,0.010204
3745.851528,0.008163
3743.231441,0.008163
3740.611354,0.008163
3737.991266,0.008163
3735.371179,0.008163
3732.751092,0.008163
3730.131004,0.008163
3727.510917,0.008163
3724.890830,0.008163
3722.270742,0.010204
3719.650655,0.010204
3717.030568,0.010204
3714.410480,0.010204
3711.790393,0.010204
3709.170306,0.010204
3706.550218,0.010204
3703.930131,0.010204
3701.310044,0.012245
3698.689956,0.012245
3696.069869,0.012245
3693.449782,0.012245
3690.829694,0.010204
3688.209607,0.010204
3685.589520,0.010204
3682.969432,0.010204
3680.349345,0.010204
3677.729258,0.010204
3675.109170,0.010204
3672.489083,0.010204
3669.868996,0.008163
3667.248908,0.008163
3664.628821,0.008163
3662.008734,0.008163
3659.388646,0.008163
3656.768559,0.008163
3654.148472,0.008163
3651.528384,0.008163
3648.908297,0.010204
3646.288210,0.008163
3643.668122,0.008163
3641.048035,0.008163
3638.427948,0.010204
3635.807860,0.010204
3633.187773,0.010204
3630.567686,0.010204
3627.947598,0.010204
3625.327511,0.008163
3622.707424,0.008163
3620.087336,0.008163
3617.467249,0.008163
3614.847162,0.008163
3612.227074,0.008163
3609.606987,0.008163
3606.986900,0.008163
3604.366812,0.008163
3601.746725,0.008163
3599.126638,0.008163
3596.506550,0.008163
3593.886463,0.008163
3591.266376,0.008163
3588.646288,0.008163
3586.026201,0.008163
3583.406114,0.008163
3580.786026,0.008163
3578.165939,0.008163
3575.545852,0.008163
3572.925764,0.008163
3570.305677,0.008163
3567.685590,0.008163
3565.065502,0.008163
3562.445415,0.008163
3559.825328,0.008163
3557.205240,0.008163
3554.585153,0.008163
3551.965066,0.008163
3549.344978,0.008163
3546.724891,0.008163
3544.104803,0.008163
3541.484716,0.008163
3538.864629,0.008163
3536.244541,0.008163
3533.624454,0.008163
3531.004367,0.008163
3528.384279,0.008163
3525.764192,0.008163
3523.144105,0.008163
3520.524017,0.008163
3517.903930,0.008163
3515.283843,0.008163
3512.663755,0.008163
3510.043668,0.008163
3507.423581,0.008163
3504.803493,0.008163
3502.183406,0.008163
3499.563319,0.008163
3496.943231,0.008163
3494.323144,0.008163
3491.703057,0.008163
3489.082969,0.008163
3486.462882,0.008163
3483.842795,0.008163
3481.222707,0.006122
3478.602620,0.006122
3475.982533,0.006122
3473.362445,0.008163
3470.742358,0.008163
3468.122271,0.008163
3465.502183,0.008163
3462.882096,0.008163
3460.262009,0.008163
3457.641921,0.008163
3455.021834,0.006122
3452.401747,0.008163
3449.781659,0.008163
3447.161572,0.006122
3444.541485,0.006122
3441.921397,0.006122
3439.301310,0.006122
3436.681223,0.006122
3434.061135,0.006122
3431.441048,0.006122
3428.820961,0.006122
3426.200873,0.006122
3423.580786,0.006122
3420.960699,0.006122
3418.340611,0.006122
3415.720524,0.006122
3413.100437,0.006122
3410.480349,0.006122
3407.860262,0.006122
3405.240175,0.006122
3402.620087,0.006122
3400.000000,0.006122
3397.379913,0.006122
3394.759825,0.006122
3392.139738,0.006122
3389.519651,0.006122
3386.899563,0.006122
3384.279476,0.006122
3381.659389,0.006122
3379.039301,0.006122
3376.419214,0.006122
3373.799127,0.006122
3371.179039,0.006122
3368.558952,0.006122
3365.938865,0.006122
3363.318777,0.006122
3360.698690,0.006122
3358.078603,0.006122
3355.458515,0.006122
3352.838428,0.006122
3350.218341,0.006122
3347.598253,0.006122
3344.978166,0.008163
3342.358079,0.006122
3339.737991,0.006122
3337.117904,0.006122
3334.497817,0.008163
3331.877729,0.008163
3329.257642,0.008163
3326.637555,0.006122
3324.017467,0.006122
3321.397380,0.008163
3318.777293,0.006122
3316.157205,0.006122
3313.537118,0.008163
3310.917031,0.006122
3308.296943,0.006122
3305.676856,0.006122
3303.056769,0.006122
3300.436681,0.008163
3297.816594,0.008163
3295.196507,0.006122
3292.576419,0.006122
3289.956332,0.006122
3287.336245,0.006122
3284.716157,0.008163
3282.096070,0.006122
3279.475983,0.006122
3276.855895,0.006122
3274.235808,0.006122
3271.615721,0.006122
3268.995633,0.006122
3266.375546,0.006122
3263.755459,0.006122
3261.135371,0.006122
3258.515284,0.006122
3255.895197,0.006122
3253.275109,0.006122
3250.655022,0.006122
3248.034934,0.006122
3245.414847,0.006122
3242.794760,0.006122
3240.174672,0.006122
3237.554585,0.008163
3234.934498,0.006122
3232.314410,0.006122
3229.694323,0.006122
3227.074236,0.006122
3224.454148,0.008163
3221.834061,0.008163
3219.213974,0.006122
3216.593886,0.008163
3213.973799,0.008163
3211.353712,0.008163
3208.733624,0.008163
3206.113537,0.008163
3203.493450,0.008163
3200.873362,0.008163
3198.253275,0.008163
3195.633188,0.008163
3193.013100,0.006122
3190.393013,0.008163
3187.772926,0.008163
3185.152838,0.008163
3182.532751,0.008163
3179.912664,0.008163
3177.292576,0.008163
3174.672489,0.008163
3172.052402,0.008163
3169.432314,0.008163
3166.812227,0.008163
3164.192140,0.008163
3161.572052,0.008163
3158.951965,0.008163
3156.331878,0.008163
3153.711790,0.008163
3151.091703,0.008163
3148.471616,0.008163
3145.851528,0.008163
3143.231441,0.008163
3140.611354,0.008163
3137.991266,0.008163
3135.371179,0.008163
3132.751092,0.008163
3130.131004,0.010204
3127.510917,0.010204
3124.890830,0.010204
3122.270742,0.010204
3119.650655,0.010204
3117.030568,0.010204
3114.410480,0.010204
3111.790393,0.010204
3109.170306,0.010204
3106.550218,0.010204
3103.930131,0.010204
3101.310044,0.010204
3098.689956,0.010204
3096.069869,0.010204
3093.449782,0.010204
3090.829694,0.010204
3088.209607,0.010204
3085.589520,0.010204
3082.969432,0.010204
3080.349345,0.010204
3077.729258,0.010204
3075.109170,0.010204
3072.489083,0.010204
3069.868996,0.010204
3067.248908,0.010204
3064.628821,0.010204
3062.008734,0.010204
3059.388646,0.010204
3056.768559,0.012245
3054.148472,0.012245
3051.528384,0.012245
3048.908297,0.012245
3046.288210,0.012245
3043.668122,0.012245
3041.048035,0.012245
3038.427948,0.012245
3035.807860,0.012245
3033.187773,0.012245
3030.567686,0.012245
3027.947598,0.012245
3025.327511,0.012245
3022.707424,0.012245
3020.087336,0.012245
3017.467249,0.012245
3014.847162,0.012245
3012.227074,0.012245
3009.606987,0.014286
3006.986900,0.014286
3004.366812,0.014286
3001.746725,0.016327
2999.126638,0.016327
2996.506550,0.018367
2993.886463,0.020408
2991.266376,0.024490
2988.646288,0.026531
2986.026201,0.032653
2983.406114,0.040816
2980.786026,0.051020
2978.165939,0.067347
2975.545852,0.091837
2972.925764,0.124490
2970.305677,0.167347
2967.685590,0.222449
2965.065502,0.265306
2962.445415,0.275510
2959.825328,0.275510
2957.205240,0.265306
2954.585153,0.218367
2951.965066,0.163265
2949.344978,0.120408
2946.724891,0.087755
2944.104803,0.067347
2941.484716,0.053061
2938.864629,0.042857
2936.244541,0.036735
2933.624454,0.030612
2931.004367,0.028571
2928.384279,0.024490
2925.764192,0.024490
2923.144105,0.022449
2920.524017,0.022449
2917.903930,0.022449
2915.283843,0.026531
2912.663755,0.028571
2910.043668,0.034694
2907.423581,0.038776
2904.803493,0.038776
2902.183406,0.038776
2899.563319,0.038776
2896.943231,0.034694
2894.323144,0.030612
2891.703057,0.026531
2889.082969,0.022449
2886.462882,0.020408
2883.842795,0.018367
2881.222707,0.016327
2878.602620,0.016327
2875.982533,0.014286
2873.362445,0.014286
2870.742358,0.014286
2868.122271,0.012245
2865.502183,0.012245
2862.882096,0.012245
2860.262009,0.012245
2857.641921,0.012245
2855.021834,0.010204
2852.401747,0.010204
2849.781659,0.010204
2847.161572,0.010204
2844.541485,0.010204
2841.921397,0.010204
2839.301310,0.010204
2836.681223,0.010204
2834.061135,0.010204
2831.441048,0.010204
2828.820961,0.010204
2826.200873,0.010204
2823.580786,0.010204
2820.960699,0.010204
2818.340611,0.010204
2815.720524,0.010204
2813.100437,0.010204
2810.480349,0.010204
2807.860262,0.010204
2805.240175,0.010204
2802.620087,0.010204
2800.000000,0.010204
2797.379913,0.010204
2794.759825,0.010204
2792.139738,0.010204
2789.519651,0.010204
2786.899563,0.010204
2784.279476,0.008163
2781.659389,0.008163
2779.039301,0.008163
2776.419214,0.008163
2773.799127,0.006122
2771.179039,0.006122
2768.558952,0.006122
2765.938865,0.006122
2763.318777,0.006122
2760.698690,0.006122
2758.078603,0.006122
2755.458515,0.006122
2752.838428,0.006122
2750.218341,0.006122
2747.598253,0.006122
2744.978166,0.006122
2742.358079,0.006122
2739.737991,0.006122
2737.117904,0.006122
2734.497817,0.006122
2731.877729,0.006122
2729.257642,0.006122
2726.637555,0.004082
2724.017467,0.004082
2721.397380,0.006122
2718.777293,0.004082
2716.157205,0.004082
2713.537118,0.004082
2710.917031,0.004082
2708.296943,0.004082
2705.676856,0.004082
2703.056769,0.004082
2700.436681,0.004082
2697.816594,0.004082
2695.196507,0.004082
2692.576419,0.004082
2689.956332,0.004082
2687.336245,0.004082
2684.716157,0.004082
2682.096070,0.006122
2679.475983,0.004082
2676.855895,0.004082
2674.235808,0.006122
2671.615721,0.006122
2668.995633,0.006122
2666.375546,0.006122
2663.755459,0.006122
2661.135371,0.006122
2658.515284,0.006122
2655.895197,0.006122
2653.275109,0.006122
2650.655022,0.006122
2648.034934,0.006122
2645.414847,0.006122
2642.794760,0.004082
2640.174672,0.004082
2637.554585,0.004082
2634.934498,0.004082
2632.314410,0.004082
2629.694323,0.004082
2627.074236,0.004082
2624.454148,0.004082
2621.834061,0.004082
2619.213974,0.004082
2616.593886,0.004082
2613.973799,0.004082
2611.353712,0.004082
2608.733624,0.004082
2606.113537,0.004082
2603.493450,0.004082
2600.873362,0.004082
2598.253275,0.004082
2595.633188,0.004082
2593.013100,0.004082
2590.393013,0.004082
2587.772926,0.004082
2585.152838,0.004082
2582.532751,0.004082
2579.912664,0.004082
2577.292576,0.004082
2574.672489,0.004082
2572.052402,0.004082
2569.432314,0.004082
2566.812227,0.004082
2564.192140,0.004082
2561.572052,0.004082
2558.951965,0.004082
2556.331878,0.004082
2553.711790,0.004082
2551.091703,0.004082
2548.471616,0.004082
2545.851528,0.004082
2543.231441,0.004082
2540.611354,0.004082
2537.991266,0.004082
2535.371179,0.004082
2532.751092,0.004082
2530.131004,0.004082
2527.510917,0.004082
2524.890830,0.004082
2522.270742,0.004082
2519.650655,0.004082
2517.030568,0.004082
2514.410480,0.004082
2511.790393,0.004082
2509.170306,0.004082
2506.550218,0.004082
2503.930131,0.004082
2501.310044,0.006122
2498.689956,0.006122
2496.069869,0.006122
2493.449782,0.004082
2490.829694,0.004082
2488.209607,0.004082
2485.589520,0.004082
2482.969432,0.004082
2480.349345,0.004082
2477.729258,0.004082
2475.109170,0.004082
2472.489083,0.004082
2469.868996,0.004082
2467.248908,0.004082
2464.628821,0.004082
2462.008734,0.004082
2459.388646,0.004082
2456.768559,0.004082
2454.148472,0.004082
2451.528384,0.004082
2448.908297,0.004082
2446.288210,0.004082
2443.668122,0.004082
2441.048035,0.004082
2438.427948,0.004082
2435.807860,0.004082
2433.187773,0.004082
2430.567686,0.004082
2427.947598,0.004082
2425.327511,0.004082
2422.707424,0.004082
2420.087336,0.004082
2417.467249,0.004082
2414.847162,0.004082
2412.227074,0.004082
2409.606987,0.004082
2406.986900,0.004082
2404.366812,0.004082
2401.746725,0.004082
2399.126638,0.004082
2396.506550,0.004082
2393.886463,0.004082
2391.266376,0.004082
2388.646288,0.004082
2386.026201,0.004082
2383.406114,0.004082
2380.786026,0.004082
2378.165939,0.004082
2375.545852,0.004082
2372.925764,0.004082
2370.305677,0.004082
2367.685590,0.004082
2365.065502,0.004082
2362.445415,0.002041
2359.825328,0.002041
2357.205240,0.002041
2354.585153,0.002041
2351.965066,0.002041
2349.344978,0.004082
2346.724891,0.004082
2344.104803,0.004082
2341.484716,0.004082
2338.864629,0.004082
2336.244541,0.004082
2333.624454,0.004082
2331.004367,0.004082
2328.384279,0.004082
2325.764192,0.004082
2323.144105,0.004082
2320.524017,0.004082
2317.903930,0.004082
2315.283843,0.004082
2312.663755,0.004082
2310.043668,0.004082
2307.423581,0.004082
2304.803493,0.004082
2302.183406,0.004082
2299.563319,0.004082
2296.943231,0.004082
2294.323144,0.004082
2291.703057,0.004082
2289.082969,0.004082
2286.462882,0.004082
2283.842795,0.004082
2281.222707,0.004082
2278.602620,0.004082
2275.982533,0.004082
2273.362445,0.004082
2270.742358,0.004082
2268.122271,0.004082
2265.502183,0.004082
2262.882096,0.004082
2260.262009,0.004082
2257.641921,0.004082
2255.021834,0.004082
2252.401747,0.004082
2249.781659,0.004082
2247.161572,0.004082
2244.541485,0.004082
2241.921397,0.004082
2239.301310,0.004082
2236.681223,0.004082
2234.061135,0.004082
2231.441048,0.004082
2228.820961,0.004082
2226.200873,0.004082
2223.580786,0.004082
2220.960699,0.004082
2218.340611,0.004082
2215.720524,0.004082
2213.100437,0.004082
2210.480349,0.004082
2207.860262,0.004082
2205.240175,0.004082
2202.620087,0.004082
2200.000000,0.004082
2197.379913,0.004082
2194.759825,0.004082
2192.139738,0.004082
2189.519651,0.004082
2186.899563,0.004082
2184.279476,0.004082
2181.659389,0.004082
2179.039301,0.004082
2176.419214,0.004082
2173.799127,0.004082
2171.179039,0.004082
2168.558952,0.004082
2165.938865,0.004082
2163.318777,0.004082
2160.698690,0.004082
2158.078603,0.004082
2155.458515,0.004082
2152.838428,0.004082
2150.218341,0.004082
2147.598253,0.004082
2144.978166,0.004082
2142.358079,0.004082
2139.737991,0.004082
2137.117904,0.004082
2134.497817,0.004082
2131.877729,0.004082
2129.257642,0.004082
2126.637555,0.004082
2124.017467,0.004082
2121.397380,0.004082
2118.777293,0.004082
2116.157205,0.004082
2113.537118,0.004082
2110.917031,0.004082
2108.296943,0.004082
2105.676856,0.004082
2103.056769,0.004082
2100.436681,0.004082
2097.816594,0.004082
2095.196507,0.004082
2092.576419,0.004082
2089.956332,0.004082
2087.336245,0.004082
2084.716157,0.006122
2082.096070,0.006122
2079.475983,0.006122
2076.855895,0.006122
2074.235808,0.006122
2071.615721,0.006122
2068.995633,0.006122
2066.375546,0.006122
2063.755459,0.006122
2061.135371,0.006122
2058.515284,0.006122
2055.895197,0.006122
2053.275109,0.006122
2050.655022,0.006122
2048.034934,0.006122
2045.414847,0.006122
2042.794760,0.006122
2040.174672,0.006122
2037.554585,0.006122
2034.934498,0.004082
2032.314410,0.004082
2029.694323,0.004082
2027.074236,0.004082
2024.454148,0.004082
2021.834061,0.004082
2019.213974,0.004082
2016.593886,0.004082
2013.973799,0.004082
2011.353712,0.004082
2008.733624,0.004082
2006.113537,0.004082
2003.493450,0.004082
2000.873362,0.006122
1998.253275,0.006122
1995.633188,0.006122
1993.013100,0.006122
1990.393013,0.006122
1987.772926,0.006122
1985.152838,0.006122
1982.532751,0.006122
1979.912664,0.006122
1977.292576,0.006122
1974.672489,0.006122
1972.052402,0.006122
1969.432314,0.006122
1966.812227,0.008163
1964.192140,0.008163
1961.572052,0.008163
1958.951965,0.008163
1956.331878,0.008163
1953.711790,0.008163
1951.091703,0.008163
1948.471616,0.010204
1945.851528,0.010204
1943.231441,0.010204
1940.611354,0.008163
1937.991266,0.008163
1935.371179,0.008163
1932.751092,0.008163
1930.131004,0.008163
1927.510917,0.008163
1924.890830,0.008163
1922.270742,0.006122
1919.650655,0.006122
1917.030568,0.006122
1914.410480,0.006122
1911.790393,0.006122
1909.170306,0.006122
1906.550218,0.006122
1903.930131,0.006122
1901.310044,0.006122
1898.689956,0.006122
1896.069869,0.006122
1893.449782,0.006122
1890.829694,0.006122
1888.209607,0.006122
1885.589520,0.006122
1882.969432,0.006122
1880.349345,0.006122
1877.729258,0.004082
1875.109170,0.004082
1872.489083,0.004082
1869.868996,0.004082
1867.248908,0.004082
1864.628821,0.004082
1862.008734,0.004082
1859.388646,0.004082
1856.768559,0.004082
1854.148472,0.004082
1851.528384,0.004082
1848.908297,0.004082
1846.288210,0.004082
1843.668122,0.004082
1841.048035,0.004082
1838.427948,0.004082
1835.807860,0.004082
1833.187773,0.004082
1830.567686,0.004082
1827.947598,0.004082
1825.327511,0.004082
1822.707424,0.004082
1820.087336,0.006122
1817.467249,0.006122
1814.847162,0.006122
1812.227074,0.006122
1809.606987,0.006122
1806.986900,0.006122
1804.366812,0.006122
1801.746725,0.006122
1799.126638,0.006122
1796.506550,0.006122
1793.886463,0.006122
1791.266376,0.006122
1788.646288,0.006122
1786.026201,0.008163
1783.406114,0.008163
1780.786026,0.008163
1778.165939,0.008163
1775.545852,0.008163
1772.925764,0.008163
1770.305677,0.008163
1767.685590,0.008163
1765.065502,0.008163
1762.445415,0.008163
1759.825328,0.008163
1757.205240,0.008163
1754.585153,0.008163
1751.965066,0.008163
1749.344978,0.008163
1746.724891,0.008163
1744.104803,0.008163
1741.484716,0.008163
1738.864629,0.008163
1736.244541,0.008163
1733.624454,0.008163
1731.004367,0.008163
1728.384279,0.008163
1725.764192,0.008163
1723.144105,0.008163
1720.524017,0.008163
1717.903930,0.008163
1715.283843,0.008163
1712.663755,0.008163
1710.043668,0.008163
1707.423581,0.008163
1704.803493,0.008163
1702.183406,0.008163
1699.563319,0.008163
1696.943231,0.008163
1694.323144,0.008163
1691.703057,0.008163
1689.082969,0.008163
1686.462882,0.008163
1683.842795,0.008163
1681.222707,0.008163
1678.602620,0.008163
1675.982533,0.008163
1673.362445,0.008163
1670.742358,0.008163
1668.122271,0.008163
1665.502183,0.010204
1662.882096,0.010204
1660.262009,0.010204
1657.641921,0.010204
1655.021834,0.010204
1652.401747,0.010204
1649.781659,0.010204
1647.161572,0.010204
1644.541485,0.010204
1641.921397,0.010204
1639.301310,0.010204
1636.681223,0.012245
1634.061135,0.010204
1631.441048,0.010204
1628.820961,0.012245
1626.200873,0.012245
1623.580786,0.012245
1620.960699,0.012245
1618.340611,0.012245
1615.720524,0.012245
1613.100437,0.012245
1610.480349,0.012245
1607.860262,0.012245
1605.240175,0.012245
1602.620087,0.012245
1600.000000,0.012245
1597.379913,0.012245
1594.759825,0.012245
1592.139738,0.012245
1589.519651,0.012245
1586.899563,0.012245
1584.279476,0.012245
1581.659389,0.012245
1579.039301,0.012245
1576.419214,0.012245
1573.799127,0.010204
1571.179039,0.010204
1568.558952,0.010204
1565.938865,0.010204
1563.318777,0.010204
1560.698690,0.010204
1558.078603,0.010204
1555.458515,0.010204
1552.838428,0.010204
1550.218341,0.010204
1547.598253,0.010204
1544.978166,0.010204
1542.358079,0.010204
1539.737991,0.010204
1537.117904,0.010204
1534.497817,0.010204
1531.877729,0.010204
1529.257642,0.010204
1526.637555,0.010204
1524.017467,0.010204
1521.397380,0.010204
1518.777293,0.010204
1516.157205,0.010204
1513.537118,0.010204
1510.917031,0.010204
1508.296943,0.010204
1505.676856,0.010204
1503.056769,0.010204
1500.436681,0.010204
1497.816594,0.010204
1495.196507,0.010204
1492.576419,0.010204
1489.956332,0.010204
1487.336245,0.010204
1484.716157,0.012245
1482.096070,0.012245
1479.475983,0.012245
1476.855895,0.012245
1474.235808,0.012245
1471.615721,0.012245
1468.995633,0.012245
1466.375546,0.012245
1463.755459,0.012245
1461.135371,0.014286
1458.515284,0.014286
1455.895197,0.016327
1453.275109,0.018367
1450.655022,0.022449
1448.034934,0.022449
1445.414847,0.024490
1442.794760,0.024490
1440.174672,0.022449
1437.554585,0.022449
1434.934498,0.020408
1432.314410,0.020408
1429.694323,0.020408
1427.074236,0.022449
1424.454148,0.026531
1421.834061,0.032653
1419.213974,0.040816
1416.593886,0.046939
1413.973799,0.048980
1411.353712,0.048980
1408.733624,0.048980
1406.113537,0.046939
1403.493450,0.042857
1400.873362,0.040816
1398.253275,0.040816
1395.633188,0.038776
1393.013100,0.034694
1390.393013,0.028571
1387.772926,0.024490
1385.152838,0.020408
1382.532751,0.018367
1379.912664,0.018367
1377.292576,0.016327
1374.672489,0.016327
1372.052402,0.016327
1369.432314,0.016327
1366.812227,0.014286
1364.192140,0.014286
1361.572052,0.014286
1358.951965,0.014286
1356.331878,0.014286
1353.711790,0.014286
1351.091703,0.014286
1348.471616,0.014286
1345.851528,0.014286
1343.231441,0.014286
1340.611354,0.014286
1337.991266,0.014286
1335.371179,0.014286
1332.751092,0.014286
1330.131004,0.014286
1327.510917,0.014286
1324.890830,0.016327
1322.270742,0.016327
1319.650655,0.016327
1317.030568,0.016327
1314.410480,0.018367
1311.790393,0.018367
1309.170306,0.020408
1306.550218,0.020408
1303.930131,0.022449
1301.310044,0.024490
1298.689956,0.026531
1296.069869,0.028571
1293.449782,0.030612
1290.829694,0.034694
1288.209607,0.040816
1285.589520,0.044898
1282.969432,0.055102
1280.349345,0.069388
1277.729258,0.089796
1275.109170,0.128571
1272.489083,0.200000
1269.868996,0.330612
1267.248908,0.542857
1264.628821,0.787755
1262.008734,0.853061
1259.388646,0.851020
1256.768559,0.787755
1254.148472,0.540816
1251.528384,0.342857
1248.908297,0.208163
1246.288210,0.132653
1243.668122,0.095918
1241.048035,0.067347
1238.427948,0.051020
1235.807860,0.044898
1233.187773,0.036735
1230.567686,0.032653
1227.947598,0.030612
1225.327511,0.028571
1222.707424,0.026531
1220.087336,0.024490
1217.467249,0.024490
1214.847162,0.024490
1212.227074,0.024490
1209.606987,0.022449
1206.986900,0.024490
1204.366812,0.024490
1201.746725,0.024490
1199.126638,0.026531
1196.506550,0.028571
1193.886463,0.028571
1191.266376,0.030612
1188.646288,0.034694
1186.026201,0.034694
1183.406114,0.036735
1180.786026,0.040816
1178.165939,0.042857
1175.545852,0.046939
1172.925764,0.053061
1170.305677,0.055102
1167.685590,0.059184
1165.065502,0.067347
1162.445415,0.069388
1159.825328,0.075510
1157.205240,0.083673
1154.585153,0.089796
1151.965066,0.100000
1149.344978,0.110204
1146.724891,0.116327
1144.104803,0.130612
1141.484716,0.148980
1138.864629,0.159184
1136.244541,0.183673
1133.624454,0.210204
1131.004367,0.230612
1128.384279,0.271429
1125.764192,0.314286
1123.144105,0.348980
1120.524017,0.412245
1117.903930,0.471429
1115.283843,0.520408
1112.663755,0.593878
1110.043668,0.651020
1107.423581,0.702041
1104.803493,0.824490
1102.183406,0.830612
1099.563319,0.891837
1096.943231,0.891837
1094.323144,0.865306
1091.703057,0.897959
1089.082969,0.897959
1086.462882,0.918367
1083.842795,0.918367
1081.222707,0.814286
1078.602620,0.812245
1075.982533,0.753061
1073.362445,0.712245
1070.742358,0.712245
1068.122271,0.689796
1065.502183,0.644898
1062.882096,0.642857
1060.262009,0.640816
1057.641921,0.677551
1055.021834,0.677551
1052.401747,0.671429
1049.781659,0.667347
1047.161572,0.683673
1044.541485,0.685714
1041.921397,0.718367
1039.301310,0.728571
1036.681223,0.744898
1034.061135,0.802041
1031.441048,0.887755
1028.820961,1.000000
1026.200873,0.997959
1023.580786,0.826531
1020.960699,0.840816
1018.340611,0.842857
1015.720524,0.787755
1013.100437,0.769388
1010.480349,0.626531
1007.860262,0.551020
1005.240175,0.453061
1002.620087,0.357143
1000.000000,0.302041
997.379913,0.238776
994.759825,0.191837
992.139738,0.167347
989.519651,0.136735
986.899563,0.114286
984.279476,0.102041
981.659389,0.085714
979.039301,0.075510
976.419214,0.069388
973.799127,0.059184
971.179039,0.053061
968.558952,0.051020
965.938865,0.044898
963.318777,0.040816
960.698690,0.038776
958.078603,0.034694
955.458515,0.032653
952.838428,0.030612
950.218341,0.028571
947.598253,0.026531
944.978166,0.026531
942.358079,0.024490
939.737991,0.024490
937.117904,0.024490
934.497817,0.024490
931.877729,0.024490
929.257642,0.024490
926.637555,0.026531
924.017467,0.026531
921.397380,0.028571
918.777293,0.030612
916.157205,0.030612
913.537118,0.032653
910.917031,0.034694
908.296943,0.036735
905.676856,0.038776
903.056769,0.042857
900.436681,0.044898
897.816594,0.048980
895.196507,0.055102
892.576419,0.059184
889.956332,0.067347
887.336245,0.079592
884.716157,0.089796
882.096070,0.104082
879.475983,0.118367
876.855895,0.126531
874.235808,0.136735
871.615721,0.144898
868.995633,0.146939
866.375546,0.153061
863.755459,0.153061
861.135371,0.148980
858.515284,0.146939
855.895197,0.134694
853.275109,0.122449
850.655022,0.118367
848.034934,0.116327
845.414847,0.120408
842.794760,0.134694
840.174672,0.148980
837.554585,0.161224
834.934498,0.208163
832.314410,0.248980
829.694323,0.302041
827.074236,0.420408
824.454148,0.487755
821.834061,0.555102
819.213974,0.659184
816.593886,0.681633
813.973799,0.806122
811.353712,0.806122
808.733624,0.832653
806.113537,0.832653
803.493450,0.828571
800.873362,0.828571
798.253275,0.797959
795.633188,0.802041
793.013100,0.793878
790.393013,0.655102
787.772926,0.548980
785.152838,0.426531
782.532751,0.304082
779.912664,0.230612
777.292576,0.173469
774.672489,0.124490
772.052402,0.104082
769.432314,0.083673
766.812227,0.065306
764.192140,0.063265
761.572052,0.055102
758.951965,0.046939
756.331878,0.044898
753.711790,0.042857
751.091703,0.038776
748.471616,0.036735
745.851528,0.036735
743.231441,0.034694
740.611354,0.034694
737.991266,0.032653
735.371179,0.030612
732.751092,0.030612
730.131004,0.030612
727.510917,0.028571
724.890830,0.028571
722.270742,0.028571
719.650655,0.032653
717.030568,0.038776
714.410480,0.046939
711.790393,0.055102
709.170306,0.067347
706.550218,0.071429
703.930131,0.075510
701.310044,0.073469
698.689956,0.073469
696.069869,0.069388
693.449782,0.067347
690.829694,0.065306
688.209607,0.067347
685.589520,0.067347
682.969432,0.063265
680.349345,0.063265
677.729258,0.057143
675.109170,0.053061
672.489083,0.053061
669.868996,0.051020
667.248908,0.053061
664.628821,0.057143
662.008734,0.057143
659.388646,0.055102
656.768559,0.051020
654.148472,0.032653
651.528384,0.022449
648.908297,0.018367
646.288210,0.018367
643.668122,0.016327
641.048035,0.016327
638.427948,0.016327
635.807860,0.018367
633.187773,0.018367
630.567686,0.018367
627.947598,0.018367
625.327511,0.018367
622.707424,0.018367
620.087336,0.018367
617.467249,0.018367
614.847162,0.018367
612.227074,0.018367
609.606987,0.018367
606.986900,0.020408
604.366812,0.018367
601.746725,0.018367
599.126638,0.018367
596.506550,0.018367
593.886463,0.018367
591.266376,0.016327
588.646288,0.016327
586.026201,0.014286
583.406114,0.012245
580.786026,0.010204
578.165939,0.008163
575.545852,0.008163
572.925764,0.006122
570.305677,0.004082
567.685590,0.004082
565.065502,0.004082
562.445415,0.004082
559.825328,0.004082
557.205240,0.002041
554.585153,0.002041
551.965066,0.002041
549.344978,0.002041
546.724891,0.002041
544.104803,0.002041
541.484716,0.002041
538.864629,0.002041
536.244541,0.002041
533.624454,0.002041
531.004367,0.002041
528.384279,0.002041
525.764192,0.002041
523.144105,0.002041
520.524017,0.002041
517.903930,0.002041
515.283843,0.002041
512.663755,0.002041
510.043668,0.002041
507.423581,0.002041
504.803493,0.002041
502.183406,0.002041
499.563319,0.002041
496.943231,0.002041
494.323144,0.002041
491.703057,0.002041
489.082969,0.002041
486.462882,0.002041
483.842795,0.002041
481.222707,0.002041
478.602620,0.002041
475.982533,0.002041
473.362445,0.002041
470.742358,0.002041
468.122271,0.002041
465.502183,0.002041
462.882096,0.002041
460.262009,0.002041
457.641921,0.002041
455.021834,0.002041
452.401747,0.002041
449.781659,0.002041
447.161572,nan
444.541485,nan
441.921397,nan
439.301310,nan
436.681223,nan
434.061135,nan
431.441048,nan
428.820961,nan
426.200873,nan
423.580786,nan
420.960699,nan
418.340611,nan
415.720524,nan
413.100437,nan
410.480349,nan
407.860262,nan
405.240175,nan
402.620087,nan
400.000000,nan
