4000.000000,0.024490
3997.379913,0.024490
3994.759825,0.024490
3992.139738,0.024490
3989.519651,0.024490
3986.899563,0.024490
3984.279476,0.024490
3981.659389,0.024490
3979.039301,0.024490
3976.419214,0.024490
3973.799127,0.024490
3971.179039,0.024490
3968.558952,0.024490
3965.938865,0.022449
3963.318777,0.022449
3960.698690,0.022449
3958.078603,0.022449
3955.458515,0.022449
3952.838428,0.022449
3950.218341,0.022449
3947.598253,0.022449
3944.978166,0.022449
3942.358079,0.022449
3939.737991,0.022449
3937.117904,0.022449
3934.497817,0.022449
3931.877729,0.022449
3929.257642,0.022449
3926.637555,0.022449
3924.017467,0.022449
3921.397380,0.022449
3918.777293,0.022449
3916.157205,0.022449
3913.537118,0.022449
3910.917031,0.022449
3908.296943,0.022449
3905.676856,0.022449
3903.056769,0.022449
3900.436681,0.020408
3897.816594,0.020408
3895.196507,0.022449
3892.576419,0.022449
3889.956332,0.022449
3887.336245,0.022449
3884.716157,0.022449
3882.096070,0.022449
3879.475983,0.022449
3876.855895,0.022449
3874.235808,0.022449
3871.615721,0.020408
3868.995633,0.020408
3866.375546,0.020408
3863.755459,0.020408
3861.135371,0.022449
3858.515284,0.022449
3855.895197,0.022449
3853.275109,0.022449
3850.655022,0.022449
3848.034934,0.022449
3845.414847,0.022449
3842.794760,0.024490
3840.174672,0.024490
3837.554585,0.024490
3834.934498,0.024490
3832.314410,0.024490
3829.694323,0.024490
3827.074236,0.024490
3824.454148,0.024490
3821.834061,0.024490
3819.213974,0.022449
3816.593886,0.022449
3813.973799,0.022449
3811.353712,0.024490
3808.733624,0.024490
3806.113537,0.024490
3803.493450,0.024490
3800.873362,0.024490
3798.253275,0.024490
3795.633188,0.026531
3793.013100,0.026531
3790.393013,0.026531
3787.772926,0.028571
3785.152838,0.030612
3782.532751,0.030612
3779.912664,0.030612
3777.292576,0.032653
3774.672489,0.032653
3772.052402,0.032653
3769.432314,0.032653
3766.812227,0.032653
3764.192140,0.032653
3761.572052,0.032653
3758.951965,0.032653
3756.331878,0.032653
3753.711790,0.032653
3751.091703,0.032653
3748.471616,0.030612
3745.851528,0.030612
3743.231441,0.028571
3740.611354,0.030612
3737.991266,0.030612
3735.371179,0.028571
3732.751092,0.028571
3730.131004,0.030612
3727.510917,0.030612
3724.890830,0.030612
3722.270742,0.032653
3719.650655,0.032653
3717.030568,0.034694
3714.410480,0.034694
3711.790393,0.034694
3709.170306,0.036735
3706.550218,0.038776
3703.930131,0.038776
3701.310044,0.040816
3698.689956,0.040816
3696.069869,0.040816
3693.449782,0.040816
3690.829694,0.038776
3688.209607,0.036735
3685.589520,0.034694
3682.969432,0.034694
3680.349345,0.032653
3677.729258,0.032653
3675.109170,0.030612
3672.489083,0.030612
3669.868996,0.030612
3667.248908,0.030612
3664.628821,0.030612
3662.008734,0.030612
3659.388646,0.030612
3656.768559,0.030612
3654.148472,0.032653
3651.528384,0.032653
3648.908297,0.032653
3646.288210,0.032653
3643.668122,0.034694
3641.048035,0.034694
3638.427948,0.034694
3635.807860,0.034694
3633.187773,0.034694
3630.567686,0.032653
3627.947598,0.032653
3625.327511,0.032653
3622.707424,0.032653
3620.087336,0.032653
3617.467249,0.032653
3614.847162,0.032653
3612.227074,0.032653
3609.606987,0.032653
3606.986900,0.032653
3604.366812,0.034694
3601.746725,0.034694
3599.126638,0.034694
3596.506550,0.034694
3593.886463,0.034694
3591.266376,0.034694
3588.646288,0.034694
3586.026201,0.034694
3583.406114,0.034694
3580.786026,0.034694
3578.165939,0.034694
3575.545852,0.034694
3572.925764,0.034694
3570.305677,0.034694
3567.685590,0.032653
3565.065502,0.032653
3562.445415,0.032653
3559.825328,0.032653
3557.205240,0.032653
3554.585153,0.032653
3551.965066,0.032653
3549.344978,0.032653
3546.724891,0.032653
3544.104803,0.032653
3541.484716,0.032653
3538.864629,0.032653
3536.244541,0.032653
3533.624454,0.032653
3531.004367,0.032653
3528.384279,0.032653
3525.764192,0.032653
3523.144105,0.032653
3520.524017,0.032653
3517.903930,0.032653
3515.283843,0.032653
3512.663755,0.032653
3510.043668,0.032653
3507.423581,0.032653
3504.803493,0.032653
3502.183406,0.032653
3499.563319,0.032653
3496.943231,0.032653
3494.323144,0.034694
3491.703057,0.034694
3489.082969,0.034694
3486.462882,0.034694
3483.842795,0.034694
3481.222707,0.034694
3478.602620,0.034694
3475.982533,0.034694
3473.362445,0.034694
3470.742358,0.034694
3468.122271,0.034694
3465.502183,0.034694
3462.882096,0.034694
3460.262009,0.034694
3457.641921,0.034694
3455.021834,0.034694
3452.401747,0.034694
3449.781659,0.034694
3447.161572,0.034694
3444.541485,0.034694
3441.921397,0.034694
3439.301310,0.034694
3436.681223,0.034694
3434.061135,0.034694
3431.441048,0.034694
3428.820961,0.034694
3426.200873,0.034694
3423.580786,0.036735
3420.960699,0.036735
3418.340611,0.036735
3415.720524,0.034694
3413.100437,0.034694
3410.480349,0.034694
3407.860262,0.034694
3405.240175,0.034694
3402.620087,0.034694
3400.000000,0.034694
3397.379913,0.034694
3394.759825,0.034694
3392.139738,0.034694
3389.519651,0.034694
3386.899563,0.034694
3384.279476,0.034694
3381.659389,0.034694
3379.039301,0.034694
3376.419214,0.034694
3373.799127,0.034694
3371.179039,0.034694
3368.558952,0.034694
3365.938865,0.034694
3363.318777,0.034694
3360.698690,0.034694
3358.078603,0.034694
3355.458515,0.034694
3352.838428,0.034694
3350.218341,0.034694
3347.598253,0.034694
3344.978166,0.034694
3342.358079,0.034694
3339.737991,0.034694
3337.117904,0.032653
3334.497817,0.032653
3331.877729,0.034694
3329.257642,0.034694
3326.637555,0.032653
3324.017467,0.032653
3321.397380,0.032653
3318.777293,0.032653
3316.157205,0.032653
3313.537118,0.032653
3310.917031,0.032653
3308.296943,0.032653
3305.676856,0.032653
3303.056769,0.030612
3300.436681,0.032653
3297.816594,0.032653
3295.196507,0.032653
3292.576419,0.032653
3289.956332,0.030612
3287.336245,0.032653
3284.716157,0.032653
3282.096070,0.030612
3279.475983,0.030612
3276.855895,0.030612
3274.235808,0.030612
3271.615721,0.030612
3268.995633,0.030612
3266.375546,0.030612
3263.755459,0.030612
3261.135371,0.030612
3258.515284,0.030612
3255.895197,0.030612
3253.275109,0.030612
3250.655022,0.030612
3248.034934,0.030612
3245.414847,0.030612
3242.794760,0.030612
3240.174672,0.030612
3237.554585,0.030612
3234.934498,0.030612
3232.314410,0.030612
3229.694323,0.030612
3227.074236,0.030612
3224.454148,0.030612
3221.834061,0.030612
3219.213974,0.030612
3216.593886,0.030612
3213.973799,0.030612
3211.353712,0.030612
3208.733624,0.030612
3206.113537,0.030612
3203.493450,0.030612
3200.873362,0.030612
3198.253275,0.030612
3195.633188,0.030612
3193.013100,0.030612
3190.393013,0.030612
3187.772926,0.030612
3185.152838,0.030612
3182.532751,0.030612
3179.912664,0.030612
3177.292576,0.030612
3174.672489,0.030612
3172.052402,0.030612
3169.432314,0.030612
3166.812227,0.030612
3164.192140,0.030612
3161.572052,0.030612
3158.951965,0.030612
3156.331878,0.030612
3153.711790,0.030612
3151.091703,0.030612
3148.471616,0.032653
3145.851528,0.032653
3143.231441,0.032653
3140.611354,0.032653
3137.991266,0.032653
3135.371179,0.034694
3132.751092,0.034694
3130.131004,0.034694
3127.510917,0.036735
3124.890830,0.036735
3122.270742,0.036735
3119.650655,0.036735
3117.030568,0.036735
3114.410480,0.036735
3111.790393,0.038776
3109.170306,0.038776
3106.550218,0.038776
3103.930131,0.038776
3101.310044,0.038776
3098.689956,0.038776
3096.069869,0.038776
3093.449782,0.038776
3090.829694,0.038776
3088.209607,0.038776
3085.589520,0.038776
3082.969432,0.040816
3080.349345,0.040816
3077.729258,0.040816
3075.109170,0.040816
3072.489083,0.040816
3069.868996,0.040816
3067.248908,0.040816
3064.628821,0.040816
3062.008734,0.040816
3059.388646,0.040816
3056.768559,0.040816
3054.148472,0.040816
3051.528384,0.040816
3048.908297,0.040816
3046.288210,0.040816
3043.668122,0.040816
3041.048035,0.040816
3038.427948,0.040816
3035.807860,0.040816
3033.187773,0.040816
3030.567686,0.040816
3027.947598,0.042857
3025.327511,0.042857
3022.707424,0.042857
3020.087336,0.044898
3017.467249,0.044898
3014.847162,0.046939
3012.227074,0.048980
3009.606987,0.051020
3006.986900,0.055102
3004.366812,0.057143
3001.746725,0.061224
2999.126638,0.065306
2996.506550,0.071429
2993.886463,0.077551
2991.266376,0.087755
2988.646288,0.102041
2986.026201,0.120408
2983.406114,0.144898
2980.786026,0.177551
2978.165939,0.222449
2975.545852,0.283673
2972.925764,0.355102
2970.305677,0.432653
2967.685590,0.508163
2965.065502,0.561224
2962.445415,0.575510
2959.825328,0.575510
2957.205240,0.571429
2954.585153,0.524490
2951.965066,0.442857
2949.344978,0.355102
2946.724891,0.277551
2944.104803,0.222449
2941.484716,0.181633
2938.864629,0.155102
2936.244541,0.136735
2933.624454,0.124490
2931.004367,0.116327
2928.384279,0.112245
2925.764192,0.108163
2923.144105,0.106122
2920.524017,0.106122
2917.903930,0.106122
2915.283843,0.112245
2912.663755,0.122449
2910.043668,0.134694
2907.423581,0.144898
2904.803493,0.146939
2902.183406,0.146939
2899.563319,0.144898
2896.943231,0.132653
2894.323144,0.116327
2891.703057,0.102041
2889.082969,0.089796
2886.462882,0.079592
2883.842795,0.073469
2881.222707,0.067347
2878.602620,0.063265
2875.982533,0.061224
2873.362445,0.057143
2870.742358,0.055102
2868.122271,0.051020
2865.502183,0.051020
2862.882096,0.051020
2860.262009,0.051020
2857.641921,0.053061
2855.021834,0.053061
2852.401747,0.053061
2849.781659,0.051020
2847.161572,0.051020
2844.541485,0.046939
2841.921397,0.044898
2839.301310,0.042857
2836.681223,0.040816
2834.061135,0.038776
2831.441048,0.038776
2828.820961,0.036735
2826.200873,0.036735
2823.580786,0.036735
2820.960699,0.034694
2818.340611,0.034694
2815.720524,0.034694
2813.100437,0.034694
2810.480349,0.034694
2807.860262,0.036735
2805.240175,0.036735
2802.620087,0.034694
2800.000000,0.034694
2797.379913,0.034694
2794.759825,0.034694
2792.139738,0.034694
2789.519651,0.032653
2786.899563,0.030612
2784.279476,0.030612
2781.659389,0.028571
2779.039301,0.026531
2776.419214,0.024490
2773.799127,0.022449
2771.179039,0.020408
2768.558952,0.020408
2765.938865,0.018367
2763.318777,0.018367
2760.698690,0.018367
2758.078603,0.016327
2755.458515,0.016327
2752.838428,0.016327
2750.218341,0.016327
2747.598253,0.016327
2744.978166,0.016327
2742.358079,0.016327
2739.737991,0.016327
2737.117904,0.016327
2734.497817,0.014286
2731.877729,0.014286
2729.257642,0.014286
2726.637555,0.014286
2724.017467,0.014286
2721.397380,0.014286
2718.777293,0.014286
2716.157205,0.014286
2713.537118,0.014286
2710.917031,0.014286
2708.296943,0.014286
2705.676856,0.014286
2703.056769,0.014286
2700.436681,0.014286
2697.816594,0.014286
2695.196507,0.014286
2692.576419,0.014286
2689.956332,0.014286
2687.336245,0.014286
2684.716157,0.014286
2682.096070,0.014286
2679.475983,0.014286
2676.855895,0.014286
2674.235808,0.014286
2671.615721,0.016327
2668.995633,0.016327
2666.375546,0.016327
2663.755459,0.016327
2661.135371,0.016327
2658.515284,0.016327
2655.895197,0.016327
2653.275109,0.016327
2650.655022,0.016327
2648.034934,0.014286
2645.414847,0.014286
2642.794760,0.014286
2640.174672,0.014286
2637.554585,0.012245
2634.934498,0.012245
2632.314410,0.012245
2629.694323,0.012245
2627.074236,0.012245
2624.454148,0.012245
2621.834061,0.012245
2619.213974,0.012245
2616.593886,0.012245
2613.973799,0.012245
2611.353712,0.012245
2608.733624,0.012245
2606.113537,0.010204
2603.493450,0.010204
2600.873362,0.010204
2598.253275,0.010204
2595.633188,0.010204
2593.013100,0.010204
2590.393013,0.010204
2587.772926,0.010204
2585.152838,0.010204
2582.532751,0.010204
2579.912664,0.010204
2577.292576,0.010204
2574.672489,0.010204
2572.052402,0.010204
2569.432314,0.010204
2566.812227,0.010204
2564.192140,0.010204
2561.572052,0.010204
2558.951965,0.010204
2556.331878,0.010204
2553.711790,0.010204
2551.091703,0.010204
2548.471616,0.010204
2545.851528,0.008163
2543.231441,0.008163
2540.611354,0.008163
2537.991266,0.008163
2535.371179,0.008163
2532.751092,0.008163
2530.131004,0.008163
2527.510917,0.008163
2524.890830,0.008163
2522.270742,0.008163
2519.650655,0.008163
2517.030568,0.008163
2514.410480,0.010204
2511.790393,0.010204
2509.170306,0.010204
2506.550218,0.010204
2503.930131,0.012245
2501.310044,0.012245
2498.689956,0.014286
2496.069869,0.014286
2493.449782,0.012245
2490.829694,0.010204
2488.209607,0.010204
2485.589520,0.010204
2482.969432,0.010204
2480.349345,0.010204
2477.729258,0.008163
2475.109170,0.010204
2472.489083,0.008163
2469.868996,0.008163
2467.248908,0.008163
2464.628821,0.008163
2462.008734,0.008163
2459.388646,0.008163
2456.768559,0.008163
2454.148472,0.008163
2451.528384,0.008163
2448.908297,0.008163
2446.288210,0.008163
2443.668122,0.008163
2441.048035,0.008163
2438.427948,0.008163
2435.807860,0.008163
2433.187773,0.008163
2430.567686,0.008163
2427.947598,0.008163
2425.327511,0.008163
2422.707424,0.008163
2420.087336,0.008163
2417.467249,0.008163
2414.847162,0.008163
2412.227074,0.008163
2409.606987,0.008163
2406.986900,0.008163
2404.366812,0.008163
2401.746725,0.008163
2399.126638,0.008163
2396.506550,0.008163
2393.886463,0.008163
2391.266376,0.008163
2388.646288,0.008163
2386.026201,0.008163
2383.406114,0.008163
2380.786026,0.008163
2378.165939,0.008163
2375.545852,0.006122
2372.925764,0.006122
2370.305677,0.004082
2367.685590,0.004082
2365.065502,0.004082
2362.445415,0.002041
2359.825328,0.002041
2357.205240,0.002041
2354.585153,0.004082
2351.965066,0.004082
2349.344978,0.006122
2346.724891,0.006122
2344.104803,0.006122
2341.484716,0.004082
2338.864629,0.004082
2336.244541,0.004082
2333.624454,0.004082
2331.004367,0.004082
2328.384279,0.004082
2325.764192,0.004082
2323.144105,0.004082
2320.524017,0.004082
2317.903930,0.004082
2315.283843,0.006122
2312.663755,0.006122
2310.043668,0.006122
2307.423581,0.006122
2304.803493,0.006122
2302.183406,0.008163
2299.563319,0.008163
2296.943231,0.008163
2294.323144,0.008163
2291.703057,0.008163
2289.082969,0.008163
2286.462882,0.008163
2283.842795,0.008163
2281.222707,0.008163
2278.602620,0.008163
2275.982533,0.008163
2273.362445,0.008163
2270.742358,0.008163
2268.122271,0.008163
2265.502183,0.008163
2262.882096,0.008163
2260.262009,0.008163
2257.641921,0.008163
2255.021834,0.008163
2252.401747,0.008163
2249.781659,0.008163
2247.161572,0.008163
2244.541485,0.008163
2241.921397,0.008163
2239.301310,0.008163
2236.681223,0.008163
2234.061135,0.008163
2231.441048,0.008163
2228.820961,0.008163
2226.200873,0.008163
2223.580786,0.008163
2220.960699,0.008163
2218.340611,0.008163
2215.720524,0.008163
2213.100437,0.008163
2210.480349,0.008163
2207.860262,0.008163
2205.240175,0.008163
2202.620087,0.008163
2200.000000,0.008163
2197.379913,0.008163
2194.759825,0.008163
2192.139738,0.008163
2189.519651,0.008163
2186.899563,0.008163
2184.279476,0.008163
2181.659389,0.008163
2179.039301,0.008163
2176.419214,0.008163
2173.799127,0.008163
2171.179039,0.008163
2168.558952,0.008163
2165.938865,0.008163
2163.318777,0.008163
2160.698690,0.008163
2158.078603,0.008163
2155.458515,0.008163
2152.838428,0.008163
2150.218341,0.008163
2147.598253,0.008163
2144.978166,0.008163
2142.358079,0.008163
2139.737991,0.008163
2137.117904,0.010204
2134.497817,0.010204
2131.877729,0.010204
2129.257642,0.010204
2126.637555,0.010204
2124.017467,0.010204
2121.397380,0.010204
2118.777293,0.010204
2116.157205,0.010204
2113.537118,0.010204
2110.917031,0.010204
2108.296943,0.008163
2105.676856,0.008163
2103.056769,0.010204
2100.436681,0.010204
2097.816594,0.010204
2095.196507,0.010204
2092.576419,0.010204
2089.956332,0.010204
2087.336245,0.010204
2084.716157,0.010204
2082.096070,0.012245
2079.475983,0.012245
2076.855895,0.012245
2074.235808,0.012245
2071.615721,0.012245
2068.995633,0.012245
2066.375546,0.012245
2063.755459,0.012245
2061.135371,0.014286
2058.515284,0.014286
2055.895197,0.014286
2053.275109,0.014286
2050.655022,0.014286
2048.034934,0.014286
2045.414847,0.014286
2042.794760,0.012245
2040.174672,0.012245
2037.554585,0.010204
2034.934498,0.010204
2032.314410,0.008163
2029.694323,0.008163
2027.074236,0.008163
2024.454148,0.008163
2021.834061,0.006122
2019.213974,0.008163
2016.593886,0.008163
2013.973799,0.008163
2011.353712,0.008163
2008.733624,0.008163
2006.113537,0.008163
2003.493450,0.010204
2000.873362,0.010204
1998.253275,0.010204
1995.633188,0.010204
1993.013100,0.010204
1990.393013,0.010204
1987.772926,0.010204
1985.152838,0.010204
1982.532751,0.012245
1979.912664,0.012245
1977.292576,0.012245
1974.672489,0.014286
1972.052402,0.014286
1969.432314,0.016327
1966.812227,0.018367
1964.192140,0.018367
1961.572052,0.018367
1958.951965,0.020408
1956.331878,0.020408
1953.711790,0.022449
1951.091703,0.022449
1948.471616,0.024490
1945.851528,0.024490
1943.231441,0.024490
1940.611354,0.024490
1937.991266,0.022449
1935.371179,0.022449
1932.751092,0.020408
1930.131004,0.018367
1927.510917,0.016327
1924.890830,0.016327
1922.270742,0.016327
1919.650655,0.014286
1917.030568,0.014286
1914.410480,0.014286
1911.790393,0.014286
1909.170306,0.012245
1906.550218,0.010204
1903.930131,0.010204
1901.310044,0.010204
1898.689956,0.010204
1896.069869,0.010204
1893.449782,0.010204
1890.829694,0.010204
1888.209607,0.010204
1885.589520,0.010204
1882.969432,0.008163
1880.349345,0.008163
1877.729258,0.008163
1875.109170,0.008163
1872.489083,0.008163
1869.868996,0.008163
1867.248908,0.008163
1864.628821,0.008163
1862.008734,0.008163
1859.388646,0.008163
1856.768559,0.008163
1854.148472,0.008163
1851.528384,0.008163
1848.908297,0.008163
1846.288210,0.008163
1843.668122,0.008163
1841.048035,0.008163
1838.427948,0.008163
1835.807860,0.008163
1833.187773,0.008163
1830.567686,0.008163
1827.947598,0.008163
1825.327511,0.008163
1822.707424,0.010204
1820.087336,0.010204
1817.467249,0.010204
1814.847162,0.010204
1812.227074,0.010204
1809.606987,0.012245
1806.986900,0.012245
1804.366812,0.012245
1801.746725,0.014286
1799.126638,0.014286
1796.506550,0.014286
1793.886463,0.014286
1791.266376,0.016327
1788.646288,0.016327
1786.026201,0.016327
1783.406114,0.018367
1780.786026,0.018367
1778.165939,0.018367
1775.545852,0.018367
1772.925764,0.018367
1770.305677,0.016327
1767.685590,0.018367
1765.065502,0.018367
1762.445415,0.018367
1759.825328,0.018367
1757.205240,0.018367
1754.585153,0.018367
1751.965066,0.018367
1749.344978,0.018367
1746.724891,0.018367
1744.104803,0.018367
1741.484716,0.018367
1738.864629,0.018367
1736.244541,0.018367
1733.624454,0.018367
1731.004367,0.020408
1728.384279,0.020408
1725.764192,0.022449
1723.144105,0.022449
1720.524017,0.022449
1717.903930,0.022449
1715.283843,0.020408
1712.663755,0.022449
1710.043668,0.022449
1707.423581,0.022449
1704.803493,0.020408
1702.183406,0.020408
1699.563319,0.020408
1696.943231,0.020408
1694.323144,0.020408
1691.703057,0.022449
1689.082969,0.022449
1686.462882,0.022449
1683.842795,0.022449
1681.222707,0.022449
1678.602620,0.024490
1675.982533,0.024490
1673.362445,0.024490
1670.742358,0.024490
1668.122271,0.026531
1665.502183,0.026531
1662.882096,0.028571
1660.262009,0.028571
1657.641921,0.030612
1655.021834,0.030612
1652.401747,0.028571
1649.781659,0.030612
1647.161572,0.030612
1644.541485,0.034694
1641.921397,0.036735
1639.301310,0.036735
1636.681223,0.036735
1634.061135,0.034694
1631.441048,0.036735
1628.820961,0.036735
1626.200873,0.036735
1623.580786,0.036735
1620.960699,0.038776
1618.340611,0.038776
1615.720524,0.038776
1613.100437,0.040816
1610.480349,0.040816
1607.860262,0.040816
1605.240175,0.042857
1602.620087,0.042857
1600.000000,0.042857
1597.379913,0.042857
1594.759825,0.042857
1592.139738,0.042857
1589.519651,0.040816
1586.899563,0.040816
1584.279476,0.040816
1581.659389,0.038776
1579.039301,0.038776
1576.419214,0.036735
1573.799127,0.034694
1571.179039,0.034694
1568.558952,0.032653
1565.938865,0.032653
1563.318777,0.032653
1560.698690,0.032653
1558.078603,0.030612
1555.458515,0.030612
1552.838428,0.030612
1550.218341,0.030612
1547.598253,0.030612
1544.978166,0.030612
1542.358079,0.028571
1539.737991,0.028571
1537.117904,0.028571
1534.497817,0.030612
1531.877729,0.030612
1529.257642,0.030612
1526.637555,0.030612
1524.017467,0.030612
1521.397380,0.028571
1518.777293,0.028571
1516.157205,0.030612
1513.537118,0.030612
1510.917031,0.030612
1508.296943,0.030612
1505.676856,0.028571
1503.056769,0.030612
1500.436681,0.030612
1497.816594,0.030612
1495.196507,0.032653
1492.576419,0.032653
1489.956332,0.034694
1487.336245,0.034694
1484.716157,0.036735
1482.096070,0.038776
1479.475983,0.038776
1476.855895,0.036735
1474.235808,0.036735
1471.615721,0.036735
1468.995633,0.038776
1466.375546,0.040816
1463.755459,0.044898
1461.135371,0.046939
1458.515284,0.051020
1455.895197,0.061224
1453.275109,0.069388
1450.655022,0.075510
1448.034934,0.081633
1445.414847,0.083673
1442.794760,0.081633
1440.174672,0.079592
1437.554585,0.075510
1434.934498,0.069388
1432.314410,0.069388
1429.694323,0.073469
1427.074236,0.081633
1424.454148,0.095918
1421.834061,0.114286
1419.213974,0.138776
1416.593886,0.155102
1413.973799,0.161224
1411.353712,0.163265
1408.733624,0.161224
1406.113537,0.153061
1403.493450,0.142857
1400.873362,0.136735
1398.253275,0.134694
1395.633188,0.128571
1393.013100,0.112245
1390.393013,0.095918
1387.772926,0.079592
1385.152838,0.069388
1382.532751,0.063265
1379.912664,0.059184
1377.292576,0.055102
1374.672489,0.053061
1372.052402,0.051020
1369.432314,0.051020
1366.812227,0.051020
1364.192140,0.048980
1361.572052,0.046939
1358.951965,0.046939
1356.331878,0.046939
1353.711790,0.046939
1351.091703,0.046939
1348.471616,0.046939
1345.851528,0.046939
1343.231441,0.046939
1340.611354,0.046939
1337.991266,0.046939
1335.371179,0.046939
1332.751092,0.046939
1330.131004,0.046939
1327.510917,0.048980
1324.890830,0.051020
1322.270742,0.053061
1319.650655,0.055102
1317.030568,0.057143
1314.410480,0.061224
1311.790393,0.063265
1309.170306,0.067347
1306.550218,0.071429
1303.930131,0.077551
1301.310044,0.083673
1298.689956,0.089796
1296.069869,0.095918
1293.449782,0.106122
1290.829694,0.116327
1288.209607,0.130612
1285.589520,0.151020
1282.969432,0.175510
1280.349345,0.214286
1277.729258,0.265306
1275.109170,0.340816
1272.489083,0.457143
1269.868996,0.597959
1267.248908,0.742857
1264.628821,0.855102
1262.008734,0.893878
1259.388646,0.893878
1256.768559,0.887755
1254.148472,0.812245
1251.528384,0.667347
1248.908297,0.504082
1246.288210,0.375510
1243.668122,0.281633
1241.048035,0.214286
1238.427948,0.171429
1235.807860,0.146939
1233.187773,0.124490
1230.567686,0.110204
1227.947598,0.100000
1225.327511,0.091837
1222.707424,0.087755
1220.087336,0.083673
1217.467249,0.079592
1214.847162,0.079592
1212.227074,0.079592
1209.606987,0.079592
1206.986900,0.079592
1204.366812,0.079592
1201.746725,0.081633
1199.126638,0.085714
1196.506550,0.089796
1193.886463,0.093878
1191.266376,0.100000
1188.646288,0.108163
1186.026201,0.116327
1183.406114,0.126531
1180.786026,0.134694
1178.165939,0.144898
1175.545852,0.155102
1172.925764,0.165306
1170.305677,0.177551
1167.685590,0.189796
1165.065502,0.204082
1162.445415,0.218367
1159.825328,0.234694
1157.205240,0.251020
1154.585153,0.269388
1151.965066,0.289796
1149.344978,0.310204
1146.724891,0.332653
1144.104803,0.359184
1141.484716,0.385714
1138.864629,0.412245
1136.244541,0.440816
1133.624454,0.473469
1131.004367,0.506122
1128.384279,0.542857
1125.764192,0.579592
1123.144105,0.612245
1120.524017,0.648980
1117.903930,0.681633
1115.283843,0.714286
1112.663755,0.748980
1110.043668,0.777551
1107.423581,0.802041
1104.803493,0.826531
1102.183406,0.844898
1099.563319,0.857143
1096.943231,0.869388
1094.323144,0.873469
1091.703057,0.873469
1089.082969,0.873469
1086.462882,0.871429
1083.842795,0.871429
1081.222707,0.861224
1078.602620,0.851020
1075.982533,0.840816
1073.362445,0.832653
1070.742358,0.824490
1068.122271,0.816327
1065.502183,0.812245
1062.882096,0.810204
1060.262009,0.808163
1057.641921,0.810204
1055.021834,0.812245
1052.401747,0.818367
1049.781659,0.824490
1047.161572,0.832653
1044.541485,0.838776
1041.921397,0.848980
1039.301310,0.861224
1036.681223,0.871429
1034.061135,0.881633
1031.441048,0.891837
1028.820961,0.902041
1026.200873,0.914286
1023.580786,0.924490
1020.960699,0.928571
1018.340611,0.926531
1015.720524,0.920408
1013.100437,0.910204
1010.480349,0.885714
1007.860262,0.842857
1005.240175,0.781633
1002.620087,0.716327
1000.000000,0.653061
997.379913,0.583673
994.759825,0.522449
992.139738,0.465306
989.519651,0.408163
986.899563,0.361224
984.279476,0.318367
981.659389,0.279592
979.039301,0.248980
976.419214,0.224490
973.799127,0.202041
971.179039,0.183673
968.558952,0.167347
965.938865,0.155102
963.318777,0.140816
960.698690,0.130612
958.078603,0.120408
955.458515,0.112245
952.838428,0.104082
950.218341,0.097959
947.598253,0.093878
944.978166,0.089796
942.358079,0.085714
939.737991,0.085714
937.117904,0.083673
934.497817,0.083673
931.877729,0.085714
929.257642,0.087755
926.637555,0.091837
924.017467,0.095918
921.397380,0.100000
918.777293,0.108163
916.157205,0.114286
913.537118,0.120408
910.917031,0.128571
908.296943,0.132653
905.676856,0.138776
903.056769,0.146939
900.436681,0.155102
897.816594,0.167347
895.196507,0.179592
892.576419,0.197959
889.956332,0.218367
887.336245,0.242857
884.716157,0.273469
882.096070,0.304082
879.475983,0.330612
876.855895,0.353061
874.235808,0.367347
871.615721,0.379592
868.995633,0.387755
866.375546,0.391837
863.755459,0.391837
861.135371,0.389796
858.515284,0.381633
855.895197,0.365306
853.275109,0.344898
850.655022,0.326531
848.034934,0.320408
845.414847,0.332653
842.794760,0.353061
840.174672,0.377551
837.554585,0.410204
834.934498,0.457143
832.314410,0.510204
829.694323,0.567347
827.074236,0.634694
824.454148,0.695918
821.834061,0.740816
819.213974,0.771429
816.593886,0.797959
813.973799,0.836735
811.353712,0.873469
808.733624,0.918367
806.113537,0.955102
803.493450,0.981633
800.873362,1.000000
798.253275,1.000000
795.633188,0.995918
793.013100,0.979592
790.393013,0.932653
787.772926,0.865306
785.152838,0.787755
782.532751,0.691837
779.912664,0.587755
777.292576,0.495918
774.672489,0.410204
772.052402,0.334694
769.432314,0.281633
766.812227,0.244898
764.192140,0.214286
761.572052,0.189796
758.951965,0.173469
756.331878,0.159184
753.711790,0.148980
751.091703,0.138776
748.471616,0.132653
745.851528,0.128571
743.231441,0.124490
740.611354,0.122449
737.991266,0.120408
735.371179,0.118367
732.751092,0.112245
730.131004,0.108163
727.510917,0.108163
724.890830,0.108163
722.270742,0.114286
719.650655,0.124490
717.030568,0.142857
714.410480,0.171429
711.790393,0.206122
709.170306,0.234694
706.550218,0.246939
703.930131,0.248980
701.310044,0.248980
698.689956,0.246939
696.069869,0.242857
693.449782,0.236735
690.829694,0.228571
688.209607,0.230612
685.589520,0.230612
682.969432,0.226531
680.349345,0.218367
677.729258,0.204082
675.109170,0.191837
672.489083,0.185714
669.868996,0.181633
667.248908,0.185714
664.628821,0.193878
662.008734,0.195918
659.388646,0.195918
656.768559,0.183673
654.148472,0.130612
651.528384,0.089796
648.908297,0.073469
646.288210,0.065306
643.668122,0.063265
641.048035,0.061224
638.427948,0.065306
635.807860,0.067347
633.187773,0.067347
630.567686,0.067347
627.947598,0.067347
625.327511,0.067347
622.707424,0.069388
620.087336,0.069388
617.467249,0.067347
614.847162,0.067347
612.227074,0.067347
609.606987,0.065306
606.986900,0.065306
604.366812,0.063265
601.746725,0.065306
599.126638,0.065306
596.506550,0.065306
593.886463,0.063265
591.266376,0.061224
588.646288,0.055102
586.026201,0.048980
583.406114,0.042857
580.786026,0.036735
578.165939,0.028571
575.545852,0.022449
572.925764,0.016327
570.305677,0.012245
567.685590,0.008163
565.065502,0.006122
562.445415,0.004082
559.825328,0.004082
557.205240,0.004082
554.585153,0.002041
551.965066,0.002041
549.344978,0.002041
546.724891,0.002041
544.104803,0.002041
541.484716,0.002041
538.864629,0.002041
536.244541,0.002041
533.624454,0.002041
531.004367,0.002041
528.384279,0.002041
525.764192,0.002041
523.144105,0.002041
520.524017,0.002041
517.903930,0.002041
515.283843,0.002041
512.663755,0.002041
510.043668,0.002041
507.423581,0.002041
504.803493,0.002041
502.183406,0.002041
499.563319,0.002041
496.943231,0.002041
494.323144,0.002041
491.703057,0.002041
489.082969,0.002041
486.462882,0.002041
483.842795,0.002041
481.222707,0.002041
478.602620,0.002041
475.982533,0.002041
473.362445,0.002041
470.742358,0.002041
468.122271,0.002041
465.502183,0.002041
462.882096,0.002041
460.262009,0.002041
457.641921,0.002041
455.021834,0.002041
452.401747,0.002041
449.781659,0.002041
447.161572,nan
444.541485,nan
441.921397,nan
439.301310,nan
436.681223,nan
434.061135,nan
431.441048,nan
428.820961,nan
426.200873,nan
423.580786,nan
420.960699,nan
418.340611,nan
415.720524,nan
413.100437,nan
410.480349,nan
407.860262,nan
405.240175,nan
402.620087,nan
400.000000,nan
