4000.000000,0.010204
3997.379913,0.010204
3994.759825,0.010204
3992.139738,0.010204
3989.519651,0.010204
3986.899563,0.010204
3984.279476,0.010204
3981.659389,0.010204
3979.039301,0.010204
3976.419214,0.010204
3973.799127,0.010204
3971.179039,0.010204
3968.558952,0.010204
3965.938865,0.010204
3963.318777,0.010204
3960.698690,0.010204
3958.078603,0.010204
3955.458515,0.010204
3952.838428,0.010204
3950.218341,0.010204
3947.598253,0.008163
3944.978166,0.008163
3942.358079,0.008163
3939.737991,0.008163
3937.117904,0.010204
3934.497817,0.010204
3931.877729,0.010204
3929.257642,0.008163
3926.637555,0.008163
3924.017467,0.008163
3921.397380,0.008163
3918.777293,0.010204
3916.157205,0.010204
3913.537118,0.008163
3910.917031,0.008163
3908.296943,0.010204
3905.676856,0.010204
3903.056769,0.008163
3900.436681,0.008163
3897.816594,0.008163
3895.196507,0.008163
3892.576419,0.008163
3889.956332,0.008163
3887.336245,0.008163
3884.716157,0.008163
3882.096070,0.008163
3879.475983,0.008163
3876.855895,0.008163
3874.235808,0.008163
3871.615721,0.008163
3868.995633,0.008163
3866.375546,0.008163
3863.755459,0.008163
3861.135371,0.008163
3858.515284,0.008163
3855.895197,0.008163
3853.275109,0.008163
3850.655022,0.008163
3848.034934,0.008163
3845.414847,0.010204
3842.794760,0.010204
3840.174672,0.010204
3837.554585,0.008163
3834.934498,0.008163
3832.314410,0.008163
3829.694323,0.010204
3827.074236,0.010204
3824.454148,0.010204
3821.834061,0.010204
3819.213974,0.010204
3816.593886,0.008163
3813.973799,0.010204
3811.353712,0.010204
3808.733624,0.010204
3806.113537,0.010204
3803.493450,0.010204
3800.873362,0.010204
3798.253275,0.010204
3795.633188,0.010204
3793.013100,0.010204
3790.393013,0.010204
3787.772926,0.012245
3785.152838,0.012245
3782.532751,0.012245
3779.912664,0.014286
3777.292576,0.014286
3774.672489,0.014286
3772.052402,0.014286
3769.432314,0.014286
3766.812227,0.014286
3764.192140,0.014286
3761.572052,0.014286
3758.951965,0.014286
3756.331878,0.014286
3753.711790,0.014286
3751.091703,0.014286
3748.471616,0.012245
3745.851528,0.012245
3743.231441,0.012245
3740.611354,0.012245
3737.991266,0.012245
3735.371179,0.012245
3732.751092,0.012245
3730.131004,0.012245
3727.510917,0.012245
3724.890830,0.012245
3722.270742,0.014286
3719.650655,0.014286
3717.030568,0.014286
3714.410480,0.014286
3711.790393,0.014286
3709.170306,0.014286
3706.550218,0.014286
3703.930131,0.014286
3701.310044,0.014286
3698.689956,0.016327
3696.069869,0.016327
3693.449782,0.016327
3690.829694,0.016327
3688.209607,0.014286
3685.589520,0.014286
3682.969432,0.012245
3680.349345,0.012245
3677.729258,0.012245
3675.109170,0.012245
3672.489083,0.010204
3669.868996,0.010204
3667.248908,0.010204
3664.628821,0.010204
3662.008734,0.012245
3659.388646,0.012245
3656.768559,0.012245
3654.148472,0.012245
3651.528384,0.012245
3648.908297,0.012245
3646.288210,0.012245
3643.668122,0.012245
3641.048035,0.014286
3638.427948,0.014286
3635.807860,0.014286
3633.187773,0.014286
3630.567686,0.012245
3627.947598,0.012245
3625.327511,0.012245
3622.707424,0.012245
3620.087336,0.012245
3617.467249,0.012245
3614.847162,0.012245
3612.227074,0.012245
3609.606987,0.012245
3606.986900,0.012245
3604.366812,0.012245
3601.746725,0.012245
3599.126638,0.012245
3596.506550,0.012245
3593.886463,0.012245
3591.266376,0.012245
3588.646288,0.012245
3586.026201,0.012245
3583.406114,0.012245
3580.786026,0.012245
3578.165939,0.012245
3575.545852,0.012245
3572.925764,0.012245
3570.305677,0.012245
3567.685590,0.012245
3565.065502,0.012245
3562.445415,0.012245
3559.825328,0.012245
3557.205240,0.012245
3554.585153,0.012245
3551.965066,0.012245
3549.344978,0.012245
3546.724891,0.012245
3544.104803,0.012245
3541.484716,0.012245
3538.864629,0.012245
3536.244541,0.012245
3533.624454,0.012245
3531.004367,0.012245
3528.384279,0.012245
3525.764192,0.012245
3523.144105,0.012245
3520.524017,0.012245
3517.903930,0.012245
3515.283843,0.012245
3512.663755,0.012245
3510.043668,0.012245
3507.423581,0.012245
3504.803493,0.012245
3502.183406,0.012245
3499.563319,0.012245
3496.943231,0.012245
3494.323144,0.012245
3491.703057,0.012245
3489.082969,0.014286
3486.462882,0.014286
3483.842795,0.014286
3481.222707,0.014286
3478.602620,0.014286
3475.982533,0.014286
3473.362445,0.014286
3470.742358,0.014286
3468.122271,0.014286
3465.502183,0.014286
3462.882096,0.014286
3460.262009,0.014286
3457.641921,0.014286
3455.021834,0.014286
3452.401747,0.014286
3449.781659,0.014286
3447.161572,0.014286
3444.541485,0.014286
3441.921397,0.014286
3439.301310,0.014286
3436.681223,0.014286
3434.061135,0.014286
3431.441048,0.014286
3428.820961,0.014286
3426.200873,0.014286
3423.580786,0.014286
3420.960699,0.014286
3418.340611,0.014286
3415.720524,0.014286
3413.100437,0.014286
3410.480349,0.014286
3407.860262,0.014286
3405.240175,0.016327
3402.620087,0.016327
3400.000000,0.014286
3397.379913,0.014286
3394.759825,0.014286
3392.139738,0.014286
3389.519651,0.014286
3386.899563,0.016327
3384.279476,0.016327
3381.659389,0.016327
3379.039301,0.016327
3376.419214,0.016327
3373.799127,0.016327
3371.179039,0.016327
3368.558952,0.016327
3365.938865,0.016327
3363.318777,0.016327
3360.698690,0.016327
3358.078603,0.016327
3355.458515,0.016327
3352.838428,0.016327
3350.218341,0.016327
3347.598253,0.016327
3344.978166,0.016327
3342.358079,0.016327
3339.737991,0.016327
3337.117904,0.016327
3334.497817,0.016327
3331.877729,0.016327
3329.257642,0.016327
3326.637555,0.016327
3324.017467,0.016327
3321.397380,0.016327
3318.777293,0.016327
3316.157205,0.016327
3313.537118,0.016327
3310.917031,0.016327
3308.296943,0.016327
3305.676856,0.016327
3303.056769,0.016327
3300.436681,0.016327
3297.816594,0.016327
3295.196507,0.016327
3292.576419,0.016327
3289.956332,0.016327
3287.336245,0.016327
3284.716157,0.016327
3282.096070,0.016327
3279.475983,0.016327
3276.855895,0.016327
3274.235808,0.014286
3271.615721,0.016327
3268.995633,0.016327
3266.375546,0.016327
3263.755459,0.016327
3261.135371,0.016327
3258.515284,0.016327
3255.895197,0.016327
3253.275109,0.016327
3250.655022,0.016327
3248.034934,0.016327
3245.414847,0.016327
3242.794760,0.016327
3240.174672,0.016327
3237.554585,0.016327
3234.934498,0.016327
3232.314410,0.016327
3229.694323,0.016327
3227.074236,0.016327
3224.454148,0.016327
3221.834061,0.016327
3219.213974,0.016327
3216.593886,0.016327
3213.973799,0.016327
3211.353712,0.016327
3208.733624,0.016327
3206.113537,0.016327
3203.493450,0.016327
3200.873362,0.016327
3198.253275,0.016327
3195.633188,0.016327
3193.013100,0.016327
3190.393013,0.016327
3187.772926,0.016327
3185.152838,0.016327
3182.532751,0.016327
3179.912664,0.016327
3177.292576,0.016327
3174.672489,0.016327
3172.052402,0.016327
3169.432314,0.016327
3166.812227,0.016327
3164.192140,0.016327
3161.572052,0.016327
3158.951965,0.018367
3156.331878,0.018367
3153.711790,0.018367
3151.091703,0.018367
3148.471616,0.018367
3145.851528,0.018367
3143.231441,0.018367
3140.611354,0.018367
3137.991266,0.018367
3135.371179,0.018367
3132.751092,0.018367
3130.131004,0.018367
3127.510917,0.020408
3124.890830,0.020408
3122.270742,0.020408
3119.650655,0.020408
3117.030568,0.020408
3114.410480,0.020408
3111.790393,0.020408
3109.170306,0.020408
3106.550218,0.020408
3103.930131,0.020408
3101.310044,0.020408
3098.689956,0.022449
3096.069869,0.022449
3093.449782,0.020408
3090.829694,0.020408
3088.209607,0.020408
3085.589520,0.020408
3082.969432,0.020408
3080.349345,0.020408
3077.729258,0.020408
3075.109170,0.022449
3072.489083,0.022449
3069.868996,0.020408
3067.248908,0.020408
3064.628821,0.022449
3062.008734,0.022449
3059.388646,0.022449
3056.768559,0.022449
3054.148472,0.022449
3051.528384,0.022449
3048.908297,0.022449
3046.288210,0.022449
3043.668122,0.022449
3041.048035,0.022449
3038.427948,0.022449
3035.807860,0.022449
3033.187773,0.022449
3030.567686,0.022449
3027.947598,0.022449
3025.327511,0.022449
3022.707424,0.022449
3020.087336,0.024490
3017.467249,0.024490
3014.847162,0.024490
3012.227074,0.024490
3009.606987,0.026531
3006.986900,0.028571
3004.366812,0.028571
3001.746725,0.030612
2999.126638,0.032653
2996.506550,0.036735
2993.886463,0.040816
2991.266376,0.044898
2988.646288,0.053061
2986.026201,0.063265
2983.406114,0.077551
2980.786026,0.095918
2978.165939,0.124490
2975.545852,0.167347
2972.925764,0.222449
2970.305677,0.291837
2967.685590,0.371429
2965.065502,0.426531
2962.445415,0.440816
2959.825328,0.440816
2957.205240,0.430612
2954.585153,0.369388
2951.965066,0.287755
2949.344978,0.212245
2946.724891,0.157143
2944.104803,0.120408
2941.484716,0.095918
2938.864629,0.077551
2936.244541,0.067347
2933.624454,0.059184
2931.004367,0.053061
2928.384279,0.048980
2925.764192,0.044898
2923.144105,0.042857
2920.524017,0.042857
2917.903930,0.044898
2915.283843,0.048980
2912.663755,0.055102
2910.043668,0.065306
2907.423581,0.071429
2904.803493,0.073469
2902.183406,0.073469
2899.563319,0.071429
2896.943231,0.065306
2894.323144,0.057143
2891.703057,0.048980
2889.082969,0.042857
2886.462882,0.038776
2883.842795,0.034694
2881.222707,0.032653
2878.602620,0.030612
2875.982533,0.028571
2873.362445,0.026531
2870.742358,0.024490
2868.122271,0.024490
2865.502183,0.022449
2862.882096,0.022449
2860.262009,0.022449
2857.641921,0.022449
2855.021834,0.020408
2852.401747,0.020408
2849.781659,0.020408
2847.161572,0.020408
2844.541485,0.020408
2841.921397,0.020408
2839.301310,0.020408
2836.681223,0.020408
2834.061135,0.020408
2831.441048,0.018367
2828.820961,0.018367
2826.200873,0.018367
2823.580786,0.018367
2820.960699,0.018367
2818.340611,0.018367
2815.720524,0.018367
2813.100437,0.018367
2810.480349,0.018367
2807.860262,0.018367
2805.240175,0.018367
2802.620087,0.018367
2800.000000,0.020408
2797.379913,0.020408
2794.759825,0.018367
2792.139738,0.018367
2789.519651,0.018367
2786.899563,0.018367
2784.279476,0.016327
2781.659389,0.016327
2779.039301,0.014286
2776.419214,0.014286
2773.799127,0.014286
2771.179039,0.012245
2768.558952,0.012245
2765.938865,0.012245
2763.318777,0.012245
2760.698690,0.012245
2758.078603,0.010204
2755.458515,0.010204
2752.838428,0.010204
2750.218341,0.010204
2747.598253,0.010204
2744.978166,0.010204
2742.358079,0.010204
2739.737991,0.010204
2737.117904,0.010204
2734.497817,0.010204
2731.877729,0.010204
2729.257642,0.010204
2726.637555,0.010204
2724.017467,0.010204
2721.397380,0.010204
2718.777293,0.010204
2716.157205,0.010204
2713.537118,0.010204
2710.917031,0.010204
2708.296943,0.010204
2705.676856,0.010204
2703.056769,0.010204
2700.436681,0.010204
2697.816594,0.010204
2695.196507,0.010204
2692.576419,0.010204
2689.956332,0.010204
2687.336245,0.010204
2684.716157,0.010204
2682.096070,0.010204
2679.475983,0.010204
2676.855895,0.010204
2674.235808,0.010204
2671.615721,0.010204
2668.995633,0.012245
2666.375546,0.012245
2663.755459,0.012245
2661.135371,0.012245
2658.515284,0.012245
2655.895197,0.012245
2653.275109,0.012245
2650.655022,0.010204
2648.034934,0.010204
2645.414847,0.010204
2642.794760,0.010204
2640.174672,0.010204
2637.554585,0.010204
2634.934498,0.010204
2632.314410,0.010204
2629.694323,0.010204
2627.074236,0.010204
2624.454148,0.010204
2621.834061,0.010204
2619.213974,0.010204
2616.593886,0.010204
2613.973799,0.010204
2611.353712,0.010204
2608.733624,0.008163
2606.113537,0.010204
2603.493450,0.010204
2600.873362,0.010204
2598.253275,0.008163
2595.633188,0.008163
2593.013100,0.008163
2590.393013,0.008163
2587.772926,0.010204
2585.152838,0.010204
2582.532751,0.010204
2579.912664,0.008163
2577.292576,0.008163
2574.672489,0.010204
2572.052402,0.010204
2569.432314,0.010204
2566.812227,0.010204
2564.192140,0.008163
2561.572052,0.008163
2558.951965,0.008163
2556.331878,0.008163
2553.711790,0.008163
2551.091703,0.008163
2548.471616,0.008163
2545.851528,0.008163
2543.231441,0.008163
2540.611354,0.008163
2537.991266,0.008163
2535.371179,0.008163
2532.751092,0.008163
2530.131004,0.008163
2527.510917,0.008163
2524.890830,0.008163
2522.270742,0.008163
2519.650655,0.008163
2517.030568,0.008163
2514.410480,0.008163
2511.790393,0.008163
2509.170306,0.010204
2506.550218,0.010204
2503.930131,0.010204
2501.310044,0.010204
2498.689956,0.012245
2496.069869,0.012245
2493.449782,0.012245
2490.829694,0.010204
2488.209607,0.010204
2485.589520,0.010204
2482.969432,0.010204
2480.349345,0.010204
2477.729258,0.008163
2475.109170,0.010204
2472.489083,0.008163
2469.868996,0.008163
2467.248908,0.010204
2464.628821,0.010204
2462.008734,0.010204
2459.388646,0.010204
2456.768559,0.010204
2454.148472,0.010204
2451.528384,0.010204
2448.908297,0.010204
2446.288210,0.010204
2443.668122,0.008163
2441.048035,0.010204
2438.427948,0.008163
2435.807860,0.010204
2433.187773,0.010204
2430.567686,0.010204
2427.947598,0.010204
2425.327511,0.010204
2422.707424,0.010204
2420.087336,0.010204
2417.467249,0.010204
2414.847162,0.010204
2412.227074,0.010204
2409.606987,0.010204
2406.986900,0.010204
2404.366812,0.010204
2401.746725,0.010204
2399.126638,0.010204
2396.506550,0.010204
2393.886463,0.010204
2391.266376,0.010204
2388.646288,0.010204
2386.026201,0.010204
2383.406114,0.010204
2380.786026,0.010204
2378.165939,0.008163
2375.545852,0.008163
2372.925764,0.008163
2370.305677,0.006122
2367.685590,0.006122
2365.065502,0.004082
2362.445415,0.004082
2359.825328,0.004082
2357.205240,0.002041
2354.585153,0.004082
2351.965066,0.004082
2349.344978,0.006122
2346.724891,0.006122
2344.104803,0.006122
2341.484716,0.006122
2338.864629,0.004082
2336.244541,0.004082
2333.624454,0.006122
2331.004367,0.006122
2328.384279,0.006122
2325.764192,0.006122
2323.144105,0.006122
2320.524017,0.006122
2317.903930,0.006122
2315.283843,0.008163
2312.663755,0.008163
2310.043668,0.008163
2307.423581,0.008163
2304.803493,0.008163
2302.183406,0.008163
2299.563319,0.008163
2296.943231,0.010204
2294.323144,0.010204
2291.703057,0.010204
2289.082969,0.010204
2286.462882,0.010204
2283.842795,0.010204
2281.222707,0.010204
2278.602620,0.010204
2275.982533,0.010204
2273.362445,0.010204
2270.742358,0.010204
2268.122271,0.010204
2265.502183,0.010204
2262.882096,0.010204
2260.262009,0.010204
2257.641921,0.010204
2255.021834,0.010204
2252.401747,0.010204
2249.781659,0.010204
2247.161572,0.010204
2244.541485,0.010204
2241.921397,0.010204
2239.301310,0.010204
2236.681223,0.010204
2234.061135,0.010204
2231.441048,0.010204
2228.820961,0.010204
2226.200873,0.010204
2223.580786,0.010204
2220.960699,0.010204
2218.340611,0.010204
2215.720524,0.010204
2213.100437,0.010204
2210.480349,0.010204
2207.860262,0.010204
2205.240175,0.010204
2202.620087,0.010204
2200.000000,0.010204
2197.379913,0.010204
2194.759825,0.010204
2192.139738,0.010204
2189.519651,0.010204
2186.899563,0.010204
2184.279476,0.010204
2181.659389,0.010204
2179.039301,0.010204
2176.419214,0.010204
2173.799127,0.010204
2171.179039,0.010204
2168.558952,0.010204
2165.938865,0.010204
2163.318777,0.010204
2160.698690,0.010204
2158.078603,0.010204
2155.458515,0.010204
2152.838428,0.012245
2150.218341,0.012245
2147.598253,0.012245
2144.978166,0.012245
2142.358079,0.012245
2139.737991,0.012245
2137.117904,0.012245
2134.497817,0.012245
2131.877729,0.012245
2129.257642,0.012245
2126.637555,0.012245
2124.017467,0.012245
2121.397380,0.012245
2118.777293,0.012245
2116.157205,0.012245
2113.537118,0.012245
2110.917031,0.012245
2108.296943,0.012245
2105.676856,0.012245
2103.056769,0.012245
2100.436681,0.012245
2097.816594,0.012245
2095.196507,0.012245
2092.576419,0.012245
2089.956332,0.012245
2087.336245,0.012245
2084.716157,0.012245
2082.096070,0.012245
2079.475983,0.014286
2076.855895,0.014286
2074.235808,0.014286
2071.615721,0.014286
2068.995633,0.014286
2066.375546,0.014286
2063.755459,0.014286
2061.135371,0.014286
2058.515284,0.014286
2055.895197,0.014286
2053.275109,0.014286
2050.655022,0.014286
2048.034934,0.014286
2045.414847,0.014286
2042.794760,0.014286
2040.174672,0.014286
2037.554585,0.012245
2034.934498,0.012245
2032.314410,0.012245
2029.694323,0.012245
2027.074236,0.012245
2024.454148,0.012245
2021.834061,0.012245
2019.213974,0.012245
2016.593886,0.012245
2013.973799,0.012245
2011.353712,0.012245
2008.733624,0.012245
2006.113537,0.012245
2003.493450,0.014286
2000.873362,0.014286
1998.253275,0.014286
1995.633188,0.014286
1993.013100,0.014286
1990.393013,0.014286
1987.772926,0.014286
1985.152838,0.014286
1982.532751,0.014286
1979.912664,0.016327
1977.292576,0.016327
1974.672489,0.016327
1972.052402,0.016327
1969.432314,0.018367
1966.812227,0.018367
1964.192140,0.018367
1961.572052,0.018367
1958.951965,0.020408
1956.331878,0.020408
1953.711790,0.020408
1951.091703,0.020408
1948.471616,0.020408
1945.851528,0.022449
1943.231441,0.022449
1940.611354,0.020408
1937.991266,0.020408
1935.371179,0.020408
1932.751092,0.018367
1930.131004,0.018367
1927.510917,0.018367
1924.890830,0.018367
1922.270742,0.018367
1919.650655,0.016327
1917.030568,0.016327
1914.410480,0.016327
1911.790393,0.016327
1909.170306,0.016327
1906.550218,0.016327
1903.930131,0.014286
1901.310044,0.014286
1898.689956,0.014286
1896.069869,0.014286
1893.449782,0.014286
1890.829694,0.014286
1888.209607,0.014286
1885.589520,0.014286
1882.969432,0.014286
1880.349345,0.014286
1877.729258,0.014286
1875.109170,0.014286
1872.489083,0.014286
1869.868996,0.014286
1867.248908,0.014286
1864.628821,0.014286
1862.008734,0.014286
1859.388646,0.014286
1856.768559,0.014286
1854.148472,0.014286
1851.528384,0.014286
1848.908297,0.014286
1846.288210,0.014286
1843.668122,0.014286
1841.048035,0.014286
1838.427948,0.014286
1835.807860,0.014286
1833.187773,0.014286
1830.567686,0.014286
1827.947598,0.014286
1825.327511,0.014286
1822.707424,0.014286
1820.087336,0.016327
1817.467249,0.016327
1814.847162,0.016327
1812.227074,0.016327
1809.606987,0.016327
1806.986900,0.018367
1804.366812,0.018367
1801.746725,0.018367
1799.126638,0.018367
1796.506550,0.018367
1793.886463,0.018367
1791.266376,0.018367
1788.646288,0.020408
1786.026201,0.020408
1783.406114,0.020408
1780.786026,0.020408
1778.165939,0.022449
1775.545852,0.022449
1772.925764,0.022449
1770.305677,0.022449
1767.685590,0.022449
1765.065502,0.024490
1762.445415,0.024490
1759.825328,0.026531
1757.205240,0.030612
1754.585153,0.034694
1751.965066,0.040816
1749.344978,0.044898
1746.724891,0.048980
1744.104803,0.051020
1741.484716,0.053061
1738.864629,0.053061
1736.244541,0.051020
1733.624454,0.048980
1731.004367,0.044898
1728.384279,0.038776
1725.764192,0.034694
1723.144105,0.032653
1720.524017,0.030612
1717.903930,0.028571
1715.283843,0.026531
1712.663755,0.024490
1710.043668,0.026531
1707.423581,0.024490
1704.803493,0.024490
1702.183406,0.024490
1699.563319,0.022449
1696.943231,0.022449
1694.323144,0.022449
1691.703057,0.024490
1689.082969,0.024490
1686.462882,0.024490
1683.842795,0.024490
1681.222707,0.024490
1678.602620,0.024490
1675.982533,0.024490
1673.362445,0.024490
1670.742358,0.024490
1668.122271,0.024490
1665.502183,0.026531
1662.882096,0.026531
1660.262009,0.026531
1657.641921,0.028571
1655.021834,0.026531
1652.401747,0.026531
1649.781659,0.026531
1647.161572,0.026531
1644.541485,0.028571
1641.921397,0.028571
1639.301310,0.028571
1636.681223,0.028571
1634.061135,0.028571
1631.441048,0.028571
1628.820961,0.030612
1626.200873,0.030612
1623.580786,0.030612
1620.960699,0.030612
1618.340611,0.030612
1615.720524,0.030612
1613.100437,0.032653
1610.480349,0.032653
1607.860262,0.032653
1605.240175,0.032653
1602.620087,0.032653
1600.000000,0.032653
1597.379913,0.032653
1594.759825,0.032653
1592.139738,0.032653
1589.519651,0.032653
1586.899563,0.032653
1584.279476,0.030612
1581.659389,0.030612
1579.039301,0.030612
1576.419214,0.028571
1573.799127,0.028571
1571.179039,0.028571
1568.558952,0.026531
1565.938865,0.026531
1563.318777,0.026531
1560.698690,0.026531
1558.078603,0.024490
1555.458515,0.024490
1552.838428,0.024490
1550.218341,0.024490
1547.598253,0.024490
1544.978166,0.024490
1542.358079,0.024490
1539.737991,0.022449
1537.117904,0.024490
1534.497817,0.024490
1531.877729,0.024490
1529.257642,0.024490
1526.637555,0.024490
1524.017467,0.022449
1521.397380,0.022449
1518.777293,0.022449
1516.157205,0.022449
1513.537118,0.022449
1510.917031,0.022449
1508.296943,0.022449
1505.676856,0.020408
1503.056769,0.022449
1500.436681,0.022449
1497.816594,0.022449
1495.196507,0.024490
1492.576419,0.024490
1489.956332,0.024490
1487.336245,0.024490
1484.716157,0.026531
1482.096070,0.026531
1479.475983,0.026531
1476.855895,0.026531
1474.235808,0.026531
1471.615721,0.024490
1468.995633,0.026531
1466.375546,0.026531
1463.755459,0.028571
1461.135371,0.030612
1458.515284,0.030612
1455.895197,0.036735
1453.275109,0.040816
1450.655022,0.044898
1448.034934,0.048980
1445.414847,0.051020
1442.794760,0.051020
1440.174672,0.048980
1437.554585,0.046939
1434.934498,0.042857
1432.314410,0.042857
1429.694323,0.046939
1427.074236,0.051020
1424.454148,0.057143
1421.834061,0.069388
1419.213974,0.081633
1416.593886,0.091837
1413.973799,0.095918
1411.353712,0.097959
1408.733624,0.095918
1406.113537,0.091837
1403.493450,0.087755
1400.873362,0.083673
1398.253275,0.081633
1395.633188,0.079592
1393.013100,0.071429
1390.393013,0.061224
1387.772926,0.051020
1385.152838,0.044898
1382.532751,0.040816
1379.912664,0.040816
1377.292576,0.040816
1374.672489,0.046939
1372.052402,0.048980
1369.432314,0.048980
1366.812227,0.046939
1364.192140,0.040816
1361.572052,0.036735
1358.951965,0.032653
1356.331878,0.030612
1353.711790,0.028571
1351.091703,0.028571
1348.471616,0.028571
1345.851528,0.028571
1343.231441,0.028571
1340.611354,0.026531
1337.991266,0.026531
1335.371179,0.026531
1332.751092,0.026531
1330.131004,0.026531
1327.510917,0.026531
1324.890830,0.026531
1322.270742,0.028571
1319.650655,0.028571
1317.030568,0.030612
1314.410480,0.030612
1311.790393,0.032653
1309.170306,0.034694
1306.550218,0.036735
1303.930131,0.038776
1301.310044,0.042857
1298.689956,0.044898
1296.069869,0.051020
1293.449782,0.055102
1290.829694,0.063265
1288.209607,0.071429
1285.589520,0.083673
1282.969432,0.102041
1280.349345,0.130612
1277.729258,0.171429
1275.109170,0.234694
1272.489083,0.346939
1269.868996,0.526531
1267.248908,0.728571
1264.628821,0.863265
1262.008734,0.902041
1259.388646,0.902041
1256.768559,0.897959
1254.148472,0.804082
1251.528384,0.602041
1248.908297,0.400000
1246.288210,0.273469
1243.668122,0.197959
1241.048035,0.146939
1238.427948,0.116327
1235.807860,0.100000
1233.187773,0.087755
1230.567686,0.081633
1227.947598,0.079592
1225.327511,0.075510
1222.707424,0.071429
1220.087336,0.067347
1217.467249,0.061224
1214.847162,0.055102
1212.227074,0.048980
1209.606987,0.046939
1206.986900,0.044898
1204.366812,0.044898
1201.746725,0.044898
1199.126638,0.044898
1196.506550,0.046939
1193.886463,0.048980
1191.266376,0.055102
1188.646288,0.057143
1186.026201,0.059184
1183.406114,0.063265
1180.786026,0.067347
1178.165939,0.073469
1175.545852,0.079592
1172.925764,0.087755
1170.305677,0.093878
1167.685590,0.102041
1165.065502,0.110204
1162.445415,0.120408
1159.825328,0.130612
1157.205240,0.140816
1154.585153,0.155102
1151.965066,0.171429
1149.344978,0.185714
1146.724891,0.202041
1144.104803,0.220408
1141.484716,0.242857
1138.864629,0.269388
1136.244541,0.302041
1133.624454,0.336735
1131.004367,0.377551
1128.384279,0.426531
1125.764192,0.477551
1123.144105,0.530612
1120.524017,0.589796
1117.903930,0.644898
1115.283843,0.691837
1112.663755,0.736735
1110.043668,0.775510
1107.423581,0.808163
1104.803493,0.836735
1102.183406,0.855102
1099.563319,0.869388
1096.943231,0.873469
1094.323144,0.875510
1091.703057,0.877551
1089.082969,0.877551
1086.462882,0.875510
1083.842795,0.869388
1081.222707,0.861224
1078.602620,0.853061
1075.982533,0.838776
1073.362445,0.824490
1070.742358,0.816327
1068.122271,0.806122
1065.502183,0.797959
1062.882096,0.791837
1060.262009,0.789796
1057.641921,0.791837
1055.021834,0.791837
1052.401747,0.795918
1049.781659,0.804082
1047.161572,0.816327
1044.541485,0.822449
1041.921397,0.836735
1039.301310,0.848980
1036.681223,0.863265
1034.061135,0.879592
1031.441048,0.891837
1028.820961,0.906122
1026.200873,0.918367
1023.580786,0.926531
1020.960699,0.930612
1018.340611,0.930612
1015.720524,0.926531
1013.100437,0.916327
1010.480349,0.877551
1007.860262,0.812245
1005.240175,0.720408
1002.620087,0.622449
1000.000000,0.528571
997.379913,0.442857
994.759825,0.375510
992.139738,0.320408
989.519651,0.273469
986.899563,0.238776
984.279476,0.210204
981.659389,0.183673
979.039301,0.165306
976.419214,0.148980
973.799127,0.134694
971.179039,0.124490
968.558952,0.114286
965.938865,0.106122
963.318777,0.097959
960.698690,0.089796
958.078603,0.085714
955.458515,0.081633
952.838428,0.079592
950.218341,0.077551
947.598253,0.077551
944.978166,0.075510
942.358079,0.073469
939.737991,0.071429
937.117904,0.069388
934.497817,0.065306
931.877729,0.061224
929.257642,0.057143
926.637555,0.055102
924.017467,0.053061
921.397380,0.053061
918.777293,0.053061
916.157205,0.053061
913.537118,0.055102
910.917031,0.057143
908.296943,0.061224
905.676856,0.063265
903.056769,0.067347
900.436681,0.073469
897.816594,0.079592
895.196507,0.087755
892.576419,0.097959
889.956332,0.110204
887.336245,0.126531
884.716157,0.148980
882.096070,0.171429
879.475983,0.193878
876.855895,0.212245
874.235808,0.224490
871.615721,0.234694
868.995633,0.242857
866.375546,0.246939
863.755459,0.246939
861.135371,0.244898
858.515284,0.238776
855.895197,0.220408
853.275109,0.204082
850.655022,0.189796
848.034934,0.179592
845.414847,0.187755
842.794760,0.204082
840.174672,0.226531
837.554585,0.259184
834.934498,0.308163
832.314410,0.373469
829.694323,0.461224
827.074236,0.569388
824.454148,0.661224
821.834061,0.728571
819.213974,0.775510
816.593886,0.806122
813.973799,0.848980
811.353712,0.887755
808.733624,0.926531
806.113537,0.963265
803.493450,0.985714
800.873362,1.000000
798.253275,1.000000
795.633188,0.995918
793.013100,0.989796
790.393013,0.951020
787.772926,0.851020
785.152838,0.726531
782.532751,0.587755
779.912664,0.457143
777.292576,0.361224
774.672489,0.287755
772.052402,0.230612
769.432314,0.195918
766.812227,0.167347
764.192140,0.146939
761.572052,0.132653
758.951965,0.120408
756.331878,0.110204
753.711790,0.102041
751.091703,0.095918
748.471616,0.091837
745.851528,0.087755
743.231441,0.085714
740.611354,0.083673
737.991266,0.081633
735.371179,0.077551
732.751092,0.073469
730.131004,0.071429
727.510917,0.069388
724.890830,0.069388
722.270742,0.069388
719.650655,0.073469
717.030568,0.081633
714.410480,0.097959
711.790393,0.118367
709.170306,0.136735
706.550218,0.146939
703.930131,0.146939
701.310044,0.146939
698.689956,0.146939
696.069869,0.142857
693.449782,0.138776
690.829694,0.132653
688.209607,0.134694
685.589520,0.136735
682.969432,0.134694
680.349345,0.128571
677.729258,0.120408
675.109170,0.114286
672.489083,0.110204
669.868996,0.108163
667.248908,0.112245
664.628821,0.118367
662.008734,0.120408
659.388646,0.118367
656.768559,0.108163
654.148472,0.077551
651.528384,0.053061
648.908297,0.044898
646.288210,0.040816
643.668122,0.042857
641.048035,0.042857
638.427948,0.042857
635.807860,0.042857
633.187773,0.046939
630.567686,0.046939
627.947598,0.046939
625.327511,0.044898
622.707424,0.046939
620.087336,0.044898
617.467249,0.044898
614.847162,0.046939
612.227074,0.046939
609.606987,0.044898
606.986900,0.044898
604.366812,0.046939
601.746725,0.044898
599.126638,0.046939
596.506550,0.044898
593.886463,0.044898
591.266376,0.042857
588.646288,0.038776
586.026201,0.034694
583.406114,0.030612
580.786026,0.026531
578.165939,0.020408
575.545852,0.016327
572.925764,0.012245
570.305677,0.010204
567.685590,0.006122
565.065502,0.006122
562.445415,0.004082
559.825328,0.004082
557.205240,0.004082
554.585153,0.002041
551.965066,0.002041
549.344978,0.002041
546.724891,0.002041
544.104803,0.002041
541.484716,0.002041
538.864629,0.002041
536.244541,0.002041
533.624454,0.002041
531.004367,0.002041
528.384279,0.002041
525.764192,0.002041
523.144105,0.002041
520.524017,0.002041
517.903930,0.002041
515.283843,0.002041
512.663755,0.002041
510.043668,0.002041
507.423581,0.002041
504.803493,0.002041
502.183406,0.002041
499.563319,0.002041
496.943231,0.002041
494.323144,0.002041
491.703057,0.002041
489.082969,0.002041
486.462882,0.002041
483.842795,0.002041
481.222707,0.002041
478.602620,0.002041
475.982533,0.002041
473.362445,0.002041
470.742358,0.002041
468.122271,0.002041
465.502183,0.002041
462.882096,0.002041
460.262009,0.002041
457.641921,0.002041
455.021834,0.002041
452.401747,0.002041
449.781659,0.002041
447.161572,nan
444.541485,nan
441.921397,nan
439.301310,nan
436.681223,nan
434.061135,nan
431.441048,nan
428.820961,nan
426.200873,nan
423.580786,nan
420.960699,nan
418.340611,nan
415.720524,nan
413.100437,nan
410.480349,nan
407.860262,nan
405.240175,nan
402.620087,nan
400.000000,nan
