4000.000000,0.012245
3997.379913,0.012245
3994.759825,0.012245
3992.139738,0.014286
3989.519651,0.012245
3986.899563,0.012245
3984.279476,0.012245
3981.659389,0.012245
3979.039301,0.012245
3976.419214,0.012245
3973.799127,0.012245
3971.179039,0.012245
3968.558952,0.012245
3965.938865,0.012245
3963.318777,0.012245
3960.698690,0.012245
3958.078603,0.012245
3955.458515,0.012245
3952.838428,0.012245
3950.218341,0.012245
3947.598253,0.012245
3944.978166,0.010204
3942.358079,0.012245
3939.737991,0.012245
3937.117904,0.012245
3934.497817,0.010204
3931.877729,0.012245
3929.257642,0.012245
3926.637555,0.010204
3924.017467,0.010204
3921.397380,0.010204
3918.777293,0.012245
3916.157205,0.012245
3913.537118,0.010204
3910.917031,0.010204
3908.296943,0.010204
3905.676856,0.012245
3903.056769,0.012245
3900.436681,0.012245
3897.816594,0.010204
3895.196507,0.008163
3892.576419,0.010204
3889.956332,0.012245
3887.336245,0.010204
3884.716157,0.010204
3882.096070,0.010204
3879.475983,0.008163
3876.855895,0.008163
3874.235808,0.010204
3871.615721,0.010204
3868.995633,0.010204
3866.375546,0.010204
3863.755459,0.008163
3861.135371,0.008163
3858.515284,0.008163
3855.895197,0.012245
3853.275109,0.014286
3850.655022,0.014286
3848.034934,0.010204
3845.414847,0.010204
3842.794760,0.010204
3840.174672,0.012245
3837.554585,0.012245
3834.934498,0.012245
3832.314410,0.010204
3829.694323,0.008163
3827.074236,0.010204
3824.454148,0.010204
3821.834061,0.012245
3819.213974,0.012245
3816.593886,0.010204
3813.973799,0.010204
3811.353712,0.008163
3808.733624,0.010204
3806.113537,0.012245
3803.493450,0.012245
3800.873362,0.010204
3798.253275,0.010204
3795.633188,0.010204
3793.013100,0.010204
3790.393013,0.012245
3787.772926,0.014286
3785.152838,0.014286
3782.532751,0.014286
3779.912664,0.014286
3777.292576,0.014286
3774.672489,0.014286
3772.052402,0.016327
3769.432314,0.016327
3766.812227,0.016327
3764.192140,0.016327
3761.572052,0.014286
3758.951965,0.016327
3756.331878,0.016327
3753.711790,0.014286
3751.091703,0.016327
3748.471616,0.016327
3745.851528,0.014286
3743.231441,0.012245
3740.611354,0.012245
3737.991266,0.012245
3735.371179,0.012245
3732.751092,0.012245
3730.131004,0.010204
3727.510917,0.012245
3724.890830,0.014286
3722.270742,0.014286
3719.650655,0.014286
3717.030568,0.014286
3714.410480,0.016327
3711.790393,0.016327
3709.170306,0.016327
3706.550218,0.014286
3703.930131,0.014286
3701.310044,0.016327
3698.689956,0.016327
3696.069869,0.016327
3693.449782,0.016327
3690.829694,0.016327
3688.209607,0.016327
3685.589520,0.014286
3682.969432,0.012245
3680.349345,0.014286
3677.729258,0.014286
3675.109170,0.016327
3672.489083,0.014286
3669.868996,0.012245
3667.248908,0.010204
3664.628821,0.012245
3662.008734,0.014286
3659.388646,0.014286
3656.768559,0.014286
3654.148472,0.016327
3651.528384,0.016327
3648.908297,0.016327
3646.288210,0.016327
3643.668122,0.014286
3641.048035,0.014286
3638.427948,0.016327
3635.807860,0.018367
3633.187773,0.018367
3630.567686,0.018367
3627.947598,0.018367
3625.327511,0.018367
3622.707424,0.014286
3620.087336,0.016327
3617.467249,0.018367
3614.847162,0.016327
3612.227074,0.016327
3609.606987,0.018367
3606.986900,0.018367
3604.366812,0.018367
3601.746725,0.018367
3599.126638,0.018367
3596.506550,0.018367
3593.886463,0.020408
3591.266376,0.020408
3588.646288,0.020408
3586.026201,0.020408
3583.406114,0.018367
3580.786026,0.018367
3578.165939,0.020408
3575.545852,0.020408
3572.925764,0.020408
3570.305677,0.020408
3567.685590,0.022449
3565.065502,0.022449
3562.445415,0.020408
3559.825328,0.020408
3557.205240,0.022449
3554.585153,0.022449
3551.965066,0.022449
3549.344978,0.022449
3546.724891,0.022449
3544.104803,0.022449
3541.484716,0.022449
3538.864629,0.022449
3536.244541,0.024490
3533.624454,0.024490
3531.004367,0.024490
3528.384279,0.024490
3525.764192,0.024490
3523.144105,0.024490
3520.524017,0.024490
3517.903930,0.026531
3515.283843,0.026531
3512.663755,0.026531
3510.043668,0.026531
3507.423581,0.026531
3504.803493,0.026531
3502.183406,0.026531
3499.563319,0.026531
3496.943231,0.026531
3494.323144,0.026531
3491.703057,0.026531
3489.082969,0.028571
3486.462882,0.030612
3483.842795,0.028571
3481.222707,0.028571
3478.602620,0.028571
3475.982533,0.030612
3473.362445,0.030612
3470.742358,0.030612
3468.122271,0.028571
3465.502183,0.030612
3462.882096,0.030612
3460.262009,0.030612
3457.641921,0.030612
3455.021834,0.030612
3452.401747,0.032653
3449.781659,0.032653
3447.161572,0.032653
3444.541485,0.032653
3441.921397,0.032653
3439.301310,0.032653
3436.681223,0.032653
3434.061135,0.032653
3431.441048,0.032653
3428.820961,0.032653
3426.200873,0.032653
3423.580786,0.032653
3420.960699,0.034694
3418.340611,0.034694
3415.720524,0.034694
3413.100437,0.034694
3410.480349,0.034694
3407.860262,0.034694
3405.240175,0.034694
3402.620087,0.034694
3400.000000,0.034694
3397.379913,0.034694
3394.759825,0.034694
3392.139738,0.034694
3389.519651,0.034694
3386.899563,0.034694
3384.279476,0.034694
3381.659389,0.034694
3379.039301,0.034694
3376.419214,0.034694
3373.799127,0.034694
3371.179039,0.034694
3368.558952,0.034694
3365.938865,0.034694
3363.318777,0.034694
3360.698690,0.034694
3358.078603,0.034694
3355.458515,0.034694
3352.838428,0.034694
3350.218341,0.034694
3347.598253,0.034694
3344.978166,0.034694
3342.358079,0.034694
3339.737991,0.034694
3337.117904,0.034694
3334.497817,0.034694
3331.877729,0.034694
3329.257642,0.034694
3326.637555,0.034694
3324.017467,0.034694
3321.397380,0.032653
3318.777293,0.034694
3316.157205,0.034694
3313.537118,0.034694
3310.917031,0.034694
3308.296943,0.032653
3305.676856,0.032653
3303.056769,0.032653
3300.436681,0.032653
3297.816594,0.032653
3295.196507,0.032653
3292.576419,0.032653
3289.956332,0.032653
3287.336245,0.032653
3284.716157,0.032653
3282.096070,0.034694
3279.475983,0.032653
3276.855895,0.032653
3274.235808,0.032653
3271.615721,0.032653
3268.995633,0.032653
3266.375546,0.032653
3263.755459,0.032653
3261.135371,0.032653
3258.515284,0.032653
3255.895197,0.032653
3253.275109,0.032653
3250.655022,0.032653
3248.034934,0.032653
3245.414847,0.032653
3242.794760,0.032653
3240.174672,0.032653
3237.554585,0.032653
3234.934498,0.032653
3232.314410,0.032653
3229.694323,0.032653
3227.074236,0.032653
3224.454148,0.032653
3221.834061,0.032653
3219.213974,0.032653
3216.593886,0.032653
3213.973799,0.032653
3211.353712,0.032653
3208.733624,0.030612
3206.113537,0.032653
3203.493450,0.032653
3200.873362,0.032653
3198.253275,0.030612
3195.633188,0.032653
3193.013100,0.032653
3190.393013,0.032653
3187.772926,0.032653
3185.152838,0.032653
3182.532751,0.032653
3179.912664,0.032653
3177.292576,0.032653
3174.672489,0.032653
3172.052402,0.032653
3169.432314,0.032653
3166.812227,0.032653
3164.192140,0.032653
3161.572052,0.032653
3158.951965,0.032653
3156.331878,0.032653
3153.711790,0.032653
3151.091703,0.032653
3148.471616,0.032653
3145.851528,0.032653
3143.231441,0.032653
3140.611354,0.032653
3137.991266,0.034694
3135.371179,0.034694
3132.751092,0.034694
3130.131004,0.034694
3127.510917,0.034694
3124.890830,0.036735
3122.270742,0.036735
3119.650655,0.036735
3117.030568,0.034694
3114.410480,0.034694
3111.790393,0.036735
3109.170306,0.036735
3106.550218,0.036735
3103.930131,0.036735
3101.310044,0.036735
3098.689956,0.036735
3096.069869,0.036735
3093.449782,0.036735
3090.829694,0.036735
3088.209607,0.034694
3085.589520,0.034694
3082.969432,0.034694
3080.349345,0.034694
3077.729258,0.034694
3075.109170,0.034694
3072.489083,0.034694
3069.868996,0.034694
3067.248908,0.034694
3064.628821,0.034694
3062.008734,0.034694
3059.388646,0.034694
3056.768559,0.034694
3054.148472,0.034694
3051.528384,0.036735
3048.908297,0.036735
3046.288210,0.036735
3043.668122,0.036735
3041.048035,0.036735
3038.427948,0.034694
3035.807860,0.034694
3033.187773,0.036735
3030.567686,0.036735
3027.947598,0.036735
3025.327511,0.036735
3022.707424,0.036735
3020.087336,0.036735
3017.467249,0.038776
3014.847162,0.038776
3012.227074,0.038776
3009.606987,0.040816
3006.986900,0.042857
3004.366812,0.044898
3001.746725,0.046939
2999.126638,0.048980
2996.506550,0.053061
2993.886463,0.057143
2991.266376,0.063265
2988.646288,0.069388
2986.026201,0.081633
2983.406114,0.095918
2980.786026,0.114286
2978.165939,0.142857
2975.545852,0.183673
2972.925764,0.238776
2970.305677,0.306122
2967.685590,0.381633
2965.065502,0.432653
2962.445415,0.446939
2959.825328,0.446939
2957.205240,0.440816
2954.585153,0.391837
2951.965066,0.322449
2949.344978,0.253061
2946.724891,0.200000
2944.104803,0.165306
2941.484716,0.142857
2938.864629,0.128571
2936.244541,0.118367
2933.624454,0.112245
2931.004367,0.108163
2928.384279,0.104082
2925.764192,0.102041
2923.144105,0.100000
2920.524017,0.097959
2917.903930,0.095918
2915.283843,0.095918
2912.663755,0.100000
2910.043668,0.108163
2907.423581,0.114286
2904.803493,0.114286
2902.183406,0.114286
2899.563319,0.114286
2896.943231,0.108163
2894.323144,0.100000
2891.703057,0.091837
2889.082969,0.087755
2886.462882,0.081633
2883.842795,0.077551
2881.222707,0.075510
2878.602620,0.075510
2875.982533,0.073469
2873.362445,0.073469
2870.742358,0.071429
2868.122271,0.069388
2865.502183,0.069388
2862.882096,0.069388
2860.262009,0.069388
2857.641921,0.067347
2855.021834,0.067347
2852.401747,0.067347
2849.781659,0.065306
2847.161572,0.061224
2844.541485,0.059184
2841.921397,0.057143
2839.301310,0.055102
2836.681223,0.057143
2834.061135,0.057143
2831.441048,0.057143
2828.820961,0.055102
2826.200873,0.051020
2823.580786,0.046939
2820.960699,0.044898
2818.340611,0.042857
2815.720524,0.042857
2813.100437,0.042857
2810.480349,0.042857
2807.860262,0.040816
2805.240175,0.040816
2802.620087,0.040816
2800.000000,0.038776
2797.379913,0.038776
2794.759825,0.036735
2792.139738,0.036735
2789.519651,0.034694
2786.899563,0.032653
2784.279476,0.032653
2781.659389,0.030612
2779.039301,0.028571
2776.419214,0.026531
2773.799127,0.024490
2771.179039,0.024490
2768.558952,0.024490
2765.938865,0.022449
2763.318777,0.022449
2760.698690,0.020408
2758.078603,0.020408
2755.458515,0.020408
2752.838428,0.020408
2750.218341,0.020408
2747.598253,0.020408
2744.978166,0.020408
2742.358079,0.020408
2739.737991,0.020408
2737.117904,0.020408
2734.497817,0.018367
2731.877729,0.018367
2729.257642,0.018367
2726.637555,0.018367
2724.017467,0.018367
2721.397380,0.016327
2718.777293,0.018367
2716.157205,0.018367
2713.537118,0.016327
2710.917031,0.016327
2708.296943,0.016327
2705.676856,0.018367
2703.056769,0.018367
2700.436681,0.016327
2697.816594,0.016327
2695.196507,0.016327
2692.576419,0.016327
2689.956332,0.016327
2687.336245,0.016327
2684.716157,0.016327
2682.096070,0.016327
2679.475983,0.016327
2676.855895,0.016327
2674.235808,0.016327
2671.615721,0.016327
2668.995633,0.016327
2666.375546,0.016327
2663.755459,0.016327
2661.135371,0.016327
2658.515284,0.016327
2655.895197,0.016327
2653.275109,0.016327
2650.655022,0.016327
2648.034934,0.014286
2645.414847,0.014286
2642.794760,0.014286
2640.174672,0.014286
2637.554585,0.014286
2634.934498,0.014286
2632.314410,0.014286
2629.694323,0.014286
2627.074236,0.014286
2624.454148,0.014286
2621.834061,0.014286
2619.213974,0.012245
2616.593886,0.012245
2613.973799,0.014286
2611.353712,0.014286
2608.733624,0.014286
2606.113537,0.012245
2603.493450,0.012245
2600.873362,0.014286
2598.253275,0.014286
2595.633188,0.012245
2593.013100,0.012245
2590.393013,0.012245
2587.772926,0.012245
2585.152838,0.012245
2582.532751,0.012245
2579.912664,0.012245
2577.292576,0.012245
2574.672489,0.012245
2572.052402,0.012245
2569.432314,0.012245
2566.812227,0.012245
2564.192140,0.012245
2561.572052,0.012245
2558.951965,0.012245
2556.331878,0.012245
2553.711790,0.012245
2551.091703,0.012245
2548.471616,0.012245
2545.851528,0.012245
2543.231441,0.012245
2540.611354,0.012245
2537.991266,0.012245
2535.371179,0.012245
2532.751092,0.012245
2530.131004,0.012245
2527.510917,0.012245
2524.890830,0.010204
2522.270742,0.010204
2519.650655,0.012245
2517.030568,0.012245
2514.410480,0.012245
2511.790393,0.012245
2509.170306,0.012245
2506.550218,0.012245
2503.930131,0.012245
2501.310044,0.014286
2498.689956,0.014286
2496.069869,0.014286
2493.449782,0.014286
2490.829694,0.014286
2488.209607,0.014286
2485.589520,0.012245
2482.969432,0.012245
2480.349345,0.012245
2477.729258,0.012245
2475.109170,0.012245
2472.489083,0.012245
2469.868996,0.012245
2467.248908,0.012245
2464.628821,0.012245
2462.008734,0.012245
2459.388646,0.012245
2456.768559,0.012245
2454.148472,0.012245
2451.528384,0.012245
2448.908297,0.012245
2446.288210,0.012245
2443.668122,0.012245
2441.048035,0.012245
2438.427948,0.012245
2435.807860,0.012245
2433.187773,0.012245
2430.567686,0.012245
2427.947598,0.012245
2425.327511,0.012245
2422.707424,0.012245
2420.087336,0.012245
2417.467249,0.012245
2414.847162,0.012245
2412.227074,0.012245
2409.606987,0.012245
2406.986900,0.012245
2404.366812,0.012245
2401.746725,0.012245
2399.126638,0.012245
2396.506550,0.012245
2393.886463,0.012245
2391.266376,0.012245
2388.646288,0.012245
2386.026201,0.012245
2383.406114,0.012245
2380.786026,0.012245
2378.165939,0.012245
2375.545852,0.010204
2372.925764,0.010204
2370.305677,0.008163
2367.685590,0.006122
2365.065502,0.006122
2362.445415,0.004082
2359.825328,0.004082
2357.205240,0.002041
2354.585153,0.004082
2351.965066,0.004082
2349.344978,0.006122
2346.724891,0.008163
2344.104803,0.008163
2341.484716,0.008163
2338.864629,0.006122
2336.244541,0.006122
2333.624454,0.006122
2331.004367,0.006122
2328.384279,0.006122
2325.764192,0.006122
2323.144105,0.006122
2320.524017,0.006122
2317.903930,0.008163
2315.283843,0.008163
2312.663755,0.008163
2310.043668,0.010204
2307.423581,0.010204
2304.803493,0.010204
2302.183406,0.010204
2299.563319,0.012245
2296.943231,0.012245
2294.323144,0.012245
2291.703057,0.012245
2289.082969,0.012245
2286.462882,0.012245
2283.842795,0.012245
2281.222707,0.012245
2278.602620,0.012245
2275.982533,0.012245
2273.362445,0.012245
2270.742358,0.012245
2268.122271,0.012245
2265.502183,0.012245
2262.882096,0.012245
2260.262009,0.012245
2257.641921,0.012245
2255.021834,0.012245
2252.401747,0.012245
2249.781659,0.012245
2247.161572,0.012245
2244.541485,0.012245
2241.921397,0.012245
2239.301310,0.012245
2236.681223,0.012245
2234.061135,0.012245
2231.441048,0.012245
2228.820961,0.012245
2226.200873,0.012245
2223.580786,0.012245
2220.960699,0.012245
2218.340611,0.012245
2215.720524,0.012245
2213.100437,0.012245
2210.480349,0.012245
2207.860262,0.012245
2205.240175,0.012245
2202.620087,0.012245
2200.000000,0.012245
2197.379913,0.012245
2194.759825,0.012245
2192.139738,0.012245
2189.519651,0.014286
2186.899563,0.014286
2184.279476,0.012245
2181.659389,0.012245
2179.039301,0.012245
2176.419214,0.012245
2173.799127,0.014286
2171.179039,0.014286
2168.558952,0.014286
2165.938865,0.014286
2163.318777,0.014286
2160.698690,0.014286
2158.078603,0.014286
2155.458515,0.014286
2152.838428,0.014286
2150.218341,0.014286
2147.598253,0.014286
2144.978166,0.014286
2142.358079,0.014286
2139.737991,0.014286
2137.117904,0.014286
2134.497817,0.014286
2131.877729,0.014286
2129.257642,0.014286
2126.637555,0.014286
2124.017467,0.014286
2121.397380,0.014286
2118.777293,0.014286
2116.157205,0.014286
2113.537118,0.014286
2110.917031,0.014286
2108.296943,0.014286
2105.676856,0.014286
2103.056769,0.014286
2100.436681,0.014286
2097.816594,0.014286
2095.196507,0.014286
2092.576419,0.014286
2089.956332,0.014286
2087.336245,0.014286
2084.716157,0.014286
2082.096070,0.014286
2079.475983,0.016327
2076.855895,0.014286
2074.235808,0.014286
2071.615721,0.014286
2068.995633,0.016327
2066.375546,0.016327
2063.755459,0.016327
2061.135371,0.016327
2058.515284,0.016327
2055.895197,0.016327
2053.275109,0.016327
2050.655022,0.016327
2048.034934,0.016327
2045.414847,0.016327
2042.794760,0.016327
2040.174672,0.016327
2037.554585,0.014286
2034.934498,0.014286
2032.314410,0.014286
2029.694323,0.014286
2027.074236,0.014286
2024.454148,0.014286
2021.834061,0.014286
2019.213974,0.014286
2016.593886,0.014286
2013.973799,0.014286
2011.353712,0.014286
2008.733624,0.014286
2006.113537,0.014286
2003.493450,0.014286
2000.873362,0.016327
1998.253275,0.016327
1995.633188,0.016327
1993.013100,0.016327
1990.393013,0.016327
1987.772926,0.016327
1985.152838,0.016327
1982.532751,0.016327
1979.912664,0.016327
1977.292576,0.016327
1974.672489,0.018367
1972.052402,0.018367
1969.432314,0.018367
1966.812227,0.020408
1964.192140,0.020408
1961.572052,0.020408
1958.951965,0.020408
1956.331878,0.020408
1953.711790,0.022449
1951.091703,0.022449
1948.471616,0.022449
1945.851528,0.022449
1943.231441,0.022449
1940.611354,0.022449
1937.991266,0.020408
1935.371179,0.020408
1932.751092,0.020408
1930.131004,0.020408
1927.510917,0.018367
1924.890830,0.018367
1922.270742,0.018367
1919.650655,0.018367
1917.030568,0.018367
1914.410480,0.016327
1911.790393,0.016327
1909.170306,0.016327
1906.550218,0.016327
1903.930131,0.016327
1901.310044,0.016327
1898.689956,0.016327
1896.069869,0.016327
1893.449782,0.016327
1890.829694,0.014286
1888.209607,0.014286
1885.589520,0.014286
1882.969432,0.014286
1880.349345,0.014286
1877.729258,0.014286
1875.109170,0.014286
1872.489083,0.014286
1869.868996,0.014286
1867.248908,0.012245
1864.628821,0.012245
1862.008734,0.014286
1859.388646,0.014286
1856.768559,0.014286
1854.148472,0.014286
1851.528384,0.014286
1848.908297,0.014286
1846.288210,0.014286
1843.668122,0.014286
1841.048035,0.012245
1838.427948,0.014286
1835.807860,0.014286
1833.187773,0.014286
1830.567686,0.014286
1827.947598,0.014286
1825.327511,0.012245
1822.707424,0.014286
1820.087336,0.014286
1817.467249,0.016327
1814.847162,0.014286
1812.227074,0.016327
1809.606987,0.016327
1806.986900,0.016327
1804.366812,0.016327
1801.746725,0.016327
1799.126638,0.016327
1796.506550,0.016327
1793.886463,0.016327
1791.266376,0.016327
1788.646288,0.016327
1786.026201,0.016327
1783.406114,0.018367
1780.786026,0.018367
1778.165939,0.018367
1775.545852,0.018367
1772.925764,0.018367
1770.305677,0.018367
1767.685590,0.016327
1765.065502,0.018367
1762.445415,0.018367
1759.825328,0.018367
1757.205240,0.018367
1754.585153,0.018367
1751.965066,0.020408
1749.344978,0.020408
1746.724891,0.018367
1744.104803,0.020408
1741.484716,0.020408
1738.864629,0.020408
1736.244541,0.022449
1733.624454,0.022449
1731.004367,0.024490
1728.384279,0.028571
1725.764192,0.030612
1723.144105,0.030612
1720.524017,0.030612
1717.903930,0.030612
1715.283843,0.026531
1712.663755,0.020408
1710.043668,0.020408
1707.423581,0.022449
1704.803493,0.020408
1702.183406,0.020408
1699.563319,0.020408
1696.943231,0.018367
1694.323144,0.018367
1691.703057,0.020408
1689.082969,0.020408
1686.462882,0.022449
1683.842795,0.022449
1681.222707,0.020408
1678.602620,0.022449
1675.982533,0.024490
1673.362445,0.022449
1670.742358,0.024490
1668.122271,0.024490
1665.502183,0.026531
1662.882096,0.028571
1660.262009,0.026531
1657.641921,0.030612
1655.021834,0.030612
1652.401747,0.030612
1649.781659,0.028571
1647.161572,0.028571
1644.541485,0.028571
1641.921397,0.032653
1639.301310,0.032653
1636.681223,0.034694
1634.061135,0.032653
1631.441048,0.032653
1628.820961,0.034694
1626.200873,0.034694
1623.580786,0.034694
1620.960699,0.034694
1618.340611,0.034694
1615.720524,0.034694
1613.100437,0.034694
1610.480349,0.034694
1607.860262,0.034694
1605.240175,0.034694
1602.620087,0.034694
1600.000000,0.034694
1597.379913,0.034694
1594.759825,0.034694
1592.139738,0.032653
1589.519651,0.032653
1586.899563,0.032653
1584.279476,0.032653
1581.659389,0.030612
1579.039301,0.030612
1576.419214,0.030612
1573.799127,0.028571
1571.179039,0.028571
1568.558952,0.028571
1565.938865,0.026531
1563.318777,0.026531
1560.698690,0.028571
1558.078603,0.026531
1555.458515,0.020408
1552.838428,0.022449
1550.218341,0.024490
1547.598253,0.024490
1544.978166,0.024490
1542.358079,0.022449
1539.737991,0.020408
1537.117904,0.020408
1534.497817,0.022449
1531.877729,0.022449
1529.257642,0.022449
1526.637555,0.022449
1524.017467,0.022449
1521.397380,0.020408
1518.777293,0.018367
1516.157205,0.018367
1513.537118,0.020408
1510.917031,0.020408
1508.296943,0.020408
1505.676856,0.020408
1503.056769,0.022449
1500.436681,0.024490
1497.816594,0.024490
1495.196507,0.022449
1492.576419,0.024490
1489.956332,0.026531
1487.336245,0.026531
1484.716157,0.028571
1482.096070,0.030612
1479.475983,0.032653
1476.855895,0.032653
1474.235808,0.034694
1471.615721,0.034694
1468.995633,0.038776
1466.375546,0.040816
1463.755459,0.040816
1461.135371,0.044898
1458.515284,0.044898
1455.895197,0.046939
1453.275109,0.053061
1450.655022,0.057143
1448.034934,0.059184
1445.414847,0.059184
1442.794760,0.059184
1440.174672,0.059184
1437.554585,0.055102
1434.934498,0.051020
1432.314410,0.048980
1429.694323,0.051020
1427.074236,0.055102
1424.454148,0.063265
1421.834061,0.073469
1419.213974,0.085714
1416.593886,0.100000
1413.973799,0.106122
1411.353712,0.106122
1408.733624,0.106122
1406.113537,0.102041
1403.493450,0.097959
1400.873362,0.091837
1398.253275,0.091837
1395.633188,0.085714
1393.013100,0.077551
1390.393013,0.065306
1387.772926,0.055102
1385.152838,0.048980
1382.532751,0.042857
1379.912664,0.040816
1377.292576,0.038776
1374.672489,0.036735
1372.052402,0.034694
1369.432314,0.034694
1366.812227,0.034694
1364.192140,0.034694
1361.572052,0.032653
1358.951965,0.032653
1356.331878,0.034694
1353.711790,0.034694
1351.091703,0.034694
1348.471616,0.036735
1345.851528,0.036735
1343.231441,0.034694
1340.611354,0.032653
1337.991266,0.028571
1335.371179,0.028571
1332.751092,0.030612
1330.131004,0.030612
1327.510917,0.030612
1324.890830,0.032653
1322.270742,0.034694
1319.650655,0.034694
1317.030568,0.034694
1314.410480,0.036735
1311.790393,0.038776
1309.170306,0.040816
1306.550218,0.042857
1303.930131,0.044898
1301.310044,0.048980
1298.689956,0.053061
1296.069869,0.057143
1293.449782,0.059184
1290.829694,0.065306
1288.209607,0.071429
1285.589520,0.081633
1282.969432,0.095918
1280.349345,0.118367
1277.729258,0.153061
1275.109170,0.212245
1272.489083,0.324490
1269.868996,0.500000
1267.248908,0.704082
1264.628821,0.848980
1262.008734,0.893878
1259.388646,0.893878
1256.768559,0.889796
1254.148472,0.793878
1251.528384,0.602041
1248.908297,0.412245
1246.288210,0.281633
1243.668122,0.200000
1241.048035,0.142857
1238.427948,0.110204
1235.807860,0.091837
1233.187773,0.075510
1230.567686,0.065306
1227.947598,0.059184
1225.327511,0.051020
1222.707424,0.046939
1220.087336,0.044898
1217.467249,0.042857
1214.847162,0.042857
1212.227074,0.040816
1209.606987,0.042857
1206.986900,0.046939
1204.366812,0.051020
1201.746725,0.055102
1199.126638,0.059184
1196.506550,0.061224
1193.886463,0.065306
1191.266376,0.071429
1188.646288,0.073469
1186.026201,0.073469
1183.406114,0.073469
1180.786026,0.077551
1178.165939,0.083673
1175.545852,0.089796
1172.925764,0.097959
1170.305677,0.106122
1167.685590,0.114286
1165.065502,0.124490
1162.445415,0.136735
1159.825328,0.148980
1157.205240,0.161224
1154.585153,0.177551
1151.965066,0.193878
1149.344978,0.210204
1146.724891,0.226531
1144.104803,0.248980
1141.484716,0.271429
1138.864629,0.297959
1136.244541,0.328571
1133.624454,0.365306
1131.004367,0.402041
1128.384279,0.446939
1125.764192,0.495918
1123.144105,0.542857
1120.524017,0.595918
1117.903930,0.646939
1115.283843,0.693878
1112.663755,0.738776
1110.043668,0.777551
1107.423581,0.812245
1104.803493,0.840816
1102.183406,0.861224
1099.563319,0.875510
1096.943231,0.885714
1094.323144,0.889796
1091.703057,0.889796
1089.082969,0.887755
1086.462882,0.881633
1083.842795,0.877551
1081.222707,0.869388
1078.602620,0.861224
1075.982533,0.851020
1073.362445,0.840816
1070.742358,0.832653
1068.122271,0.824490
1065.502183,0.816327
1062.882096,0.808163
1060.262009,0.804082
1057.641921,0.800000
1055.021834,0.802041
1052.401747,0.802041
1049.781659,0.808163
1047.161572,0.816327
1044.541485,0.824490
1041.921397,0.836735
1039.301310,0.846939
1036.681223,0.859184
1034.061135,0.873469
1031.441048,0.885714
1028.820961,0.900000
1026.200873,0.912245
1023.580786,0.918367
1020.960699,0.920408
1018.340611,0.920408
1015.720524,0.914286
1013.100437,0.893878
1010.480349,0.851020
1007.860262,0.785714
1005.240175,0.693878
1002.620087,0.602041
1000.000000,0.516327
997.379913,0.434694
994.759825,0.371429
992.139738,0.318367
989.519651,0.273469
986.899563,0.238776
984.279476,0.210204
981.659389,0.183673
979.039301,0.163265
976.419214,0.146939
973.799127,0.132653
971.179039,0.120408
968.558952,0.108163
965.938865,0.100000
963.318777,0.091837
960.698690,0.085714
958.078603,0.081633
955.458515,0.075510
952.838428,0.071429
950.218341,0.067347
947.598253,0.061224
944.978166,0.057143
942.358079,0.055102
939.737991,0.053061
937.117904,0.051020
934.497817,0.048980
931.877729,0.046939
929.257642,0.044898
926.637555,0.044898
924.017467,0.042857
921.397380,0.042857
918.777293,0.044898
916.157205,0.044898
913.537118,0.044898
910.917031,0.046939
908.296943,0.051020
905.676856,0.055102
903.056769,0.059184
900.436681,0.063265
897.816594,0.069388
895.196507,0.077551
892.576419,0.087755
889.956332,0.102041
887.336245,0.118367
884.716157,0.138776
882.096070,0.161224
879.475983,0.185714
876.855895,0.204082
874.235808,0.220408
871.615721,0.232653
868.995633,0.242857
866.375546,0.248980
863.755459,0.248980
861.135371,0.248980
858.515284,0.246939
855.895197,0.240816
853.275109,0.244898
850.655022,0.253061
848.034934,0.259184
845.414847,0.263265
842.794760,0.267347
840.174672,0.269388
837.554585,0.281633
834.934498,0.312245
832.314410,0.359184
829.694323,0.428571
827.074236,0.526531
824.454148,0.608163
821.834061,0.673469
819.213974,0.720408
816.593886,0.759184
813.973799,0.806122
811.353712,0.859184
808.733624,0.908163
806.113537,0.957143
803.493450,0.985714
800.873362,1.000000
798.253275,1.000000
795.633188,0.993878
793.013100,0.971429
790.393013,0.912245
787.772926,0.812245
785.152838,0.691837
782.532751,0.565306
779.912664,0.451020
777.292576,0.361224
774.672489,0.289796
772.052402,0.234694
769.432314,0.200000
766.812227,0.173469
764.192140,0.157143
761.572052,0.140816
758.951965,0.134694
756.331878,0.128571
753.711790,0.120408
751.091703,0.114286
748.471616,0.104082
745.851528,0.093878
743.231441,0.087755
740.611354,0.083673
737.991266,0.079592
735.371179,0.077551
732.751092,0.075510
730.131004,0.071429
727.510917,0.067347
724.890830,0.067347
722.270742,0.065306
719.650655,0.067347
717.030568,0.073469
714.410480,0.087755
711.790393,0.104082
709.170306,0.120408
706.550218,0.128571
703.930131,0.130612
701.310044,0.130612
698.689956,0.130612
696.069869,0.126531
693.449782,0.124490
690.829694,0.120408
688.209607,0.120408
685.589520,0.120408
682.969432,0.116327
680.349345,0.112245
677.729258,0.104082
675.109170,0.097959
672.489083,0.091837
669.868996,0.087755
667.248908,0.087755
664.628821,0.091837
662.008734,0.091837
659.388646,0.089796
656.768559,0.079592
654.148472,0.061224
651.528384,0.044898
648.908297,0.036735
646.288210,0.032653
643.668122,0.030612
641.048035,0.028571
638.427948,0.028571
635.807860,0.028571
633.187773,0.028571
630.567686,0.028571
627.947598,0.028571
625.327511,0.026531
622.707424,0.026531
620.087336,0.026531
617.467249,0.026531
614.847162,0.028571
612.227074,0.030612
609.606987,0.032653
606.986900,0.036735
604.366812,0.036735
601.746725,0.036735
599.126638,0.036735
596.506550,0.036735
593.886463,0.034694
591.266376,0.032653
588.646288,0.030612
586.026201,0.028571
583.406114,0.024490
580.786026,0.020408
578.165939,0.016327
575.545852,0.012245
572.925764,0.010204
570.305677,0.008163
567.685590,0.006122
565.065502,0.004082
562.445415,0.004082
559.825328,0.004082
557.205240,0.004082
554.585153,0.002041
551.965066,0.002041
549.344978,0.002041
546.724891,0.002041
544.104803,0.002041
541.484716,0.002041
538.864629,0.002041
536.244541,0.002041
533.624454,0.002041
531.004367,0.002041
528.384279,0.002041
525.764192,0.002041
523.144105,0.002041
520.524017,0.002041
517.903930,0.002041
515.283843,0.002041
512.663755,0.002041
510.043668,0.002041
507.423581,0.002041
504.803493,0.002041
502.183406,0.002041
499.563319,0.002041
496.943231,0.002041
494.323144,0.002041
491.703057,0.002041
489.082969,0.002041
486.462882,0.002041
483.842795,0.002041
481.222707,0.002041
478.602620,0.002041
475.982533,0.002041
473.362445,0.002041
470.742358,0.002041
468.122271,0.002041
465.502183,0.002041
462.882096,0.002041
460.262009,0.002041
457.641921,0.002041
455.021834,0.002041
452.401747,0.002041
449.781659,0.002041
447.161572,nan
444.541485,nan
441.921397,nan
439.301310,nan
436.681223,nan
434.061135,nan
431.441048,nan
428.820961,nan
426.200873,nan
423.580786,nan
420.960699,nan
418.340611,nan
415.720524,nan
413.100437,nan
410.480349,nan
407.860262,nan
405.240175,nan
402.620087,nan
400.000000,nan
