4000.000000,0.010204
3997.379913,0.010204
3994.759825,0.010204
3992.139738,0.010204
3989.519651,0.010204
3986.899563,0.010204
3984.279476,0.008163
3981.659389,0.008163
3979.039301,0.008163
3976.419214,0.008163
3973.799127,0.010204
3971.179039,0.010204
3968.558952,0.010204
3965.938865,0.010204
3963.318777,0.010204
3960.698690,0.008163
3958.078603,0.008163
3955.458515,0.010204
3952.838428,0.010204
3950.218341,0.008163
3947.598253,0.008163
3944.978166,0.008163
3942.358079,0.008163
3939.737991,0.010204
3937.117904,0.008163
3934.497817,0.008163
3931.877729,0.008163
3929.257642,0.008163
3926.637555,0.008163
3924.017467,0.008163
3921.397380,0.010204
3918.777293,0.008163
3916.157205,0.008163
3913.537118,0.008163
3910.917031,0.008163
3908.296943,0.008163
3905.676856,0.008163
3903.056769,0.008163
3900.436681,0.008163
3897.816594,0.008163
3895.196507,0.008163
3892.576419,0.008163
3889.956332,0.008163
3887.336245,0.008163
3884.716157,0.008163
3882.096070,0.008163
3879.475983,0.008163
3876.855895,0.008163
3874.235808,0.008163
3871.615721,0.008163
3868.995633,0.008163
3866.375546,0.008163
3863.755459,0.008163
3861.135371,0.008163
3858.515284,0.008163
3855.895197,0.008163
3853.275109,0.010204
3850.655022,0.010204
3848.034934,0.008163
3845.414847,0.008163
3842.794760,0.008163
3840.174672,0.010204
3837.554585,0.010204
3834.934498,0.010204
3832.314410,0.010204
3829.694323,0.010204
3827.074236,0.010204
3824.454148,0.010204
3821.834061,0.010204
3819.213974,0.010204
3816.593886,0.010204
3813.973799,0.010204
3811.353712,0.010204
3808.733624,0.008163
3806.113537,0.010204
3803.493450,0.010204
3800.873362,0.010204
3798.253275,0.010204
3795.633188,0.010204
3793.013100,0.010204
3790.393013,0.010204
3787.772926,0.010204
3785.152838,0.010204
3782.532751,0.012245
3779.912664,0.012245
3777.292576,0.012245
3774.672489,0.012245
3772.052402,0.012245
3769.432314,0.012245
3766.812227,0.012245
3764.192140,0.012245
3761.572052,0.012245
3758.951965,0.012245
3756.331878,0.012245
3753.711790,0.012245
3751.091703,0.012245
3748.471616,0.012245
3745.851528,0.012245
3743.231441,0.012245
3740.611354,0.010204
3737.991266,0.010204
3735.371179,0.012245
3732.751092,0.012245
3730.131004,0.012245
3727.510917,0.012245
3724.890830,0.012245
3722.270742,0.012245
3719.650655,0.012245
3717.030568,0.012245
3714.410480,0.012245
3711.790393,0.012245
3709.170306,0.012245
3706.550218,0.012245
3703.930131,0.012245
3701.310044,0.012245
3698.689956,0.012245
3696.069869,0.012245
3693.449782,0.012245
3690.829694,0.012245
3688.209607,0.012245
3685.589520,0.012245
3682.969432,0.012245
3680.349345,0.010204
3677.729258,0.010204
3675.109170,0.010204
3672.489083,0.010204
3669.868996,0.010204
3667.248908,0.010204
3664.628821,0.010204
3662.008734,0.010204
3659.388646,0.010204
3656.768559,0.012245
3654.148472,0.012245
3651.528384,0.012245
3648.908297,0.012245
3646.288210,0.012245
3643.668122,0.012245
3641.048035,0.012245
3638.427948,0.012245
3635.807860,0.012245
3633.187773,0.012245
3630.567686,0.012245
3627.947598,0.012245
3625.327511,0.012245
3622.707424,0.010204
3620.087336,0.010204
3617.467249,0.010204
3614.847162,0.010204
3612.227074,0.010204
3609.606987,0.010204
3606.986900,0.010204
3604.366812,0.010204
3601.746725,0.010204
3599.126638,0.010204
3596.506550,0.012245
3593.886463,0.012245
3591.266376,0.012245
3588.646288,0.012245
3586.026201,0.010204
3583.406114,0.010204
3580.786026,0.010204
3578.165939,0.010204
3575.545852,0.010204
3572.925764,0.012245
3570.305677,0.012245
3567.685590,0.010204
3565.065502,0.010204
3562.445415,0.010204
3559.825328,0.010204
3557.205240,0.010204
3554.585153,0.010204
3551.965066,0.010204
3549.344978,0.010204
3546.724891,0.010204
3544.104803,0.010204
3541.484716,0.012245
3538.864629,0.012245
3536.244541,0.010204
3533.624454,0.012245
3531.004367,0.012245
3528.384279,0.012245
3525.764192,0.012245
3523.144105,0.012245
3520.524017,0.012245
3517.903930,0.012245
3515.283843,0.012245
3512.663755,0.012245
3510.043668,0.012245
3507.423581,0.012245
3504.803493,0.012245
3502.183406,0.012245
3499.563319,0.012245
3496.943231,0.012245
3494.323144,0.012245
3491.703057,0.012245
3489.082969,0.012245
3486.462882,0.012245
3483.842795,0.012245
3481.222707,0.012245
3478.602620,0.012245
3475.982533,0.012245
3473.362445,0.014286
3470.742358,0.014286
3468.122271,0.014286
3465.502183,0.014286
3462.882096,0.014286
3460.262009,0.014286
3457.641921,0.014286
3455.021834,0.014286
3452.401747,0.014286
3449.781659,0.014286
3447.161572,0.014286
3444.541485,0.014286
3441.921397,0.014286
3439.301310,0.014286
3436.681223,0.014286
3434.061135,0.014286
3431.441048,0.014286
3428.820961,0.014286
3426.200873,0.014286
3423.580786,0.016327
3420.960699,0.016327
3418.340611,0.014286
3415.720524,0.016327
3413.100437,0.016327
3410.480349,0.016327
3407.860262,0.016327
3405.240175,0.016327
3402.620087,0.016327
3400.000000,0.016327
3397.379913,0.016327
3394.759825,0.016327
3392.139738,0.016327
3389.519651,0.016327
3386.899563,0.016327
3384.279476,0.016327
3381.659389,0.016327
3379.039301,0.016327
3376.419214,0.016327
3373.799127,0.016327
3371.179039,0.016327
3368.558952,0.016327
3365.938865,0.016327
3363.318777,0.016327
3360.698690,0.016327
3358.078603,0.016327
3355.458515,0.016327
3352.838428,0.016327
3350.218341,0.016327
3347.598253,0.016327
3344.978166,0.016327
3342.358079,0.016327
3339.737991,0.016327
3337.117904,0.016327
3334.497817,0.016327
3331.877729,0.016327
3329.257642,0.016327
3326.637555,0.016327
3324.017467,0.016327
3321.397380,0.016327
3318.777293,0.016327
3316.157205,0.016327
3313.537118,0.016327
3310.917031,0.016327
3308.296943,0.016327
3305.676856,0.016327
3303.056769,0.016327
3300.436681,0.016327
3297.816594,0.016327
3295.196507,0.016327
3292.576419,0.016327
3289.956332,0.016327
3287.336245,0.016327
3284.716157,0.016327
3282.096070,0.014286
3279.475983,0.016327
3276.855895,0.016327
3274.235808,0.016327
3271.615721,0.016327
3268.995633,0.016327
3266.375546,0.014286
3263.755459,0.014286
3261.135371,0.014286
3258.515284,0.016327
3255.895197,0.014286
3253.275109,0.016327
3250.655022,0.014286
3248.034934,0.014286
3245.414847,0.014286
3242.794760,0.014286
3240.174672,0.014286
3237.554585,0.014286
3234.934498,0.014286
3232.314410,0.016327
3229.694323,0.014286
3227.074236,0.014286
3224.454148,0.016327
3221.834061,0.016327
3219.213974,0.016327
3216.593886,0.016327
3213.973799,0.016327
3211.353712,0.016327
3208.733624,0.014286
3206.113537,0.016327
3203.493450,0.016327
3200.873362,0.016327
3198.253275,0.014286
3195.633188,0.016327
3193.013100,0.016327
3190.393013,0.016327
3187.772926,0.016327
3185.152838,0.016327
3182.532751,0.016327
3179.912664,0.016327
3177.292576,0.016327
3174.672489,0.016327
3172.052402,0.016327
3169.432314,0.016327
3166.812227,0.016327
3164.192140,0.016327
3161.572052,0.016327
3158.951965,0.016327
3156.331878,0.016327
3153.711790,0.016327
3151.091703,0.016327
3148.471616,0.016327
3145.851528,0.016327
3143.231441,0.016327
3140.611354,0.016327
3137.991266,0.016327
3135.371179,0.018367
3132.751092,0.018367
3130.131004,0.018367
3127.510917,0.018367
3124.890830,0.018367
3122.270742,0.018367
3119.650655,0.018367
3117.030568,0.018367
3114.410480,0.018367
3111.790393,0.020408
3109.170306,0.020408
3106.550218,0.020408
3103.930131,0.020408
3101.310044,0.020408
3098.689956,0.020408
3096.069869,0.020408
3093.449782,0.020408
3090.829694,0.020408
3088.209607,0.020408
3085.589520,0.020408
3082.969432,0.020408
3080.349345,0.020408
3077.729258,0.020408
3075.109170,0.020408
3072.489083,0.020408
3069.868996,0.020408
3067.248908,0.020408
3064.628821,0.020408
3062.008734,0.022449
3059.388646,0.022449
3056.768559,0.022449
3054.148472,0.024490
3051.528384,0.024490
3048.908297,0.024490
3046.288210,0.024490
3043.668122,0.022449
3041.048035,0.022449
3038.427948,0.022449
3035.807860,0.022449
3033.187773,0.022449
3030.567686,0.022449
3027.947598,0.022449
3025.327511,0.022449
3022.707424,0.022449
3020.087336,0.024490
3017.467249,0.024490
3014.847162,0.024490
3012.227074,0.024490
3009.606987,0.024490
3006.986900,0.026531
3004.366812,0.026531
3001.746725,0.028571
2999.126638,0.028571
2996.506550,0.030612
2993.886463,0.034694
2991.266376,0.036735
2988.646288,0.042857
2986.026201,0.048980
2983.406114,0.059184
2980.786026,0.071429
2978.165939,0.089796
2975.545852,0.120408
2972.925764,0.159184
2970.305677,0.210204
2967.685590,0.271429
2965.065502,0.314286
2962.445415,0.324490
2959.825328,0.322449
2957.205240,0.314286
2954.585153,0.265306
2951.965066,0.206122
2949.344978,0.153061
2946.724891,0.116327
2944.104803,0.091837
2941.484716,0.075510
2938.864629,0.063265
2936.244541,0.055102
2933.624454,0.048980
2931.004367,0.044898
2928.384279,0.040816
2925.764192,0.038776
2923.144105,0.036735
2920.524017,0.036735
2917.903930,0.036735
2915.283843,0.040816
2912.663755,0.042857
2910.043668,0.048980
2907.423581,0.053061
2904.803493,0.055102
2902.183406,0.055102
2899.563319,0.053061
2896.943231,0.048980
2894.323144,0.042857
2891.703057,0.038776
2889.082969,0.034694
2886.462882,0.030612
2883.842795,0.028571
2881.222707,0.026531
2878.602620,0.026531
2875.982533,0.024490
2873.362445,0.024490
2870.742358,0.022449
2868.122271,0.022449
2865.502183,0.022449
2862.882096,0.020408
2860.262009,0.020408
2857.641921,0.020408
2855.021834,0.020408
2852.401747,0.020408
2849.781659,0.020408
2847.161572,0.020408
2844.541485,0.020408
2841.921397,0.020408
2839.301310,0.020408
2836.681223,0.020408
2834.061135,0.018367
2831.441048,0.018367
2828.820961,0.018367
2826.200873,0.018367
2823.580786,0.018367
2820.960699,0.016327
2818.340611,0.016327
2815.720524,0.016327
2813.100437,0.016327
2810.480349,0.018367
2807.860262,0.016327
2805.240175,0.016327
2802.620087,0.016327
2800.000000,0.016327
2797.379913,0.016327
2794.759825,0.016327
2792.139738,0.016327
2789.519651,0.016327
2786.899563,0.016327
2784.279476,0.014286
2781.659389,0.014286
2779.039301,0.014286
2776.419214,0.014286
2773.799127,0.012245
2771.179039,0.012245
2768.558952,0.012245
2765.938865,0.012245
2763.318777,0.012245
2760.698690,0.010204
2758.078603,0.010204
2755.458515,0.010204
2752.838428,0.010204
2750.218341,0.010204
2747.598253,0.010204
2744.978166,0.010204
2742.358079,0.010204
2739.737991,0.010204
2737.117904,0.010204
2734.497817,0.010204
2731.877729,0.010204
2729.257642,0.010204
2726.637555,0.010204
2724.017467,0.010204
2721.397380,0.010204
2718.777293,0.010204
2716.157205,0.010204
2713.537118,0.010204
2710.917031,0.010204
2708.296943,0.010204
2705.676856,0.010204
2703.056769,0.010204
2700.436681,0.010204
2697.816594,0.010204
2695.196507,0.008163
2692.576419,0.008163
2689.956332,0.008163
2687.336245,0.008163
2684.716157,0.008163
2682.096070,0.008163
2679.475983,0.008163
2676.855895,0.008163
2674.235808,0.008163
2671.615721,0.008163
2668.995633,0.008163
2666.375546,0.010204
2663.755459,0.010204
2661.135371,0.010204
2658.515284,0.010204
2655.895197,0.008163
2653.275109,0.008163
2650.655022,0.008163
2648.034934,0.008163
2645.414847,0.008163
2642.794760,0.008163
2640.174672,0.008163
2637.554585,0.008163
2634.934498,0.008163
2632.314410,0.008163
2629.694323,0.008163
2627.074236,0.008163
2624.454148,0.008163
2621.834061,0.008163
2619.213974,0.006122
2616.593886,0.006122
2613.973799,0.008163
2611.353712,0.008163
2608.733624,0.006122
2606.113537,0.006122
2603.493450,0.006122
2600.873362,0.006122
2598.253275,0.006122
2595.633188,0.006122
2593.013100,0.006122
2590.393013,0.006122
2587.772926,0.006122
2585.152838,0.006122
2582.532751,0.006122
2579.912664,0.006122
2577.292576,0.006122
2574.672489,0.006122
2572.052402,0.006122
2569.432314,0.006122
2566.812227,0.006122
2564.192140,0.006122
2561.572052,0.006122
2558.951965,0.006122
2556.331878,0.006122
2553.711790,0.006122
2551.091703,0.006122
2548.471616,0.006122
2545.851528,0.006122
2543.231441,0.006122
2540.611354,0.006122
2537.991266,0.006122
2535.371179,0.006122
2532.751092,0.004082
2530.131004,0.004082
2527.510917,0.004082
2524.890830,0.004082
2522.270742,0.004082
2519.650655,0.004082
2517.030568,0.004082
2514.410480,0.004082
2511.790393,0.004082
2509.170306,0.004082
2506.550218,0.006122
2503.930131,0.006122
2501.310044,0.006122
2498.689956,0.006122
2496.069869,0.006122
2493.449782,0.006122
2490.829694,0.006122
2488.209607,0.006122
2485.589520,0.006122
2482.969432,0.006122
2480.349345,0.006122
2477.729258,0.006122
2475.109170,0.006122
2472.489083,0.006122
2469.868996,0.006122
2467.248908,0.006122
2464.628821,0.004082
2462.008734,0.004082
2459.388646,0.004082
2456.768559,0.004082
2454.148472,0.004082
2451.528384,0.006122
2448.908297,0.006122
2446.288210,0.004082
2443.668122,0.006122
2441.048035,0.004082
2438.427948,0.004082
2435.807860,0.004082
2433.187773,0.004082
2430.567686,0.004082
2427.947598,0.004082
2425.327511,0.004082
2422.707424,0.004082
2420.087336,0.004082
2417.467249,0.004082
2414.847162,0.004082
2412.227074,0.004082
2409.606987,0.004082
2406.986900,0.004082
2404.366812,0.004082
2401.746725,0.004082
2399.126638,0.004082
2396.506550,0.004082
2393.886463,0.004082
2391.266376,0.004082
2388.646288,0.004082
2386.026201,0.004082
2383.406114,0.004082
2380.786026,0.004082
2378.165939,0.004082
2375.545852,0.004082
2372.925764,0.004082
2370.305677,0.004082
2367.685590,0.004082
2365.065502,0.004082
2362.445415,0.004082
2359.825328,0.004082
2357.205240,0.004082
2354.585153,0.004082
2351.965066,0.004082
2349.344978,0.004082
2346.724891,0.004082
2344.104803,0.004082
2341.484716,0.004082
2338.864629,0.004082
2336.244541,0.004082
2333.624454,0.004082
2331.004367,0.004082
2328.384279,0.004082
2325.764192,0.004082
2323.144105,0.004082
2320.524017,0.004082
2317.903930,0.004082
2315.283843,0.004082
2312.663755,0.004082
2310.043668,0.004082
2307.423581,0.004082
2304.803493,0.004082
2302.183406,0.004082
2299.563319,0.004082
2296.943231,0.004082
2294.323144,0.004082
2291.703057,0.004082
2289.082969,0.004082
2286.462882,0.004082
2283.842795,0.004082
2281.222707,0.004082
2278.602620,0.004082
2275.982533,0.004082
2273.362445,0.004082
2270.742358,0.004082
2268.122271,0.004082
2265.502183,0.004082
2262.882096,0.004082
2260.262009,0.004082
2257.641921,0.004082
2255.021834,0.004082
2252.401747,0.004082
2249.781659,0.004082
2247.161572,0.004082
2244.541485,0.004082
2241.921397,0.004082
2239.301310,0.004082
2236.681223,0.004082
2234.061135,0.004082
2231.441048,0.004082
2228.820961,0.004082
2226.200873,0.004082
2223.580786,0.004082
2220.960699,0.004082
2218.340611,0.004082
2215.720524,0.004082
2213.100437,0.004082
2210.480349,0.004082
2207.860262,0.004082
2205.240175,0.004082
2202.620087,0.004082
2200.000000,0.004082
2197.379913,0.004082
2194.759825,0.004082
2192.139738,0.004082
2189.519651,0.004082
2186.899563,0.004082
2184.279476,0.004082
2181.659389,0.004082
2179.039301,0.004082
2176.419214,0.004082
2173.799127,0.004082
2171.179039,0.004082
2168.558952,0.004082
2165.938865,0.004082
2163.318777,0.004082
2160.698690,0.004082
2158.078603,0.004082
2155.458515,0.004082
2152.838428,0.004082
2150.218341,0.004082
2147.598253,0.004082
2144.978166,0.004082
2142.358079,0.004082
2139.737991,0.004082
2137.117904,0.004082
2134.497817,0.004082
2131.877729,0.004082
2129.257642,0.004082
2126.637555,0.004082
2124.017467,0.004082
2121.397380,0.004082
2118.777293,0.004082
2116.157205,0.004082
2113.537118,0.004082
2110.917031,0.004082
2108.296943,0.004082
2105.676856,0.004082
2103.056769,0.004082
2100.436681,0.004082
2097.816594,0.004082
2095.196507,0.004082
2092.576419,0.004082
2089.956332,0.004082
2087.336245,0.004082
2084.716157,0.004082
2082.096070,0.004082
2079.475983,0.004082
2076.855895,0.004082
2074.235808,0.004082
2071.615721,0.004082
2068.995633,0.004082
2066.375546,0.004082
2063.755459,0.006122
2061.135371,0.006122
2058.515284,0.004082
2055.895197,0.006122
2053.275109,0.006122
2050.655022,0.006122
2048.034934,0.006122
2045.414847,0.006122
2042.794760,0.004082
2040.174672,0.004082
2037.554585,0.004082
2034.934498,0.004082
2032.314410,0.004082
2029.694323,0.004082
2027.074236,0.004082
2024.454148,0.004082
2021.834061,0.004082
2019.213974,0.004082
2016.593886,0.004082
2013.973799,0.004082
2011.353712,0.004082
2008.733624,0.004082
2006.113537,0.004082
2003.493450,0.004082
2000.873362,0.004082
1998.253275,0.004082
1995.633188,0.004082
1993.013100,0.004082
1990.393013,0.004082
1987.772926,0.004082
1985.152838,0.004082
1982.532751,0.004082
1979.912664,0.004082
1977.292576,0.004082
1974.672489,0.006122
1972.052402,0.006122
1969.432314,0.006122
1966.812227,0.006122
1964.192140,0.006122
1961.572052,0.008163
1958.951965,0.008163
1956.331878,0.008163
1953.711790,0.008163
1951.091703,0.008163
1948.471616,0.008163
1945.851528,0.008163
1943.231441,0.008163
1940.611354,0.008163
1937.991266,0.008163
1935.371179,0.008163
1932.751092,0.008163
1930.131004,0.006122
1927.510917,0.006122
1924.890830,0.006122
1922.270742,0.006122
1919.650655,0.006122
1917.030568,0.006122
1914.410480,0.006122
1911.790393,0.006122
1909.170306,0.006122
1906.550218,0.004082
1903.930131,0.004082
1901.310044,0.004082
1898.689956,0.004082
1896.069869,0.004082
1893.449782,0.004082
1890.829694,0.004082
1888.209607,0.004082
1885.589520,0.004082
1882.969432,0.004082
1880.349345,0.004082
1877.729258,0.004082
1875.109170,0.004082
1872.489083,0.004082
1869.868996,0.004082
1867.248908,0.004082
1864.628821,0.004082
1862.008734,0.004082
1859.388646,0.004082
1856.768559,0.002041
1854.148472,0.002041
1851.528384,0.002041
1848.908297,0.002041
1846.288210,0.002041
1843.668122,0.002041
1841.048035,0.002041
1838.427948,0.002041
1835.807860,0.004082
1833.187773,0.004082
1830.567686,0.004082
1827.947598,0.004082
1825.327511,0.004082
1822.707424,0.004082
1820.087336,0.004082
1817.467249,0.004082
1814.847162,0.004082
1812.227074,0.004082
1809.606987,0.004082
1806.986900,0.004082
1804.366812,0.004082
1801.746725,0.004082
1799.126638,0.006122
1796.506550,0.006122
1793.886463,0.006122
1791.266376,0.006122
1788.646288,0.006122
1786.026201,0.006122
1783.406114,0.006122
1780.786026,0.006122
1778.165939,0.006122
1775.545852,0.006122
1772.925764,0.006122
1770.305677,0.006122
1767.685590,0.006122
1765.065502,0.006122
1762.445415,0.006122
1759.825328,0.006122
1757.205240,0.006122
1754.585153,0.006122
1751.965066,0.006122
1749.344978,0.006122
1746.724891,0.006122
1744.104803,0.006122
1741.484716,0.006122
1738.864629,0.008163
1736.244541,0.008163
1733.624454,0.008163
1731.004367,0.008163
1728.384279,0.008163
1725.764192,0.008163
1723.144105,0.008163
1720.524017,0.008163
1717.903930,0.008163
1715.283843,0.008163
1712.663755,0.008163
1710.043668,0.008163
1707.423581,0.008163
1704.803493,0.008163
1702.183406,0.008163
1699.563319,0.008163
1696.943231,0.008163
1694.323144,0.008163
1691.703057,0.008163
1689.082969,0.008163
1686.462882,0.008163
1683.842795,0.008163
1681.222707,0.008163
1678.602620,0.008163
1675.982533,0.010204
1673.362445,0.010204
1670.742358,0.010204
1668.122271,0.010204
1665.502183,0.010204
1662.882096,0.010204
1660.262009,0.010204
1657.641921,0.010204
1655.021834,0.012245
1652.401747,0.010204
1649.781659,0.010204
1647.161572,0.012245
1644.541485,0.012245
1641.921397,0.012245
1639.301310,0.012245
1636.681223,0.012245
1634.061135,0.012245
1631.441048,0.012245
1628.820961,0.012245
1626.200873,0.012245
1623.580786,0.012245
1620.960699,0.012245
1618.340611,0.014286
1615.720524,0.014286
1613.100437,0.014286
1610.480349,0.014286
1607.860262,0.014286
1605.240175,0.014286
1602.620087,0.016327
1600.000000,0.016327
1597.379913,0.016327
1594.759825,0.016327
1592.139738,0.016327
1589.519651,0.014286
1586.899563,0.014286
1584.279476,0.014286
1581.659389,0.012245
1579.039301,0.012245
1576.419214,0.012245
1573.799127,0.012245
1571.179039,0.010204
1568.558952,0.010204
1565.938865,0.010204
1563.318777,0.010204
1560.698690,0.010204
1558.078603,0.010204
1555.458515,0.010204
1552.838428,0.010204
1550.218341,0.010204
1547.598253,0.010204
1544.978166,0.012245
1542.358079,0.012245
1539.737991,0.010204
1537.117904,0.010204
1534.497817,0.010204
1531.877729,0.010204
1529.257642,0.010204
1526.637555,0.010204
1524.017467,0.010204
1521.397380,0.010204
1518.777293,0.010204
1516.157205,0.010204
1513.537118,0.010204
1510.917031,0.010204
1508.296943,0.010204
1505.676856,0.010204
1503.056769,0.010204
1500.436681,0.010204
1497.816594,0.012245
1495.196507,0.012245
1492.576419,0.010204
1489.956332,0.012245
1487.336245,0.012245
1484.716157,0.012245
1482.096070,0.014286
1479.475983,0.014286
1476.855895,0.014286
1474.235808,0.014286
1471.615721,0.014286
1468.995633,0.016327
1466.375546,0.016327
1463.755459,0.016327
1461.135371,0.018367
1458.515284,0.020408
1455.895197,0.020408
1453.275109,0.024490
1450.655022,0.026531
1448.034934,0.028571
1445.414847,0.030612
1442.794760,0.030612
1440.174672,0.028571
1437.554585,0.026531
1434.934498,0.024490
1432.314410,0.024490
1429.694323,0.026531
1427.074236,0.030612
1424.454148,0.034694
1421.834061,0.042857
1419.213974,0.053061
1416.593886,0.061224
1413.973799,0.065306
1411.353712,0.067347
1408.733624,0.067347
1406.113537,0.065306
1403.493450,0.061224
1400.873362,0.057143
1398.253275,0.053061
1395.633188,0.051020
1393.013100,0.044898
1390.393013,0.036735
1387.772926,0.030612
1385.152838,0.024490
1382.532751,0.022449
1379.912664,0.020408
1377.292576,0.018367
1374.672489,0.018367
1372.052402,0.018367
1369.432314,0.018367
1366.812227,0.018367
1364.192140,0.016327
1361.572052,0.016327
1358.951965,0.016327
1356.331878,0.016327
1353.711790,0.016327
1351.091703,0.016327
1348.471616,0.016327
1345.851528,0.016327
1343.231441,0.016327
1340.611354,0.016327
1337.991266,0.016327
1335.371179,0.016327
1332.751092,0.016327
1330.131004,0.016327
1327.510917,0.016327
1324.890830,0.018367
1322.270742,0.018367
1319.650655,0.020408
1317.030568,0.020408
1314.410480,0.020408
1311.790393,0.022449
1309.170306,0.024490
1306.550218,0.024490
1303.930131,0.026531
1301.310044,0.028571
1298.689956,0.032653
1296.069869,0.034694
1293.449782,0.038776
1290.829694,0.044898
1288.209607,0.051020
1285.589520,0.057143
1282.969432,0.069388
1280.349345,0.087755
1277.729258,0.114286
1275.109170,0.161224
1272.489083,0.253061
1269.868996,0.414286
1267.248908,0.640816
1264.628821,0.840816
1262.008734,0.881633
1259.388646,0.881633
1256.768559,0.846939
1254.148472,0.648980
1251.528384,0.418367
1248.908297,0.253061
1246.288210,0.163265
1243.668122,0.110204
1241.048035,0.077551
1238.427948,0.061224
1235.807860,0.048980
1233.187773,0.040816
1230.567686,0.036735
1227.947598,0.032653
1225.327511,0.030612
1222.707424,0.028571
1220.087336,0.028571
1217.467249,0.026531
1214.847162,0.026531
1212.227074,0.026531
1209.606987,0.028571
1206.986900,0.028571
1204.366812,0.030612
1201.746725,0.030612
1199.126638,0.032653
1196.506550,0.034694
1193.886463,0.036735
1191.266376,0.038776
1188.646288,0.042857
1186.026201,0.044898
1183.406114,0.046939
1180.786026,0.051020
1178.165939,0.057143
1175.545852,0.061224
1172.925764,0.067347
1170.305677,0.073469
1167.685590,0.079592
1165.065502,0.085714
1162.445415,0.093878
1159.825328,0.102041
1157.205240,0.112245
1154.585153,0.122449
1151.965066,0.132653
1149.344978,0.144898
1146.724891,0.159184
1144.104803,0.173469
1141.484716,0.191837
1138.864629,0.212245
1136.244541,0.236735
1133.624454,0.263265
1131.004367,0.295918
1128.384279,0.336735
1125.764192,0.379592
1123.144105,0.426531
1120.524017,0.483673
1117.903930,0.542857
1115.283843,0.600000
1112.663755,0.661224
1110.043668,0.714286
1107.423581,0.761224
1104.803493,0.802041
1102.183406,0.834694
1099.563319,0.857143
1096.943231,0.863265
1094.323144,0.863265
1091.703057,0.861224
1089.082969,0.855102
1086.462882,0.840816
1083.842795,0.820408
1081.222707,0.797959
1078.602620,0.779592
1075.982533,0.757143
1073.362445,0.736735
1070.742358,0.722449
1068.122271,0.708163
1065.502183,0.695918
1062.882096,0.685714
1060.262009,0.681633
1057.641921,0.681633
1055.021834,0.687755
1052.401747,0.693878
1049.781659,0.702041
1047.161572,0.712245
1044.541485,0.724490
1041.921397,0.738776
1039.301310,0.759184
1036.681223,0.775510
1034.061135,0.795918
1031.441048,0.812245
1028.820961,0.826531
1026.200873,0.838776
1023.580786,0.842857
1020.960699,0.842857
1018.340611,0.838776
1015.720524,0.816327
1013.100437,0.769388
1010.480349,0.697959
1007.860262,0.606122
1005.240175,0.502041
1002.620087,0.412245
1000.000000,0.334694
997.379913,0.269388
994.759825,0.220408
992.139738,0.183673
989.519651,0.153061
986.899563,0.130612
984.279476,0.112245
981.659389,0.097959
979.039301,0.085714
976.419214,0.075510
973.799127,0.067347
971.179039,0.061224
968.558952,0.055102
965.938865,0.051020
963.318777,0.046939
960.698690,0.044898
958.078603,0.042857
955.458515,0.040816
952.838428,0.038776
950.218341,0.034694
947.598253,0.030612
944.978166,0.026531
942.358079,0.024490
939.737991,0.022449
937.117904,0.022449
934.497817,0.022449
931.877729,0.022449
929.257642,0.022449
926.637555,0.022449
924.017467,0.022449
921.397380,0.024490
918.777293,0.026531
916.157205,0.028571
913.537118,0.030612
910.917031,0.030612
908.296943,0.034694
905.676856,0.036735
903.056769,0.040816
900.436681,0.044898
897.816594,0.048980
895.196507,0.055102
892.576419,0.063265
889.956332,0.071429
887.336245,0.083673
884.716157,0.097959
882.096070,0.112245
879.475983,0.128571
876.855895,0.140816
874.235808,0.148980
871.615721,0.157143
868.995633,0.161224
866.375546,0.165306
863.755459,0.165306
861.135371,0.163265
858.515284,0.159184
855.895197,0.148980
853.275109,0.136735
850.655022,0.130612
848.034934,0.138776
845.414847,0.153061
842.794760,0.173469
840.174672,0.189796
837.554585,0.210204
834.934498,0.242857
832.314410,0.287755
829.694323,0.353061
827.074236,0.440816
824.454148,0.524490
821.834061,0.587755
819.213974,0.644898
816.593886,0.687755
813.973799,0.740816
811.353712,0.816327
808.733624,0.900000
806.113537,0.959184
803.493450,0.993878
800.873362,1.000000
798.253275,0.997959
795.633188,0.973469
793.013100,0.895918
790.393013,0.773469
787.772926,0.630612
785.152838,0.493878
782.532751,0.377551
779.912664,0.283673
777.292576,0.216327
774.672489,0.163265
772.052402,0.124490
769.432314,0.100000
766.812227,0.083673
764.192140,0.071429
761.572052,0.063265
758.951965,0.057143
756.331878,0.051020
753.711790,0.044898
751.091703,0.040816
748.471616,0.038776
745.851528,0.036735
743.231441,0.034694
740.611354,0.032653
737.991266,0.030612
735.371179,0.028571
732.751092,0.028571
730.131004,0.028571
727.510917,0.026531
724.890830,0.026531
722.270742,0.028571
719.650655,0.032653
717.030568,0.038776
714.410480,0.051020
711.790393,0.067347
709.170306,0.077551
706.550218,0.083673
703.930131,0.083673
701.310044,0.083673
698.689956,0.081633
696.069869,0.077551
693.449782,0.075510
690.829694,0.075510
688.209607,0.075510
685.589520,0.075510
682.969432,0.073469
680.349345,0.071429
677.729258,0.065306
675.109170,0.061224
672.489083,0.057143
669.868996,0.055102
667.248908,0.059184
664.628821,0.061224
662.008734,0.061224
659.388646,0.061224
656.768559,0.053061
654.148472,0.034694
651.528384,0.022449
648.908297,0.016327
646.288210,0.018367
643.668122,0.016327
641.048035,0.018367
638.427948,0.018367
635.807860,0.018367
633.187773,0.018367
630.567686,0.018367
627.947598,0.018367
625.327511,0.020408
622.707424,0.020408
620.087336,0.020408
617.467249,0.020408
614.847162,0.020408
612.227074,0.022449
609.606987,0.022449
606.986900,0.022449
604.366812,0.022449
601.746725,0.024490
599.126638,0.024490
596.506550,0.024490
593.886463,0.024490
591.266376,0.022449
588.646288,0.020408
586.026201,0.018367
583.406114,0.016327
580.786026,0.014286
578.165939,0.010204
575.545852,0.008163
572.925764,0.008163
570.305677,0.006122
567.685590,0.004082
565.065502,0.004082
562.445415,0.004082
559.825328,0.004082
557.205240,0.002041
554.585153,0.002041
551.965066,0.002041
549.344978,0.002041
546.724891,0.002041
544.104803,0.002041
541.484716,0.002041
538.864629,0.002041
536.244541,0.002041
533.624454,0.002041
531.004367,0.002041
528.384279,0.002041
525.764192,0.002041
523.144105,0.002041
520.524017,0.002041
517.903930,0.002041
515.283843,0.002041
512.663755,0.002041
510.043668,0.002041
507.423581,0.002041
504.803493,0.002041
502.183406,0.002041
499.563319,0.002041
496.943231,0.002041
494.323144,0.002041
491.703057,0.002041
489.082969,0.002041
486.462882,0.002041
483.842795,0.002041
481.222707,0.002041
478.602620,0.002041
475.982533,0.002041
473.362445,0.002041
470.742358,0.002041
468.122271,0.002041
465.502183,0.002041
462.882096,0.002041
460.262009,0.002041
457.641921,0.002041
455.021834,0.002041
452.401747,0.002041
449.781659,0.002041
447.161572,nan
444.541485,nan
441.921397,nan
439.301310,nan
436.681223,nan
434.061135,nan
431.441048,nan
428.820961,nan
426.200873,nan
423.580786,nan
420.960699,nan
418.340611,nan
415.720524,nan
413.100437,nan
410.480349,nan
407.860262,nan
405.240175,nan
402.620087,nan
400.000000,nan
