4000.000000,0.014286
3997.379913,0.014286
3994.759825,0.014286
3992.139738,0.014286
3989.519651,0.016327
3986.899563,0.014286
3984.279476,0.014286
3981.659389,0.014286
3979.039301,0.014286
3976.419214,0.014286
3973.799127,0.014286
3971.179039,0.014286
3968.558952,0.014286
3965.938865,0.014286
3963.318777,0.014286
3960.698690,0.014286
3958.078603,0.014286
3955.458515,0.014286
3952.838428,0.014286
3950.218341,0.014286
3947.598253,0.014286
3944.978166,0.014286
3942.358079,0.014286
3939.737991,0.014286
3937.117904,0.014286
3934.497817,0.014286
3931.877729,0.014286
3929.257642,0.012245
3926.637555,0.012245
3924.017467,0.014286
3921.397380,0.014286
3918.777293,0.012245
3916.157205,0.014286
3913.537118,0.014286
3910.917031,0.014286
3908.296943,0.014286
3905.676856,0.014286
3903.056769,0.014286
3900.436681,0.014286
3897.816594,0.014286
3895.196507,0.012245
3892.576419,0.014286
3889.956332,0.014286
3887.336245,0.014286
3884.716157,0.014286
3882.096070,0.014286
3879.475983,0.012245
3876.855895,0.014286
3874.235808,0.014286
3871.615721,0.014286
3868.995633,0.014286
3866.375546,0.012245
3863.755459,0.014286
3861.135371,0.014286
3858.515284,0.014286
3855.895197,0.014286
3853.275109,0.014286
3850.655022,0.012245
3848.034934,0.012245
3845.414847,0.012245
3842.794760,0.012245
3840.174672,0.012245
3837.554585,0.014286
3834.934498,0.014286
3832.314410,0.014286
3829.694323,0.014286
3827.074236,0.014286
3824.454148,0.014286
3821.834061,0.014286
3819.213974,0.014286
3816.593886,0.014286
3813.973799,0.012245
3811.353712,0.014286
3808.733624,0.014286
3806.113537,0.014286
3803.493450,0.014286
3800.873362,0.014286
3798.253275,0.014286
3795.633188,0.014286
3793.013100,0.014286
3790.393013,0.014286
3787.772926,0.014286
3785.152838,0.014286
3782.532751,0.014286
3779.912664,0.016327
3777.292576,0.016327
3774.672489,0.016327
3772.052402,0.016327
3769.432314,0.016327
3766.812227,0.016327
3764.192140,0.016327
3761.572052,0.016327
3758.951965,0.016327
3756.331878,0.016327
3753.711790,0.016327
3751.091703,0.016327
3748.471616,0.016327
3745.851528,0.016327
3743.231441,0.016327
3740.611354,0.014286
3737.991266,0.014286
3735.371179,0.014286
3732.751092,0.014286
3730.131004,0.014286
3727.510917,0.016327
3724.890830,0.016327
3722.270742,0.014286
3719.650655,0.016327
3717.030568,0.016327
3714.410480,0.016327
3711.790393,0.016327
3709.170306,0.016327
3706.550218,0.016327
3703.930131,0.016327
3701.310044,0.016327
3698.689956,0.016327
3696.069869,0.018367
3693.449782,0.016327
3690.829694,0.016327
3688.209607,0.016327
3685.589520,0.014286
3682.969432,0.014286
3680.349345,0.014286
3677.729258,0.014286
3675.109170,0.014286
3672.489083,0.014286
3669.868996,0.014286
3667.248908,0.014286
3664.628821,0.014286
3662.008734,0.014286
3659.388646,0.014286
3656.768559,0.014286
3654.148472,0.014286
3651.528384,0.014286
3648.908297,0.014286
3646.288210,0.014286
3643.668122,0.016327
3641.048035,0.016327
3638.427948,0.016327
3635.807860,0.014286
3633.187773,0.014286
3630.567686,0.014286
3627.947598,0.014286
3625.327511,0.014286
3622.707424,0.014286
3620.087336,0.014286
3617.467249,0.014286
3614.847162,0.014286
3612.227074,0.014286
3609.606987,0.014286
3606.986900,0.014286
3604.366812,0.014286
3601.746725,0.014286
3599.126638,0.014286
3596.506550,0.014286
3593.886463,0.014286
3591.266376,0.014286
3588.646288,0.014286
3586.026201,0.014286
3583.406114,0.014286
3580.786026,0.014286
3578.165939,0.014286
3575.545852,0.014286
3572.925764,0.014286
3570.305677,0.014286
3567.685590,0.014286
3565.065502,0.014286
3562.445415,0.014286
3559.825328,0.014286
3557.205240,0.014286
3554.585153,0.014286
3551.965066,0.014286
3549.344978,0.014286
3546.724891,0.014286
3544.104803,0.014286
3541.484716,0.014286
3538.864629,0.014286
3536.244541,0.014286
3533.624454,0.014286
3531.004367,0.014286
3528.384279,0.014286
3525.764192,0.014286
3523.144105,0.014286
3520.524017,0.014286
3517.903930,0.014286
3515.283843,0.014286
3512.663755,0.014286
3510.043668,0.014286
3507.423581,0.014286
3504.803493,0.016327
3502.183406,0.014286
3499.563319,0.014286
3496.943231,0.014286
3494.323144,0.016327
3491.703057,0.016327
3489.082969,0.014286
3486.462882,0.016327
3483.842795,0.016327
3481.222707,0.014286
3478.602620,0.016327
3475.982533,0.016327
3473.362445,0.016327
3470.742358,0.016327
3468.122271,0.016327
3465.502183,0.016327
3462.882096,0.016327
3460.262009,0.016327
3457.641921,0.016327
3455.021834,0.016327
3452.401747,0.016327
3449.781659,0.016327
3447.161572,0.016327
3444.541485,0.016327
3441.921397,0.018367
3439.301310,0.016327
3436.681223,0.016327
3434.061135,0.016327
3431.441048,0.016327
3428.820961,0.016327
3426.200873,0.016327
3423.580786,0.018367
3420.960699,0.018367
3418.340611,0.016327
3415.720524,0.016327
3413.100437,0.016327
3410.480349,0.016327
3407.860262,0.016327
3405.240175,0.018367
3402.620087,0.016327
3400.000000,0.016327
3397.379913,0.016327
3394.759825,0.018367
3392.139738,0.018367
3389.519651,0.018367
3386.899563,0.018367
3384.279476,0.018367
3381.659389,0.016327
3379.039301,0.016327
3376.419214,0.016327
3373.799127,0.016327
3371.179039,0.016327
3368.558952,0.016327
3365.938865,0.016327
3363.318777,0.016327
3360.698690,0.016327
3358.078603,0.016327
3355.458515,0.016327
3352.838428,0.016327
3350.218341,0.018367
3347.598253,0.018367
3344.978166,0.016327
3342.358079,0.016327
3339.737991,0.016327
3337.117904,0.016327
3334.497817,0.016327
3331.877729,0.016327
3329.257642,0.016327
3326.637555,0.016327
3324.017467,0.016327
3321.397380,0.016327
3318.777293,0.016327
3316.157205,0.016327
3313.537118,0.016327
3310.917031,0.016327
3308.296943,0.016327
3305.676856,0.016327
3303.056769,0.016327
3300.436681,0.016327
3297.816594,0.016327
3295.196507,0.016327
3292.576419,0.016327
3289.956332,0.016327
3287.336245,0.016327
3284.716157,0.016327
3282.096070,0.016327
3279.475983,0.016327
3276.855895,0.016327
3274.235808,0.016327
3271.615721,0.016327
3268.995633,0.016327
3266.375546,0.016327
3263.755459,0.016327
3261.135371,0.018367
3258.515284,0.018367
3255.895197,0.016327
3253.275109,0.016327
3250.655022,0.016327
3248.034934,0.016327
3245.414847,0.016327
3242.794760,0.016327
3240.174672,0.016327
3237.554585,0.016327
3234.934498,0.016327
3232.314410,0.016327
3229.694323,0.016327
3227.074236,0.016327
3224.454148,0.016327
3221.834061,0.016327
3219.213974,0.016327
3216.593886,0.016327
3213.973799,0.016327
3211.353712,0.016327
3208.733624,0.016327
3206.113537,0.016327
3203.493450,0.016327
3200.873362,0.016327
3198.253275,0.016327
3195.633188,0.016327
3193.013100,0.016327
3190.393013,0.016327
3187.772926,0.016327
3185.152838,0.016327
3182.532751,0.016327
3179.912664,0.016327
3177.292576,0.016327
3174.672489,0.016327
3172.052402,0.016327
3169.432314,0.016327
3166.812227,0.016327
3164.192140,0.016327
3161.572052,0.018367
3158.951965,0.018367
3156.331878,0.018367
3153.711790,0.016327
3151.091703,0.016327
3148.471616,0.018367
3145.851528,0.018367
3143.231441,0.018367
3140.611354,0.020408
3137.991266,0.020408
3135.371179,0.020408
3132.751092,0.020408
3130.131004,0.020408
3127.510917,0.020408
3124.890830,0.018367
3122.270742,0.020408
3119.650655,0.018367
3117.030568,0.018367
3114.410480,0.020408
3111.790393,0.020408
3109.170306,0.020408
3106.550218,0.020408
3103.930131,0.020408
3101.310044,0.020408
3098.689956,0.022449
3096.069869,0.024490
3093.449782,0.026531
3090.829694,0.028571
3088.209607,0.028571
3085.589520,0.028571
3082.969432,0.026531
3080.349345,0.032653
3077.729258,0.040816
3075.109170,0.053061
3072.489083,0.063265
3069.868996,0.063265
3067.248908,0.063265
3064.628821,0.059184
3062.008734,0.048980
3059.388646,0.044898
3056.768559,0.051020
3054.148472,0.055102
3051.528384,0.057143
3048.908297,0.057143
3046.288210,0.057143
3043.668122,0.053061
3041.048035,0.044898
3038.427948,0.038776
3035.807860,0.034694
3033.187773,0.032653
3030.567686,0.034694
3027.947598,0.038776
3025.327511,0.038776
3022.707424,0.038776
3020.087336,0.036735
3017.467249,0.038776
3014.847162,0.040816
3012.227074,0.040816
3009.606987,0.040816
3006.986900,0.040816
3004.366812,0.042857
3001.746725,0.042857
2999.126638,0.042857
2996.506550,0.038776
2993.886463,0.034694
2991.266376,0.034694
2988.646288,0.036735
2986.026201,0.040816
2983.406114,0.048980
2980.786026,0.059184
2978.165939,0.073469
2975.545852,0.093878
2972.925764,0.124490
2970.305677,0.163265
2967.685590,0.208163
2965.065502,0.244898
2962.445415,0.259184
2959.825328,0.261224
2957.205240,0.259184
2954.585153,0.234694
2951.965066,0.189796
2949.344978,0.144898
2946.724891,0.108163
2944.104803,0.083673
2941.484716,0.067347
2938.864629,0.055102
2936.244541,0.046939
2933.624454,0.040816
2931.004367,0.036735
2928.384279,0.034694
2925.764192,0.032653
2923.144105,0.030612
2920.524017,0.030612
2917.903930,0.032653
2915.283843,0.034694
2912.663755,0.036735
2910.043668,0.040816
2907.423581,0.044898
2904.803493,0.046939
2902.183406,0.046939
2899.563319,0.046939
2896.943231,0.042857
2894.323144,0.038776
2891.703057,0.034694
2889.082969,0.030612
2886.462882,0.028571
2883.842795,0.026531
2881.222707,0.024490
2878.602620,0.022449
2875.982533,0.022449
2873.362445,0.020408
2870.742358,0.020408
2868.122271,0.018367
2865.502183,0.018367
2862.882096,0.018367
2860.262009,0.016327
2857.641921,0.016327
2855.021834,0.016327
2852.401747,0.016327
2849.781659,0.016327
2847.161572,0.016327
2844.541485,0.016327
2841.921397,0.016327
2839.301310,0.016327
2836.681223,0.016327
2834.061135,0.016327
2831.441048,0.016327
2828.820961,0.016327
2826.200873,0.014286
2823.580786,0.014286
2820.960699,0.014286
2818.340611,0.014286
2815.720524,0.014286
2813.100437,0.014286
2810.480349,0.014286
2807.860262,0.014286
2805.240175,0.014286
2802.620087,0.014286
2800.000000,0.014286
2797.379913,0.014286
2794.759825,0.014286
2792.139738,0.014286
2789.519651,0.014286
2786.899563,0.014286
2784.279476,0.014286
2781.659389,0.012245
2779.039301,0.012245
2776.419214,0.012245
2773.799127,0.010204
2771.179039,0.010204
2768.558952,0.010204
2765.938865,0.010204
2763.318777,0.010204
2760.698690,0.010204
2758.078603,0.010204
2755.458515,0.010204
2752.838428,0.008163
2750.218341,0.008163
2747.598253,0.008163
2744.978166,0.008163
2742.358079,0.008163
2739.737991,0.008163
2737.117904,0.008163
2734.497817,0.008163
2731.877729,0.008163
2729.257642,0.008163
2726.637555,0.008163
2724.017467,0.008163
2721.397380,0.008163
2718.777293,0.008163
2716.157205,0.008163
2713.537118,0.010204
2710.917031,0.010204
2708.296943,0.010204
2705.676856,0.008163
2703.056769,0.008163
2700.436681,0.008163
2697.816594,0.008163
2695.196507,0.008163
2692.576419,0.008163
2689.956332,0.008163
2687.336245,0.008163
2684.716157,0.008163
2682.096070,0.008163
2679.475983,0.008163
2676.855895,0.008163
2674.235808,0.008163
2671.615721,0.008163
2668.995633,0.008163
2666.375546,0.008163
2663.755459,0.008163
2661.135371,0.008163
2658.515284,0.008163
2655.895197,0.008163
2653.275109,0.008163
2650.655022,0.008163
2648.034934,0.008163
2645.414847,0.008163
2642.794760,0.008163
2640.174672,0.008163
2637.554585,0.008163
2634.934498,0.008163
2632.314410,0.008163
2629.694323,0.008163
2627.074236,0.008163
2624.454148,0.008163
2621.834061,0.008163
2619.213974,0.008163
2616.593886,0.006122
2613.973799,0.008163
2611.353712,0.008163
2608.733624,0.006122
2606.113537,0.006122
2603.493450,0.006122
2600.873362,0.006122
2598.253275,0.006122
2595.633188,0.006122
2593.013100,0.006122
2590.393013,0.006122
2587.772926,0.006122
2585.152838,0.006122
2582.532751,0.006122
2579.912664,0.006122
2577.292576,0.006122
2574.672489,0.006122
2572.052402,0.006122
2569.432314,0.006122
2566.812227,0.006122
2564.192140,0.006122
2561.572052,0.006122
2558.951965,0.006122
2556.331878,0.006122
2553.711790,0.006122
2551.091703,0.006122
2548.471616,0.006122
2545.851528,0.006122
2543.231441,0.006122
2540.611354,0.006122
2537.991266,0.006122
2535.371179,0.006122
2532.751092,0.006122
2530.131004,0.004082
2527.510917,0.004082
2524.890830,0.004082
2522.270742,0.004082
2519.650655,0.004082
2517.030568,0.004082
2514.410480,0.004082
2511.790393,0.004082
2509.170306,0.004082
2506.550218,0.006122
2503.930131,0.006122
2501.310044,0.006122
2498.689956,0.006122
2496.069869,0.006122
2493.449782,0.006122
2490.829694,0.006122
2488.209607,0.006122
2485.589520,0.006122
2482.969432,0.006122
2480.349345,0.006122
2477.729258,0.006122
2475.109170,0.006122
2472.489083,0.006122
2469.868996,0.006122
2467.248908,0.006122
2464.628821,0.006122
2462.008734,0.006122
2459.388646,0.006122
2456.768559,0.006122
2454.148472,0.006122
2451.528384,0.006122
2448.908297,0.006122
2446.288210,0.004082
2443.668122,0.004082
2441.048035,0.006122
2438.427948,0.006122
2435.807860,0.006122
2433.187773,0.004082
2430.567686,0.006122
2427.947598,0.006122
2425.327511,0.004082
2422.707424,0.006122
2420.087336,0.004082
2417.467249,0.004082
2414.847162,0.004082
2412.227074,0.004082
2409.606987,0.004082
2406.986900,0.004082
2404.366812,0.004082
2401.746725,0.004082
2399.126638,0.004082
2396.506550,0.004082
2393.886463,0.004082
2391.266376,0.004082
2388.646288,0.004082
2386.026201,0.004082
2383.406114,0.004082
2380.786026,0.004082
2378.165939,0.004082
2375.545852,0.004082
2372.925764,0.004082
2370.305677,0.004082
2367.685590,0.004082
2365.065502,0.004082
2362.445415,0.004082
2359.825328,0.004082
2357.205240,0.004082
2354.585153,0.004082
2351.965066,0.004082
2349.344978,0.004082
2346.724891,0.004082
2344.104803,0.004082
2341.484716,0.004082
2338.864629,0.004082
2336.244541,0.004082
2333.624454,0.004082
2331.004367,0.004082
2328.384279,0.004082
2325.764192,0.004082
2323.144105,0.004082
2320.524017,0.004082
2317.903930,0.006122
2315.283843,0.006122
2312.663755,0.006122
2310.043668,0.004082
2307.423581,0.004082
2304.803493,0.004082
2302.183406,0.004082
2299.563319,0.004082
2296.943231,0.004082
2294.323144,0.004082
2291.703057,0.004082
2289.082969,0.004082
2286.462882,0.004082
2283.842795,0.004082
2281.222707,0.004082
2278.602620,0.004082
2275.982533,0.004082
2273.362445,0.004082
2270.742358,0.004082
2268.122271,0.004082
2265.502183,0.004082
2262.882096,0.004082
2260.262009,0.004082
2257.641921,0.004082
2255.021834,0.004082
2252.401747,0.004082
2249.781659,0.004082
2247.161572,0.004082
2244.541485,0.004082
2241.921397,0.004082
2239.301310,0.004082
2236.681223,0.004082
2234.061135,0.004082
2231.441048,0.004082
2228.820961,0.004082
2226.200873,0.004082
2223.580786,0.004082
2220.960699,0.004082
2218.340611,0.004082
2215.720524,0.004082
2213.100437,0.004082
2210.480349,0.004082
2207.860262,0.004082
2205.240175,0.004082
2202.620087,0.004082
2200.000000,0.004082
2197.379913,0.004082
2194.759825,0.004082
2192.139738,0.004082
2189.519651,0.004082
2186.899563,0.004082
2184.279476,0.004082
2181.659389,0.004082
2179.039301,0.004082
2176.419214,0.004082
2173.799127,0.004082
2171.179039,0.004082
2168.558952,0.004082
2165.938865,0.002041
2163.318777,0.002041
2160.698690,0.004082
2158.078603,0.004082
2155.458515,0.004082
2152.838428,0.004082
2150.218341,0.004082
2147.598253,0.004082
2144.978166,0.004082
2142.358079,0.004082
2139.737991,0.004082
2137.117904,0.004082
2134.497817,0.004082
2131.877729,0.004082
2129.257642,0.004082
2126.637555,0.004082
2124.017467,0.004082
2121.397380,0.004082
2118.777293,0.004082
2116.157205,0.004082
2113.537118,0.004082
2110.917031,0.004082
2108.296943,0.004082
2105.676856,0.004082
2103.056769,0.004082
2100.436681,0.004082
2097.816594,0.004082
2095.196507,0.004082
2092.576419,0.004082
2089.956332,0.004082
2087.336245,0.004082
2084.716157,0.004082
2082.096070,0.004082
2079.475983,0.004082
2076.855895,0.004082
2074.235808,0.004082
2071.615721,0.004082
2068.995633,0.004082
2066.375546,0.004082
2063.755459,0.004082
2061.135371,0.004082
2058.515284,0.004082
2055.895197,0.004082
2053.275109,0.006122
2050.655022,0.006122
2048.034934,0.006122
2045.414847,0.004082
2042.794760,0.004082
2040.174672,0.004082
2037.554585,0.004082
2034.934498,0.004082
2032.314410,0.004082
2029.694323,0.004082
2027.074236,0.004082
2024.454148,0.002041
2021.834061,0.004082
2019.213974,0.004082
2016.593886,0.004082
2013.973799,0.004082
2011.353712,0.004082
2008.733624,0.004082
2006.113537,0.004082
2003.493450,0.004082
2000.873362,0.004082
1998.253275,0.004082
1995.633188,0.004082
1993.013100,0.004082
1990.393013,0.004082
1987.772926,0.006122
1985.152838,0.006122
1982.532751,0.006122
1979.912664,0.006122
1977.292576,0.008163
1974.672489,0.008163
1972.052402,0.008163
1969.432314,0.010204
1966.812227,0.010204
1964.192140,0.010204
1961.572052,0.012245
1958.951965,0.012245
1956.331878,0.014286
1953.711790,0.014286
1951.091703,0.012245
1948.471616,0.012245
1945.851528,0.010204
1943.231441,0.010204
1940.611354,0.010204
1937.991266,0.010204
1935.371179,0.008163
1932.751092,0.008163
1930.131004,0.008163
1927.510917,0.008163
1924.890830,0.008163
1922.270742,0.008163
1919.650655,0.008163
1917.030568,0.008163
1914.410480,0.008163
1911.790393,0.008163
1909.170306,0.008163
1906.550218,0.008163
1903.930131,0.010204
1901.310044,0.010204
1898.689956,0.010204
1896.069869,0.010204
1893.449782,0.010204
1890.829694,0.010204
1888.209607,0.010204
1885.589520,0.010204
1882.969432,0.010204
1880.349345,0.008163
1877.729258,0.008163
1875.109170,0.006122
1872.489083,0.006122
1869.868996,0.006122
1867.248908,0.004082
1864.628821,0.006122
1862.008734,0.006122
1859.388646,0.006122
1856.768559,0.006122
1854.148472,0.004082
1851.528384,0.006122
1848.908297,0.006122
1846.288210,0.006122
1843.668122,0.006122
1841.048035,0.006122
1838.427948,0.008163
1835.807860,0.008163
1833.187773,0.008163
1830.567686,0.008163
1827.947598,0.008163
1825.327511,0.010204
1822.707424,0.010204
1820.087336,0.010204
1817.467249,0.010204
1814.847162,0.010204
1812.227074,0.008163
1809.606987,0.008163
1806.986900,0.008163
1804.366812,0.006122
1801.746725,0.006122
1799.126638,0.008163
1796.506550,0.008163
1793.886463,0.008163
1791.266376,0.008163
1788.646288,0.008163
1786.026201,0.008163
1783.406114,0.008163
1780.786026,0.010204
1778.165939,0.010204
1775.545852,0.010204
1772.925764,0.010204
1770.305677,0.010204
1767.685590,0.010204
1765.065502,0.010204
1762.445415,0.010204
1759.825328,0.008163
1757.205240,0.008163
1754.585153,0.008163
1751.965066,0.008163
1749.344978,0.008163
1746.724891,0.008163
1744.104803,0.008163
1741.484716,0.008163
1738.864629,0.008163
1736.244541,0.008163
1733.624454,0.008163
1731.004367,0.008163
1728.384279,0.010204
1725.764192,0.010204
1723.144105,0.010204
1720.524017,0.010204
1717.903930,0.010204
1715.283843,0.010204
1712.663755,0.010204
1710.043668,0.008163
1707.423581,0.010204
1704.803493,0.010204
1702.183406,0.010204
1699.563319,0.008163
1696.943231,0.008163
1694.323144,0.008163
1691.703057,0.010204
1689.082969,0.010204
1686.462882,0.010204
1683.842795,0.010204
1681.222707,0.010204
1678.602620,0.010204
1675.982533,0.010204
1673.362445,0.010204
1670.742358,0.012245
1668.122271,0.012245
1665.502183,0.014286
1662.882096,0.014286
1660.262009,0.014286
1657.641921,0.014286
1655.021834,0.014286
1652.401747,0.012245
1649.781659,0.012245
1647.161572,0.012245
1644.541485,0.012245
1641.921397,0.012245
1639.301310,0.012245
1636.681223,0.012245
1634.061135,0.012245
1631.441048,0.012245
1628.820961,0.012245
1626.200873,0.012245
1623.580786,0.012245
1620.960699,0.014286
1618.340611,0.014286
1615.720524,0.014286
1613.100437,0.014286
1610.480349,0.014286
1607.860262,0.014286
1605.240175,0.014286
1602.620087,0.016327
1600.000000,0.018367
1597.379913,0.026531
1594.759825,0.036735
1592.139738,0.038776
1589.519651,0.036735
1586.899563,0.028571
1584.279476,0.020408
1581.659389,0.016327
1579.039301,0.014286
1576.419214,0.014286
1573.799127,0.014286
1571.179039,0.014286
1568.558952,0.014286
1565.938865,0.014286
1563.318777,0.014286
1560.698690,0.012245
1558.078603,0.012245
1555.458515,0.012245
1552.838428,0.012245
1550.218341,0.012245
1547.598253,0.012245
1544.978166,0.010204
1542.358079,0.010204
1539.737991,0.010204
1537.117904,0.010204
1534.497817,0.010204
1531.877729,0.010204
1529.257642,0.010204
1526.637555,0.010204
1524.017467,0.010204
1521.397380,0.010204
1518.777293,0.010204
1516.157205,0.010204
1513.537118,0.010204
1510.917031,0.010204
1508.296943,0.010204
1505.676856,0.010204
1503.056769,0.010204
1500.436681,0.010204
1497.816594,0.010204
1495.196507,0.012245
1492.576419,0.014286
1489.956332,0.018367
1487.336245,0.020408
1484.716157,0.020408
1482.096070,0.016327
1479.475983,0.014286
1476.855895,0.014286
1474.235808,0.012245
1471.615721,0.012245
1468.995633,0.014286
1466.375546,0.014286
1463.755459,0.014286
1461.135371,0.014286
1458.515284,0.016327
1455.895197,0.018367
1453.275109,0.020408
1450.655022,0.024490
1448.034934,0.026531
1445.414847,0.026531
1442.794760,0.026531
1440.174672,0.026531
1437.554585,0.030612
1434.934498,0.057143
1432.314410,0.108163
1429.694323,0.112245
1427.074236,0.110204
1424.454148,0.083673
1421.834061,0.048980
1419.213974,0.046939
1416.593886,0.055102
1413.973799,0.059184
1411.353712,0.059184
1408.733624,0.059184
1406.113537,0.057143
1403.493450,0.055102
1400.873362,0.051020
1398.253275,0.048980
1395.633188,0.046939
1393.013100,0.040816
1390.393013,0.034694
1387.772926,0.028571
1385.152838,0.024490
1382.532751,0.022449
1379.912664,0.020408
1377.292576,0.020408
1374.672489,0.020408
1372.052402,0.018367
1369.432314,0.016327
1366.812227,0.016327
1364.192140,0.016327
1361.572052,0.014286
1358.951965,0.014286
1356.331878,0.014286
1353.711790,0.014286
1351.091703,0.014286
1348.471616,0.012245
1345.851528,0.012245
1343.231441,0.012245
1340.611354,0.012245
1337.991266,0.014286
1335.371179,0.014286
1332.751092,0.014286
1330.131004,0.014286
1327.510917,0.014286
1324.890830,0.016327
1322.270742,0.016327
1319.650655,0.016327
1317.030568,0.016327
1314.410480,0.016327
1311.790393,0.018367
1309.170306,0.018367
1306.550218,0.020408
1303.930131,0.022449
1301.310044,0.022449
1298.689956,0.022449
1296.069869,0.024490
1293.449782,0.026531
1290.829694,0.028571
1288.209607,0.032653
1285.589520,0.038776
1282.969432,0.046939
1280.349345,0.061224
1277.729258,0.081633
1275.109170,0.116327
1272.489083,0.193878
1269.868996,0.344898
1267.248908,0.571429
1264.628821,0.779592
1262.008734,0.824490
1259.388646,0.826531
1256.768559,0.797959
1254.148472,0.628571
1251.528384,0.408163
1248.908297,0.242857
1246.288210,0.151020
1243.668122,0.102041
1241.048035,0.073469
1238.427948,0.057143
1235.807860,0.046939
1233.187773,0.038776
1230.567686,0.034694
1227.947598,0.030612
1225.327511,0.028571
1222.707424,0.026531
1220.087336,0.024490
1217.467249,0.022449
1214.847162,0.022449
1212.227074,0.022449
1209.606987,0.022449
1206.986900,0.022449
1204.366812,0.022449
1201.746725,0.022449
1199.126638,0.024490
1196.506550,0.028571
1193.886463,0.034694
1191.266376,0.040816
1188.646288,0.042857
1186.026201,0.042857
1183.406114,0.040816
1180.786026,0.040816
1178.165939,0.042857
1175.545852,0.046939
1172.925764,0.051020
1170.305677,0.057143
1167.685590,0.063265
1165.065502,0.069388
1162.445415,0.079592
1159.825328,0.089796
1157.205240,0.097959
1154.585153,0.108163
1151.965066,0.122449
1149.344978,0.138776
1146.724891,0.159184
1144.104803,0.187755
1141.484716,0.224490
1138.864629,0.275510
1136.244541,0.346939
1133.624454,0.444898
1131.004367,0.569388
1128.384279,0.661224
1125.764192,0.669388
1123.144105,0.669388
1120.524017,0.657143
1117.903930,0.624490
1115.283843,0.577551
1112.663755,0.616327
1110.043668,0.679592
1107.423581,0.742857
1104.803493,0.797959
1102.183406,0.838776
1099.563319,0.865306
1096.943231,0.881633
1094.323144,0.885714
1091.703057,0.887755
1089.082969,0.885714
1086.462882,0.881633
1083.842795,0.871429
1081.222707,0.859184
1078.602620,0.842857
1075.982533,0.822449
1073.362445,0.806122
1070.742358,0.789796
1068.122271,0.779592
1065.502183,0.769388
1062.882096,0.759184
1060.262009,0.744898
1057.641921,0.730612
1055.021834,0.722449
1052.401747,0.716327
1049.781659,0.720408
1047.161572,0.730612
1044.541485,0.744898
1041.921397,0.759184
1039.301310,0.777551
1036.681223,0.800000
1034.061135,0.830612
1031.441048,0.877551
1028.820961,0.908163
1026.200873,0.912245
1023.580786,0.914286
1020.960699,0.914286
1018.340611,0.912245
1015.720524,0.895918
1013.100437,0.857143
1010.480349,0.789796
1007.860262,0.697959
1005.240175,0.587755
1002.620087,0.487755
1000.000000,0.402041
997.379913,0.348980
994.759825,0.308163
992.139738,0.244898
989.519651,0.193878
986.899563,0.165306
984.279476,0.142857
981.659389,0.124490
979.039301,0.108163
976.419214,0.095918
973.799127,0.087755
971.179039,0.079592
968.558952,0.071429
965.938865,0.065306
963.318777,0.059184
960.698690,0.055102
958.078603,0.053061
955.458515,0.051020
952.838428,0.048980
950.218341,0.044898
947.598253,0.040816
944.978166,0.036735
942.358079,0.034694
939.737991,0.034694
937.117904,0.032653
934.497817,0.032653
931.877729,0.030612
929.257642,0.030612
926.637555,0.030612
924.017467,0.030612
921.397380,0.030612
918.777293,0.030612
916.157205,0.032653
913.537118,0.032653
910.917031,0.034694
908.296943,0.034694
905.676856,0.036735
903.056769,0.038776
900.436681,0.040816
897.816594,0.042857
895.196507,0.046939
892.576419,0.053061
889.956332,0.059184
887.336245,0.067347
884.716157,0.079592
882.096070,0.093878
879.475983,0.106122
876.855895,0.120408
874.235808,0.130612
871.615721,0.138776
868.995633,0.144898
866.375546,0.151020
863.755459,0.153061
861.135371,0.153061
858.515284,0.157143
855.895197,0.165306
853.275109,0.185714
850.655022,0.220408
848.034934,0.257143
845.414847,0.277551
842.794760,0.277551
840.174672,0.277551
837.554585,0.265306
834.934498,0.242857
832.314410,0.228571
829.694323,0.265306
827.074236,0.330612
824.454148,0.408163
821.834061,0.479592
819.213974,0.546939
816.593886,0.612245
813.973799,0.689796
811.353712,0.785714
808.733624,0.889796
806.113537,0.969388
803.493450,0.997959
800.873362,1.000000
798.253275,0.997959
795.633188,0.957143
793.013100,0.865306
790.393013,0.732653
787.772926,0.577551
785.152838,0.448980
782.532751,0.344898
779.912664,0.261224
777.292576,0.204082
774.672489,0.157143
772.052402,0.124490
769.432314,0.106122
766.812227,0.091837
764.192140,0.081633
761.572052,0.073469
758.951965,0.067347
756.331878,0.063265
753.711790,0.061224
751.091703,0.065306
748.471616,0.081633
745.851528,0.097959
743.231441,0.102041
740.611354,0.102041
737.991266,0.097959
735.371179,0.079592
732.751092,0.065306
730.131004,0.073469
727.510917,0.093878
724.890830,0.134694
722.270742,0.187755
719.650655,0.214286
717.030568,0.216327
714.410480,0.216327
711.790393,0.197959
709.170306,0.187755
706.550218,0.220408
703.930131,0.283673
701.310044,0.328571
698.689956,0.328571
696.069869,0.320408
693.449782,0.240816
690.829694,0.163265
688.209607,0.126531
685.589520,0.112245
682.969432,0.102041
680.349345,0.093878
677.729258,0.089796
675.109170,0.085714
672.489083,0.081633
669.868996,0.077551
667.248908,0.075510
664.628821,0.073469
662.008734,0.071429
659.388646,0.067347
656.768559,0.059184
654.148472,0.051020
651.528384,0.046939
648.908297,0.046939
646.288210,0.046939
643.668122,0.046939
641.048035,0.044898
638.427948,0.042857
635.807860,0.042857
633.187773,0.042857
630.567686,0.042857
627.947598,0.044898
625.327511,0.044898
622.707424,0.044898
620.087336,0.044898
617.467249,0.042857
614.847162,0.042857
612.227074,0.042857
609.606987,0.044898
606.986900,0.046939
604.366812,0.048980
601.746725,0.048980
599.126638,0.046939
596.506550,0.046939
593.886463,0.046939
591.266376,0.044898
588.646288,0.040816
586.026201,0.036735
583.406114,0.030612
580.786026,0.026531
578.165939,0.020408
575.545852,0.016327
572.925764,0.012245
570.305677,0.010204
567.685590,0.006122
565.065502,0.006122
562.445415,0.004082
559.825328,0.004082
557.205240,0.004082
554.585153,0.002041
551.965066,0.002041
549.344978,0.002041
546.724891,0.002041
544.104803,0.002041
541.484716,0.002041
538.864629,0.002041
536.244541,0.002041
533.624454,0.002041
531.004367,0.002041
528.384279,0.002041
525.764192,0.002041
523.144105,0.002041
520.524017,0.002041
517.903930,0.002041
515.283843,0.002041
512.663755,0.002041
510.043668,0.002041
507.423581,0.002041
504.803493,0.002041
502.183406,0.002041
499.563319,0.002041
496.943231,0.002041
494.323144,0.002041
491.703057,0.002041
489.082969,0.002041
486.462882,0.002041
483.842795,0.002041
481.222707,0.002041
478.602620,0.002041
475.982533,0.002041
473.362445,0.002041
470.742358,0.002041
468.122271,0.002041
465.502183,0.002041
462.882096,0.002041
460.262009,0.002041
457.641921,0.002041
455.021834,0.002041
452.401747,0.002041
449.781659,0.002041
447.161572,nan
444.541485,nan
441.921397,nan
439.301310,nan
436.681223,nan
434.061135,nan
431.441048,nan
428.820961,nan
426.200873,nan
423.580786,nan
420.960699,nan
418.340611,nan
415.720524,nan
413.100437,nan
410.480349,nan
407.860262,nan
405.240175,nan
402.620087,nan
400.000000,nan
