4000.000000,0.024490
3997.379913,0.024490
3994.759825,0.024490
3992.139738,0.024490
3989.519651,0.024490
3986.899563,0.024490
3984.279476,0.024490
3981.659389,0.024490
3979.039301,0.024490
3976.419214,0.024490
3973.799127,0.024490
3971.179039,0.024490
3968.558952,0.024490
3965.938865,0.024490
3963.318777,0.024490
3960.698690,0.024490
3958.078603,0.024490
3955.458515,0.024490
3952.838428,0.024490
3950.218341,0.024490
3947.598253,0.024490
3944.978166,0.024490
3942.358079,0.024490
3939.737991,0.024490
3937.117904,0.024490
3934.497817,0.024490
3931.877729,0.024490
3929.257642,0.024490
3926.637555,0.022449
3924.017467,0.024490
3921.397380,0.024490
3918.777293,0.024490
3916.157205,0.024490
3913.537118,0.022449
3910.917031,0.022449
3908.296943,0.024490
3905.676856,0.024490
3903.056769,0.024490
3900.436681,0.024490
3897.816594,0.022449
3895.196507,0.022449
3892.576419,0.022449
3889.956332,0.024490
3887.336245,0.022449
3884.716157,0.024490
3882.096070,0.022449
3879.475983,0.022449
3876.855895,0.022449
3874.235808,0.022449
3871.615721,0.022449
3868.995633,0.022449
3866.375546,0.022449
3863.755459,0.022449
3861.135371,0.022449
3858.515284,0.022449
3855.895197,0.022449
3853.275109,0.024490
3850.655022,0.024490
3848.034934,0.022449
3845.414847,0.022449
3842.794760,0.024490
3840.174672,0.024490
3837.554585,0.024490
3834.934498,0.022449
3832.314410,0.022449
3829.694323,0.022449
3827.074236,0.024490
3824.454148,0.024490
3821.834061,0.024490
3819.213974,0.024490
3816.593886,0.022449
3813.973799,0.022449
3811.353712,0.022449
3808.733624,0.024490
3806.113537,0.024490
3803.493450,0.024490
3800.873362,0.024490
3798.253275,0.024490
3795.633188,0.024490
3793.013100,0.024490
3790.393013,0.026531
3787.772926,0.026531
3785.152838,0.026531
3782.532751,0.026531
3779.912664,0.026531
3777.292576,0.026531
3774.672489,0.026531
3772.052402,0.028571
3769.432314,0.028571
3766.812227,0.028571
3764.192140,0.028571
3761.572052,0.028571
3758.951965,0.028571
3756.331878,0.028571
3753.711790,0.028571
3751.091703,0.028571
3748.471616,0.028571
3745.851528,0.026531
3743.231441,0.026531
3740.611354,0.026531
3737.991266,0.024490
3735.371179,0.026531
3732.751092,0.026531
3730.131004,0.024490
3727.510917,0.026531
3724.890830,0.026531
3722.270742,0.026531
3719.650655,0.026531
3717.030568,0.026531
3714.410480,0.028571
3711.790393,0.028571
3709.170306,0.028571
3706.550218,0.026531
3703.930131,0.028571
3701.310044,0.028571
3698.689956,0.028571
3696.069869,0.028571
3693.449782,0.028571
3690.829694,0.028571
3688.209607,0.028571
3685.589520,0.028571
3682.969432,0.026531
3680.349345,0.026531
3677.729258,0.026531
3675.109170,0.026531
3672.489083,0.026531
3669.868996,0.024490
3667.248908,0.024490
3664.628821,0.024490
3662.008734,0.026531
3659.388646,0.026531
3656.768559,0.028571
3654.148472,0.028571
3651.528384,0.026531
3648.908297,0.026531
3646.288210,0.026531
3643.668122,0.026531
3641.048035,0.026531
3638.427948,0.028571
3635.807860,0.028571
3633.187773,0.028571
3630.567686,0.028571
3627.947598,0.028571
3625.327511,0.026531
3622.707424,0.026531
3620.087336,0.026531
3617.467249,0.026531
3614.847162,0.026531
3612.227074,0.026531
3609.606987,0.026531
3606.986900,0.026531
3604.366812,0.026531
3601.746725,0.026531
3599.126638,0.028571
3596.506550,0.028571
3593.886463,0.028571
3591.266376,0.028571
3588.646288,0.028571
3586.026201,0.028571
3583.406114,0.028571
3580.786026,0.026531
3578.165939,0.028571
3575.545852,0.028571
3572.925764,0.028571
3570.305677,0.028571
3567.685590,0.028571
3565.065502,0.028571
3562.445415,0.026531
3559.825328,0.028571
3557.205240,0.028571
3554.585153,0.028571
3551.965066,0.028571
3549.344978,0.028571
3546.724891,0.028571
3544.104803,0.028571
3541.484716,0.028571
3538.864629,0.028571
3536.244541,0.028571
3533.624454,0.028571
3531.004367,0.028571
3528.384279,0.028571
3525.764192,0.028571
3523.144105,0.028571
3520.524017,0.028571
3517.903930,0.030612
3515.283843,0.030612
3512.663755,0.030612
3510.043668,0.030612
3507.423581,0.030612
3504.803493,0.030612
3502.183406,0.030612
3499.563319,0.030612
3496.943231,0.030612
3494.323144,0.030612
3491.703057,0.030612
3489.082969,0.030612
3486.462882,0.032653
3483.842795,0.032653
3481.222707,0.032653
3478.602620,0.032653
3475.982533,0.032653
3473.362445,0.032653
3470.742358,0.032653
3468.122271,0.032653
3465.502183,0.032653
3462.882096,0.032653
3460.262009,0.032653
3457.641921,0.032653
3455.021834,0.032653
3452.401747,0.032653
3449.781659,0.032653
3447.161572,0.032653
3444.541485,0.032653
3441.921397,0.032653
3439.301310,0.034694
3436.681223,0.034694
3434.061135,0.032653
3431.441048,0.034694
3428.820961,0.034694
3426.200873,0.034694
3423.580786,0.034694
3420.960699,0.034694
3418.340611,0.034694
3415.720524,0.034694
3413.100437,0.034694
3410.480349,0.034694
3407.860262,0.034694
3405.240175,0.034694
3402.620087,0.034694
3400.000000,0.034694
3397.379913,0.034694
3394.759825,0.034694
3392.139738,0.034694
3389.519651,0.034694
3386.899563,0.034694
3384.279476,0.034694
3381.659389,0.034694
3379.039301,0.034694
3376.419214,0.034694
3373.799127,0.034694
3371.179039,0.034694
3368.558952,0.034694
3365.938865,0.034694
3363.318777,0.034694
3360.698690,0.034694
3358.078603,0.034694
3355.458515,0.034694
3352.838428,0.034694
3350.218341,0.034694
3347.598253,0.034694
3344.978166,0.034694
3342.358079,0.034694
3339.737991,0.034694
3337.117904,0.034694
3334.497817,0.034694
3331.877729,0.034694
3329.257642,0.034694
3326.637555,0.034694
3324.017467,0.034694
3321.397380,0.034694
3318.777293,0.034694
3316.157205,0.034694
3313.537118,0.034694
3310.917031,0.034694
3308.296943,0.034694
3305.676856,0.034694
3303.056769,0.034694
3300.436681,0.034694
3297.816594,0.034694
3295.196507,0.034694
3292.576419,0.034694
3289.956332,0.034694
3287.336245,0.034694
3284.716157,0.034694
3282.096070,0.034694
3279.475983,0.032653
3276.855895,0.034694
3274.235808,0.034694
3271.615721,0.034694
3268.995633,0.034694
3266.375546,0.034694
3263.755459,0.034694
3261.135371,0.034694
3258.515284,0.034694
3255.895197,0.032653
3253.275109,0.032653
3250.655022,0.032653
3248.034934,0.032653
3245.414847,0.032653
3242.794760,0.034694
3240.174672,0.034694
3237.554585,0.032653
3234.934498,0.032653
3232.314410,0.032653
3229.694323,0.034694
3227.074236,0.034694
3224.454148,0.034694
3221.834061,0.034694
3219.213974,0.034694
3216.593886,0.032653
3213.973799,0.034694
3211.353712,0.034694
3208.733624,0.034694
3206.113537,0.034694
3203.493450,0.032653
3200.873362,0.034694
3198.253275,0.034694
3195.633188,0.034694
3193.013100,0.034694
3190.393013,0.034694
3187.772926,0.034694
3185.152838,0.034694
3182.532751,0.034694
3179.912664,0.034694
3177.292576,0.034694
3174.672489,0.034694
3172.052402,0.034694
3169.432314,0.034694
3166.812227,0.034694
3164.192140,0.034694
3161.572052,0.034694
3158.951965,0.034694
3156.331878,0.034694
3153.711790,0.034694
3151.091703,0.034694
3148.471616,0.034694
3145.851528,0.034694
3143.231441,0.036735
3140.611354,0.036735
3137.991266,0.036735
3135.371179,0.036735
3132.751092,0.036735
3130.131004,0.036735
3127.510917,0.036735
3124.890830,0.038776
3122.270742,0.038776
3119.650655,0.038776
3117.030568,0.036735
3114.410480,0.038776
3111.790393,0.038776
3109.170306,0.038776
3106.550218,0.038776
3103.930131,0.038776
3101.310044,0.038776
3098.689956,0.038776
3096.069869,0.038776
3093.449782,0.038776
3090.829694,0.038776
3088.209607,0.038776
3085.589520,0.036735
3082.969432,0.036735
3080.349345,0.036735
3077.729258,0.036735
3075.109170,0.036735
3072.489083,0.036735
3069.868996,0.036735
3067.248908,0.036735
3064.628821,0.036735
3062.008734,0.036735
3059.388646,0.036735
3056.768559,0.036735
3054.148472,0.036735
3051.528384,0.036735
3048.908297,0.036735
3046.288210,0.036735
3043.668122,0.036735
3041.048035,0.036735
3038.427948,0.036735
3035.807860,0.036735
3033.187773,0.036735
3030.567686,0.038776
3027.947598,0.038776
3025.327511,0.038776
3022.707424,0.038776
3020.087336,0.038776
3017.467249,0.038776
3014.847162,0.040816
3012.227074,0.040816
3009.606987,0.042857
3006.986900,0.044898
3004.366812,0.048980
3001.746725,0.051020
2999.126638,0.057143
2996.506550,0.061224
2993.886463,0.067347
2991.266376,0.073469
2988.646288,0.079592
2986.026201,0.085714
2983.406114,0.097959
2980.786026,0.114286
2978.165939,0.138776
2975.545852,0.177551
2972.925764,0.228571
2970.305677,0.293878
2967.685590,0.369388
2965.065502,0.428571
2962.445415,0.451020
2959.825328,0.453061
2957.205240,0.451020
2954.585153,0.416327
2951.965066,0.351020
2949.344978,0.281633
2946.724891,0.220408
2944.104803,0.175510
2941.484716,0.144898
2938.864629,0.126531
2936.244541,0.114286
2933.624454,0.108163
2931.004367,0.102041
2928.384279,0.097959
2925.764192,0.091837
2923.144105,0.087755
2920.524017,0.085714
2917.903930,0.087755
2915.283843,0.091837
2912.663755,0.095918
2910.043668,0.102041
2907.423581,0.108163
2904.803493,0.110204
2902.183406,0.110204
2899.563319,0.108163
2896.943231,0.102041
2894.323144,0.093878
2891.703057,0.085714
2889.082969,0.081633
2886.462882,0.077551
2883.842795,0.075510
2881.222707,0.073469
2878.602620,0.071429
2875.982533,0.067347
2873.362445,0.061224
2870.742358,0.057143
2868.122271,0.053061
2865.502183,0.051020
2862.882096,0.048980
2860.262009,0.044898
2857.641921,0.042857
2855.021834,0.042857
2852.401747,0.042857
2849.781659,0.042857
2847.161572,0.042857
2844.541485,0.040816
2841.921397,0.038776
2839.301310,0.036735
2836.681223,0.034694
2834.061135,0.034694
2831.441048,0.032653
2828.820961,0.032653
2826.200873,0.030612
2823.580786,0.030612
2820.960699,0.030612
2818.340611,0.030612
2815.720524,0.030612
2813.100437,0.030612
2810.480349,0.030612
2807.860262,0.030612
2805.240175,0.030612
2802.620087,0.030612
2800.000000,0.030612
2797.379913,0.030612
2794.759825,0.030612
2792.139738,0.030612
2789.519651,0.030612
2786.899563,0.028571
2784.279476,0.028571
2781.659389,0.026531
2779.039301,0.024490
2776.419214,0.024490
2773.799127,0.022449
2771.179039,0.022449
2768.558952,0.022449
2765.938865,0.020408
2763.318777,0.020408
2760.698690,0.020408
2758.078603,0.020408
2755.458515,0.020408
2752.838428,0.020408
2750.218341,0.018367
2747.598253,0.018367
2744.978166,0.018367
2742.358079,0.018367
2739.737991,0.018367
2737.117904,0.018367
2734.497817,0.018367
2731.877729,0.018367
2729.257642,0.018367
2726.637555,0.018367
2724.017467,0.018367
2721.397380,0.018367
2718.777293,0.018367
2716.157205,0.018367
2713.537118,0.018367
2710.917031,0.018367
2708.296943,0.018367
2705.676856,0.018367
2703.056769,0.018367
2700.436681,0.018367
2697.816594,0.016327
2695.196507,0.018367
2692.576419,0.018367
2689.956332,0.018367
2687.336245,0.016327
2684.716157,0.018367
2682.096070,0.018367
2679.475983,0.018367
2676.855895,0.018367
2674.235808,0.018367
2671.615721,0.018367
2668.995633,0.018367
2666.375546,0.018367
2663.755459,0.018367
2661.135371,0.018367
2658.515284,0.018367
2655.895197,0.018367
2653.275109,0.018367
2650.655022,0.018367
2648.034934,0.016327
2645.414847,0.016327
2642.794760,0.016327
2640.174672,0.016327
2637.554585,0.016327
2634.934498,0.016327
2632.314410,0.016327
2629.694323,0.016327
2627.074236,0.016327
2624.454148,0.016327
2621.834061,0.016327
2619.213974,0.014286
2616.593886,0.014286
2613.973799,0.014286
2611.353712,0.014286
2608.733624,0.014286
2606.113537,0.014286
2603.493450,0.014286
2600.873362,0.014286
2598.253275,0.014286
2595.633188,0.014286
2593.013100,0.014286
2590.393013,0.014286
2587.772926,0.014286
2585.152838,0.014286
2582.532751,0.014286
2579.912664,0.014286
2577.292576,0.014286
2574.672489,0.014286
2572.052402,0.014286
2569.432314,0.014286
2566.812227,0.014286
2564.192140,0.014286
2561.572052,0.014286
2558.951965,0.014286
2556.331878,0.014286
2553.711790,0.014286
2551.091703,0.014286
2548.471616,0.014286
2545.851528,0.014286
2543.231441,0.014286
2540.611354,0.014286
2537.991266,0.014286
2535.371179,0.014286
2532.751092,0.014286
2530.131004,0.012245
2527.510917,0.014286
2524.890830,0.012245
2522.270742,0.012245
2519.650655,0.014286
2517.030568,0.014286
2514.410480,0.014286
2511.790393,0.014286
2509.170306,0.014286
2506.550218,0.014286
2503.930131,0.016327
2501.310044,0.016327
2498.689956,0.016327
2496.069869,0.016327
2493.449782,0.016327
2490.829694,0.016327
2488.209607,0.014286
2485.589520,0.014286
2482.969432,0.014286
2480.349345,0.014286
2477.729258,0.014286
2475.109170,0.014286
2472.489083,0.014286
2469.868996,0.014286
2467.248908,0.014286
2464.628821,0.014286
2462.008734,0.014286
2459.388646,0.014286
2456.768559,0.014286
2454.148472,0.014286
2451.528384,0.014286
2448.908297,0.014286
2446.288210,0.014286
2443.668122,0.014286
2441.048035,0.014286
2438.427948,0.014286
2435.807860,0.014286
2433.187773,0.014286
2430.567686,0.014286
2427.947598,0.014286
2425.327511,0.014286
2422.707424,0.014286
2420.087336,0.014286
2417.467249,0.014286
2414.847162,0.014286
2412.227074,0.014286
2409.606987,0.012245
2406.986900,0.014286
2404.366812,0.014286
2401.746725,0.012245
2399.126638,0.012245
2396.506550,0.012245
2393.886463,0.014286
2391.266376,0.014286
2388.646288,0.014286
2386.026201,0.012245
2383.406114,0.012245
2380.786026,0.012245
2378.165939,0.012245
2375.545852,0.010204
2372.925764,0.010204
2370.305677,0.008163
2367.685590,0.006122
2365.065502,0.006122
2362.445415,0.004082
2359.825328,0.004082
2357.205240,0.002041
2354.585153,0.004082
2351.965066,0.004082
2349.344978,0.006122
2346.724891,0.008163
2344.104803,0.008163
2341.484716,0.006122
2338.864629,0.006122
2336.244541,0.006122
2333.624454,0.006122
2331.004367,0.006122
2328.384279,0.006122
2325.764192,0.006122
2323.144105,0.006122
2320.524017,0.006122
2317.903930,0.008163
2315.283843,0.008163
2312.663755,0.008163
2310.043668,0.010204
2307.423581,0.010204
2304.803493,0.010204
2302.183406,0.012245
2299.563319,0.012245
2296.943231,0.012245
2294.323144,0.012245
2291.703057,0.012245
2289.082969,0.012245
2286.462882,0.012245
2283.842795,0.012245
2281.222707,0.012245
2278.602620,0.012245
2275.982533,0.012245
2273.362445,0.012245
2270.742358,0.012245
2268.122271,0.012245
2265.502183,0.012245
2262.882096,0.012245
2260.262009,0.012245
2257.641921,0.012245
2255.021834,0.012245
2252.401747,0.012245
2249.781659,0.012245
2247.161572,0.012245
2244.541485,0.012245
2241.921397,0.012245
2239.301310,0.012245
2236.681223,0.012245
2234.061135,0.012245
2231.441048,0.012245
2228.820961,0.012245
2226.200873,0.012245
2223.580786,0.012245
2220.960699,0.012245
2218.340611,0.012245
2215.720524,0.012245
2213.100437,0.012245
2210.480349,0.012245
2207.860262,0.012245
2205.240175,0.012245
2202.620087,0.012245
2200.000000,0.012245
2197.379913,0.012245
2194.759825,0.012245
2192.139738,0.012245
2189.519651,0.012245
2186.899563,0.012245
2184.279476,0.012245
2181.659389,0.012245
2179.039301,0.012245
2176.419214,0.012245
2173.799127,0.012245
2171.179039,0.012245
2168.558952,0.012245
2165.938865,0.012245
2163.318777,0.012245
2160.698690,0.012245
2158.078603,0.012245
2155.458515,0.012245
2152.838428,0.012245
2150.218341,0.012245
2147.598253,0.012245
2144.978166,0.012245
2142.358079,0.014286
2139.737991,0.014286
2137.117904,0.014286
2134.497817,0.014286
2131.877729,0.014286
2129.257642,0.014286
2126.637555,0.014286
2124.017467,0.014286
2121.397380,0.014286
2118.777293,0.014286
2116.157205,0.014286
2113.537118,0.014286
2110.917031,0.014286
2108.296943,0.014286
2105.676856,0.014286
2103.056769,0.014286
2100.436681,0.014286
2097.816594,0.014286
2095.196507,0.014286
2092.576419,0.014286
2089.956332,0.014286
2087.336245,0.014286
2084.716157,0.014286
2082.096070,0.014286
2079.475983,0.014286
2076.855895,0.014286
2074.235808,0.014286
2071.615721,0.014286
2068.995633,0.016327
2066.375546,0.014286
2063.755459,0.016327
2061.135371,0.016327
2058.515284,0.016327
2055.895197,0.016327
2053.275109,0.016327
2050.655022,0.016327
2048.034934,0.016327
2045.414847,0.014286
2042.794760,0.014286
2040.174672,0.014286
2037.554585,0.014286
2034.934498,0.014286
2032.314410,0.014286
2029.694323,0.012245
2027.074236,0.012245
2024.454148,0.012245
2021.834061,0.012245
2019.213974,0.012245
2016.593886,0.012245
2013.973799,0.012245
2011.353712,0.012245
2008.733624,0.014286
2006.113537,0.014286
2003.493450,0.014286
2000.873362,0.014286
1998.253275,0.014286
1995.633188,0.014286
1993.013100,0.014286
1990.393013,0.014286
1987.772926,0.014286
1985.152838,0.014286
1982.532751,0.014286
1979.912664,0.014286
1977.292576,0.014286
1974.672489,0.016327
1972.052402,0.016327
1969.432314,0.016327
1966.812227,0.018367
1964.192140,0.018367
1961.572052,0.018367
1958.951965,0.018367
1956.331878,0.018367
1953.711790,0.020408
1951.091703,0.020408
1948.471616,0.020408
1945.851528,0.020408
1943.231441,0.020408
1940.611354,0.020408
1937.991266,0.020408
1935.371179,0.020408
1932.751092,0.018367
1930.131004,0.018367
1927.510917,0.018367
1924.890830,0.018367
1922.270742,0.016327
1919.650655,0.016327
1917.030568,0.016327
1914.410480,0.014286
1911.790393,0.014286
1909.170306,0.014286
1906.550218,0.014286
1903.930131,0.014286
1901.310044,0.014286
1898.689956,0.014286
1896.069869,0.014286
1893.449782,0.014286
1890.829694,0.014286
1888.209607,0.014286
1885.589520,0.014286
1882.969432,0.014286
1880.349345,0.014286
1877.729258,0.014286
1875.109170,0.014286
1872.489083,0.014286
1869.868996,0.014286
1867.248908,0.014286
1864.628821,0.012245
1862.008734,0.014286
1859.388646,0.014286
1856.768559,0.014286
1854.148472,0.012245
1851.528384,0.012245
1848.908297,0.012245
1846.288210,0.012245
1843.668122,0.012245
1841.048035,0.012245
1838.427948,0.012245
1835.807860,0.012245
1833.187773,0.014286
1830.567686,0.014286
1827.947598,0.012245
1825.327511,0.012245
1822.707424,0.014286
1820.087336,0.014286
1817.467249,0.014286
1814.847162,0.014286
1812.227074,0.014286
1809.606987,0.014286
1806.986900,0.014286
1804.366812,0.016327
1801.746725,0.016327
1799.126638,0.016327
1796.506550,0.016327
1793.886463,0.016327
1791.266376,0.016327
1788.646288,0.016327
1786.026201,0.018367
1783.406114,0.018367
1780.786026,0.018367
1778.165939,0.018367
1775.545852,0.018367
1772.925764,0.018367
1770.305677,0.016327
1767.685590,0.018367
1765.065502,0.018367
1762.445415,0.018367
1759.825328,0.018367
1757.205240,0.018367
1754.585153,0.018367
1751.965066,0.018367
1749.344978,0.018367
1746.724891,0.018367
1744.104803,0.020408
1741.484716,0.020408
1738.864629,0.020408
1736.244541,0.020408
1733.624454,0.022449
1731.004367,0.026531
1728.384279,0.030612
1725.764192,0.032653
1723.144105,0.034694
1720.524017,0.034694
1717.903930,0.034694
1715.283843,0.030612
1712.663755,0.024490
1710.043668,0.024490
1707.423581,0.024490
1704.803493,0.022449
1702.183406,0.020408
1699.563319,0.020408
1696.943231,0.018367
1694.323144,0.020408
1691.703057,0.022449
1689.082969,0.022449
1686.462882,0.022449
1683.842795,0.022449
1681.222707,0.020408
1678.602620,0.022449
1675.982533,0.024490
1673.362445,0.022449
1670.742358,0.022449
1668.122271,0.022449
1665.502183,0.024490
1662.882096,0.024490
1660.262009,0.026531
1657.641921,0.026531
1655.021834,0.026531
1652.401747,0.026531
1649.781659,0.024490
1647.161572,0.026531
1644.541485,0.026531
1641.921397,0.028571
1639.301310,0.030612
1636.681223,0.030612
1634.061135,0.028571
1631.441048,0.028571
1628.820961,0.028571
1626.200873,0.028571
1623.580786,0.028571
1620.960699,0.030612
1618.340611,0.030612
1615.720524,0.030612
1613.100437,0.030612
1610.480349,0.030612
1607.860262,0.030612
1605.240175,0.030612
1602.620087,0.030612
1600.000000,0.030612
1597.379913,0.030612
1594.759825,0.030612
1592.139738,0.030612
1589.519651,0.030612
1586.899563,0.028571
1584.279476,0.028571
1581.659389,0.028571
1579.039301,0.028571
1576.419214,0.026531
1573.799127,0.026531
1571.179039,0.026531
1568.558952,0.024490
1565.938865,0.024490
1563.318777,0.024490
1560.698690,0.024490
1558.078603,0.024490
1555.458515,0.022449
1552.838428,0.024490
1550.218341,0.024490
1547.598253,0.024490
1544.978166,0.024490
1542.358079,0.022449
1539.737991,0.022449
1537.117904,0.022449
1534.497817,0.022449
1531.877729,0.022449
1529.257642,0.024490
1526.637555,0.024490
1524.017467,0.022449
1521.397380,0.022449
1518.777293,0.020408
1516.157205,0.020408
1513.537118,0.022449
1510.917031,0.022449
1508.296943,0.022449
1505.676856,0.020408
1503.056769,0.022449
1500.436681,0.024490
1497.816594,0.024490
1495.196507,0.024490
1492.576419,0.024490
1489.956332,0.024490
1487.336245,0.026531
1484.716157,0.028571
1482.096070,0.028571
1479.475983,0.030612
1476.855895,0.030612
1474.235808,0.030612
1471.615721,0.030612
1468.995633,0.032653
1466.375546,0.034694
1463.755459,0.040816
1461.135371,0.044898
1458.515284,0.044898
1455.895197,0.044898
1453.275109,0.051020
1450.655022,0.057143
1448.034934,0.063265
1445.414847,0.067347
1442.794760,0.067347
1440.174672,0.065306
1437.554585,0.065306
1434.934498,0.063265
1432.314410,0.059184
1429.694323,0.055102
1427.074236,0.059184
1424.454148,0.069388
1421.834061,0.081633
1419.213974,0.095918
1416.593886,0.110204
1413.973799,0.114286
1411.353712,0.114286
1408.733624,0.114286
1406.113537,0.110204
1403.493450,0.102041
1400.873362,0.095918
1398.253275,0.091837
1395.633188,0.085714
1393.013100,0.077551
1390.393013,0.065306
1387.772926,0.055102
1385.152838,0.048980
1382.532751,0.042857
1379.912664,0.040816
1377.292576,0.038776
1374.672489,0.038776
1372.052402,0.036735
1369.432314,0.034694
1366.812227,0.034694
1364.192140,0.034694
1361.572052,0.034694
1358.951965,0.034694
1356.331878,0.036735
1353.711790,0.036735
1351.091703,0.040816
1348.471616,0.042857
1345.851528,0.044898
1343.231441,0.044898
1340.611354,0.042857
1337.991266,0.038776
1335.371179,0.038776
1332.751092,0.038776
1330.131004,0.038776
1327.510917,0.040816
1324.890830,0.042857
1322.270742,0.044898
1319.650655,0.051020
1317.030568,0.059184
1314.410480,0.069388
1311.790393,0.073469
1309.170306,0.073469
1306.550218,0.071429
1303.930131,0.065306
1301.310044,0.061224
1298.689956,0.063265
1296.069869,0.067347
1293.449782,0.069388
1290.829694,0.073469
1288.209607,0.081633
1285.589520,0.093878
1282.969432,0.110204
1280.349345,0.138776
1277.729258,0.181633
1275.109170,0.257143
1272.489083,0.391837
1269.868996,0.585714
1267.248908,0.793878
1264.628821,0.920408
1262.008734,0.948980
1259.388646,0.948980
1256.768559,0.936735
1254.148472,0.818367
1251.528384,0.604082
1248.908297,0.400000
1246.288210,0.269388
1243.668122,0.191837
1241.048035,0.142857
1238.427948,0.114286
1235.807860,0.097959
1233.187773,0.089796
1230.567686,0.087755
1227.947598,0.081633
1225.327511,0.069388
1222.707424,0.061224
1220.087336,0.055102
1217.467249,0.051020
1214.847162,0.048980
1212.227074,0.048980
1209.606987,0.048980
1206.986900,0.051020
1204.366812,0.053061
1201.746725,0.055102
1199.126638,0.057143
1196.506550,0.061224
1193.886463,0.067347
1191.266376,0.075510
1188.646288,0.083673
1186.026201,0.095918
1183.406114,0.110204
1180.786026,0.122449
1178.165939,0.124490
1175.545852,0.126531
1172.925764,0.130612
1170.305677,0.142857
1167.685590,0.157143
1165.065502,0.171429
1162.445415,0.177551
1159.825328,0.179592
1157.205240,0.179592
1154.585153,0.185714
1151.965066,0.195918
1149.344978,0.208163
1146.724891,0.222449
1144.104803,0.242857
1141.484716,0.267347
1138.864629,0.295918
1136.244541,0.328571
1133.624454,0.365306
1131.004367,0.406122
1128.384279,0.459184
1125.764192,0.516327
1123.144105,0.577551
1120.524017,0.646939
1117.903930,0.710204
1115.283843,0.767347
1112.663755,0.822449
1110.043668,0.865306
1107.423581,0.900000
1104.803493,0.928571
1102.183406,0.940816
1099.563319,0.951020
1096.943231,0.955102
1094.323144,0.957143
1091.703057,0.955102
1089.082969,0.953061
1086.462882,0.946939
1083.842795,0.946939
1081.222707,0.938776
1078.602620,0.934694
1075.982533,0.924490
1073.362445,0.916327
1070.742358,0.914286
1068.122271,0.906122
1065.502183,0.897959
1062.882096,0.893878
1060.262009,0.883673
1057.641921,0.879592
1055.021834,0.875510
1052.401747,0.873469
1049.781659,0.873469
1047.161572,0.881633
1044.541485,0.883673
1041.921397,0.891837
1039.301310,0.900000
1036.681223,0.910204
1034.061135,0.924490
1031.441048,0.936735
1028.820961,0.944898
1026.200873,0.957143
1023.580786,0.959184
1020.960699,0.959184
1018.340611,0.959184
1015.720524,0.951020
1013.100437,0.934694
1010.480349,0.889796
1007.860262,0.822449
1005.240175,0.734694
1002.620087,0.646939
1000.000000,0.563265
997.379913,0.477551
994.759825,0.410204
992.139738,0.353061
989.519651,0.297959
986.899563,0.253061
984.279476,0.216327
981.659389,0.183673
979.039301,0.161224
976.419214,0.142857
973.799127,0.128571
971.179039,0.116327
968.558952,0.108163
965.938865,0.106122
963.318777,0.102041
960.698690,0.093878
958.078603,0.081633
955.458515,0.071429
952.838428,0.065306
950.218341,0.061224
947.598253,0.057143
944.978166,0.053061
942.358079,0.051020
939.737991,0.051020
937.117904,0.048980
934.497817,0.048980
931.877729,0.046939
929.257642,0.046939
926.637555,0.046939
924.017467,0.048980
921.397380,0.051020
918.777293,0.059184
916.157205,0.063265
913.537118,0.067347
910.917031,0.069388
908.296943,0.069388
905.676856,0.067347
903.056769,0.069388
900.436681,0.073469
897.816594,0.079592
895.196507,0.087755
892.576419,0.097959
889.956332,0.110204
887.336245,0.124490
884.716157,0.146939
882.096070,0.169388
879.475983,0.191837
876.855895,0.214286
874.235808,0.234694
871.615721,0.253061
868.995633,0.267347
866.375546,0.275510
863.755459,0.279592
861.135371,0.281633
858.515284,0.283673
855.895197,0.289796
853.275109,0.293878
850.655022,0.300000
848.034934,0.304082
845.414847,0.306122
842.794760,0.306122
840.174672,0.304082
837.554585,0.300000
834.934498,0.322449
832.314410,0.365306
829.694323,0.430612
827.074236,0.530612
824.454148,0.622449
821.834061,0.697959
819.213974,0.757143
816.593886,0.800000
813.973799,0.853061
811.353712,0.897959
808.733624,0.938776
806.113537,0.981633
803.493450,0.993878
800.873362,1.000000
798.253275,1.000000
795.633188,0.983673
793.013100,0.953061
790.393013,0.885714
787.772926,0.791837
785.152838,0.683673
782.532751,0.577551
779.912664,0.502041
777.292576,0.442857
774.672489,0.379592
772.052402,0.314286
769.432314,0.261224
766.812227,0.226531
764.192140,0.206122
761.572052,0.189796
758.951965,0.181633
756.331878,0.181633
753.711790,0.179592
751.091703,0.173469
748.471616,0.159184
745.851528,0.153061
743.231441,0.155102
740.611354,0.155102
737.991266,0.155102
735.371179,0.148980
732.751092,0.134694
730.131004,0.112245
727.510917,0.093878
724.890830,0.081633
722.270742,0.071429
719.650655,0.071429
717.030568,0.079592
714.410480,0.095918
711.790393,0.116327
709.170306,0.132653
706.550218,0.138776
703.930131,0.140816
701.310044,0.142857
698.689956,0.142857
696.069869,0.140816
693.449782,0.138776
690.829694,0.140816
688.209607,0.142857
685.589520,0.142857
682.969432,0.140816
680.349345,0.136735
677.729258,0.130612
675.109170,0.126531
672.489083,0.122449
669.868996,0.118367
667.248908,0.112245
664.628821,0.112245
662.008734,0.110204
659.388646,0.108163
656.768559,0.093878
654.148472,0.073469
651.528384,0.063265
648.908297,0.057143
646.288210,0.055102
643.668122,0.053061
641.048035,0.048980
638.427948,0.042857
635.807860,0.038776
633.187773,0.038776
630.567686,0.038776
627.947598,0.038776
625.327511,0.038776
622.707424,0.036735
620.087336,0.034694
617.467249,0.036735
614.847162,0.036735
612.227074,0.036735
609.606987,0.038776
606.986900,0.040816
604.366812,0.038776
601.746725,0.038776
599.126638,0.038776
596.506550,0.038776
593.886463,0.038776
591.266376,0.036735
588.646288,0.032653
586.026201,0.030612
583.406114,0.026531
580.786026,0.022449
578.165939,0.018367
575.545852,0.014286
572.925764,0.010204
570.305677,0.008163
567.685590,0.006122
565.065502,0.004082
562.445415,0.004082
559.825328,0.004082
557.205240,0.004082
554.585153,0.002041
551.965066,0.002041
549.344978,0.002041
546.724891,0.002041
544.104803,0.002041
541.484716,0.002041
538.864629,0.002041
536.244541,0.002041
533.624454,0.002041
531.004367,0.002041
528.384279,0.002041
525.764192,0.002041
523.144105,0.002041
520.524017,0.002041
517.903930,0.002041
515.283843,0.002041
512.663755,0.002041
510.043668,0.002041
507.423581,0.002041
504.803493,0.002041
502.183406,0.002041
499.563319,0.002041
496.943231,0.002041
494.323144,0.002041
491.703057,0.002041
489.082969,0.002041
486.462882,0.002041
483.842795,0.002041
481.222707,0.002041
478.602620,0.002041
475.982533,0.002041
473.362445,0.002041
470.742358,0.002041
468.122271,0.002041
465.502183,0.002041
462.882096,0.002041
460.262009,0.002041
457.641921,0.002041
455.021834,0.002041
452.401747,0.002041
449.781659,0.002041
447.161572,nan
444.541485,nan
441.921397,nan
439.301310,nan
436.681223,nan
434.061135,nan
431.441048,nan
428.820961,nan
426.200873,nan
423.580786,nan
420.960699,nan
418.340611,nan
415.720524,nan
413.100437,nan
410.480349,nan
407.860262,nan
405.240175,nan
402.620087,nan
400.000000,nan
