4000.000000,0.012245
3997.379913,0.014286
3994.759825,0.014286
3992.139738,0.014286
3989.519651,0.014286
3986.899563,0.014286
3984.279476,0.014286
3981.659389,0.014286
3979.039301,0.014286
3976.419214,0.014286
3973.799127,0.014286
3971.179039,0.014286
3968.558952,0.014286
3965.938865,0.014286
3963.318777,0.014286
3960.698690,0.014286
3958.078603,0.016327
3955.458515,0.014286
3952.838428,0.014286
3950.218341,0.014286
3947.598253,0.014286
3944.978166,0.014286
3942.358079,0.014286
3939.737991,0.014286
3937.117904,0.014286
3934.497817,0.012245
3931.877729,0.014286
3929.257642,0.014286
3926.637555,0.014286
3924.017467,0.014286
3921.397380,0.014286
3918.777293,0.014286
3916.157205,0.014286
3913.537118,0.014286
3910.917031,0.012245
3908.296943,0.012245
3905.676856,0.014286
3903.056769,0.016327
3900.436681,0.016327
3897.816594,0.014286
3895.196507,0.012245
3892.576419,0.012245
3889.956332,0.014286
3887.336245,0.014286
3884.716157,0.014286
3882.096070,0.014286
3879.475983,0.014286
3876.855895,0.012245
3874.235808,0.012245
3871.615721,0.014286
3868.995633,0.016327
3866.375546,0.016327
3863.755459,0.012245
3861.135371,0.014286
3858.515284,0.012245
3855.895197,0.014286
3853.275109,0.020408
3850.655022,0.020408
3848.034934,0.018367
3845.414847,0.010204
3842.794760,0.014286
3840.174672,0.014286
3837.554585,0.014286
3834.934498,0.014286
3832.314410,0.012245
3829.694323,0.012245
3827.074236,0.010204
3824.454148,0.012245
3821.834061,0.014286
3819.213974,0.014286
3816.593886,0.014286
3813.973799,0.012245
3811.353712,0.010204
3808.733624,0.012245
3806.113537,0.012245
3803.493450,0.012245
3800.873362,0.014286
3798.253275,0.014286
3795.633188,0.012245
3793.013100,0.012245
3790.393013,0.012245
3787.772926,0.012245
3785.152838,0.012245
3782.532751,0.014286
3779.912664,0.014286
3777.292576,0.014286
3774.672489,0.012245
3772.052402,0.012245
3769.432314,0.014286
3766.812227,0.014286
3764.192140,0.014286
3761.572052,0.012245
3758.951965,0.014286
3756.331878,0.016327
3753.711790,0.014286
3751.091703,0.016327
3748.471616,0.018367
3745.851528,0.016327
3743.231441,0.016327
3740.611354,0.016327
3737.991266,0.012245
3735.371179,0.016327
3732.751092,0.018367
3730.131004,0.016327
3727.510917,0.012245
3724.890830,0.014286
3722.270742,0.014286
3719.650655,0.014286
3717.030568,0.014286
3714.410480,0.014286
3711.790393,0.016327
3709.170306,0.016327
3706.550218,0.016327
3703.930131,0.012245
3701.310044,0.014286
3698.689956,0.014286
3696.069869,0.014286
3693.449782,0.014286
3690.829694,0.016327
3688.209607,0.016327
3685.589520,0.016327
3682.969432,0.014286
3680.349345,0.016327
3677.729258,0.018367
3675.109170,0.022449
3672.489083,0.022449
3669.868996,0.018367
3667.248908,0.016327
3664.628821,0.014286
3662.008734,0.016327
3659.388646,0.016327
3656.768559,0.018367
3654.148472,0.020408
3651.528384,0.020408
3648.908297,0.022449
3646.288210,0.022449
3643.668122,0.020408
3641.048035,0.016327
3638.427948,0.018367
3635.807860,0.018367
3633.187773,0.020408
3630.567686,0.022449
3627.947598,0.024490
3625.327511,0.024490
3622.707424,0.020408
3620.087336,0.020408
3617.467249,0.022449
3614.847162,0.022449
3612.227074,0.020408
3609.606987,0.020408
3606.986900,0.020408
3604.366812,0.020408
3601.746725,0.020408
3599.126638,0.020408
3596.506550,0.022449
3593.886463,0.022449
3591.266376,0.022449
3588.646288,0.022449
3586.026201,0.022449
3583.406114,0.022449
3580.786026,0.020408
3578.165939,0.022449
3575.545852,0.024490
3572.925764,0.024490
3570.305677,0.026531
3567.685590,0.028571
3565.065502,0.028571
3562.445415,0.028571
3559.825328,0.026531
3557.205240,0.026531
3554.585153,0.026531
3551.965066,0.028571
3549.344978,0.028571
3546.724891,0.028571
3544.104803,0.030612
3541.484716,0.030612
3538.864629,0.028571
3536.244541,0.030612
3533.624454,0.030612
3531.004367,0.030612
3528.384279,0.030612
3525.764192,0.030612
3523.144105,0.030612
3520.524017,0.030612
3517.903930,0.030612
3515.283843,0.030612
3512.663755,0.030612
3510.043668,0.030612
3507.423581,0.032653
3504.803493,0.030612
3502.183406,0.032653
3499.563319,0.032653
3496.943231,0.030612
3494.323144,0.028571
3491.703057,0.030612
3489.082969,0.030612
3486.462882,0.030612
3483.842795,0.030612
3481.222707,0.032653
3478.602620,0.032653
3475.982533,0.032653
3473.362445,0.032653
3470.742358,0.030612
3468.122271,0.032653
3465.502183,0.032653
3462.882096,0.032653
3460.262009,0.032653
3457.641921,0.032653
3455.021834,0.032653
3452.401747,0.032653
3449.781659,0.034694
3447.161572,0.034694
3444.541485,0.036735
3441.921397,0.038776
3439.301310,0.038776
3436.681223,0.040816
3434.061135,0.040816
3431.441048,0.042857
3428.820961,0.040816
3426.200873,0.040816
3423.580786,0.040816
3420.960699,0.038776
3418.340611,0.038776
3415.720524,0.036735
3413.100437,0.036735
3410.480349,0.034694
3407.860262,0.034694
3405.240175,0.034694
3402.620087,0.032653
3400.000000,0.032653
3397.379913,0.032653
3394.759825,0.032653
3392.139738,0.032653
3389.519651,0.032653
3386.899563,0.032653
3384.279476,0.032653
3381.659389,0.032653
3379.039301,0.032653
3376.419214,0.032653
3373.799127,0.032653
3371.179039,0.032653
3368.558952,0.032653
3365.938865,0.032653
3363.318777,0.032653
3360.698690,0.032653
3358.078603,0.032653
3355.458515,0.032653
3352.838428,0.032653
3350.218341,0.032653
3347.598253,0.032653
3344.978166,0.032653
3342.358079,0.032653
3339.737991,0.032653
3337.117904,0.032653
3334.497817,0.032653
3331.877729,0.032653
3329.257642,0.030612
3326.637555,0.030612
3324.017467,0.030612
3321.397380,0.030612
3318.777293,0.030612
3316.157205,0.030612
3313.537118,0.030612
3310.917031,0.030612
3308.296943,0.028571
3305.676856,0.028571
3303.056769,0.028571
3300.436681,0.028571
3297.816594,0.028571
3295.196507,0.028571
3292.576419,0.028571
3289.956332,0.028571
3287.336245,0.028571
3284.716157,0.028571
3282.096070,0.028571
3279.475983,0.028571
3276.855895,0.028571
3274.235808,0.028571
3271.615721,0.026531
3268.995633,0.026531
3266.375546,0.026531
3263.755459,0.026531
3261.135371,0.026531
3258.515284,0.026531
3255.895197,0.026531
3253.275109,0.026531
3250.655022,0.026531
3248.034934,0.026531
3245.414847,0.026531
3242.794760,0.026531
3240.174672,0.026531
3237.554585,0.026531
3234.934498,0.026531
3232.314410,0.026531
3229.694323,0.026531
3227.074236,0.026531
3224.454148,0.026531
3221.834061,0.026531
3219.213974,0.026531
3216.593886,0.026531
3213.973799,0.026531
3211.353712,0.026531
3208.733624,0.026531
3206.113537,0.024490
3203.493450,0.024490
3200.873362,0.024490
3198.253275,0.026531
3195.633188,0.026531
3193.013100,0.026531
3190.393013,0.026531
3187.772926,0.024490
3185.152838,0.024490
3182.532751,0.024490
3179.912664,0.024490
3177.292576,0.026531
3174.672489,0.026531
3172.052402,0.024490
3169.432314,0.024490
3166.812227,0.024490
3164.192140,0.024490
3161.572052,0.024490
3158.951965,0.026531
3156.331878,0.026531
3153.711790,0.026531
3151.091703,0.026531
3148.471616,0.026531
3145.851528,0.026531
3143.231441,0.026531
3140.611354,0.026531
3137.991266,0.026531
3135.371179,0.026531
3132.751092,0.026531
3130.131004,0.026531
3127.510917,0.026531
3124.890830,0.026531
3122.270742,0.028571
3119.650655,0.028571
3117.030568,0.028571
3114.410480,0.028571
3111.790393,0.030612
3109.170306,0.032653
3106.550218,0.034694
3103.930131,0.034694
3101.310044,0.036735
3098.689956,0.034694
3096.069869,0.032653
3093.449782,0.032653
3090.829694,0.030612
3088.209607,0.030612
3085.589520,0.030612
3082.969432,0.030612
3080.349345,0.030612
3077.729258,0.030612
3075.109170,0.032653
3072.489083,0.032653
3069.868996,0.032653
3067.248908,0.032653
3064.628821,0.032653
3062.008734,0.032653
3059.388646,0.032653
3056.768559,0.030612
3054.148472,0.030612
3051.528384,0.030612
3048.908297,0.032653
3046.288210,0.032653
3043.668122,0.034694
3041.048035,0.038776
3038.427948,0.040816
3035.807860,0.042857
3033.187773,0.042857
3030.567686,0.040816
3027.947598,0.038776
3025.327511,0.038776
3022.707424,0.038776
3020.087336,0.036735
3017.467249,0.036735
3014.847162,0.034694
3012.227074,0.034694
3009.606987,0.036735
3006.986900,0.036735
3004.366812,0.038776
3001.746725,0.042857
2999.126638,0.044898
2996.506550,0.051020
2993.886463,0.055102
2991.266376,0.063265
2988.646288,0.069388
2986.026201,0.075510
2983.406114,0.081633
2980.786026,0.089796
2978.165939,0.097959
2975.545852,0.110204
2972.925764,0.122449
2970.305677,0.138776
2967.685590,0.161224
2965.065502,0.183673
2962.445415,0.202041
2959.825328,0.218367
2957.205240,0.222449
2954.585153,0.222449
2951.965066,0.222449
2949.344978,0.214286
2946.724891,0.200000
2944.104803,0.185714
2941.484716,0.173469
2938.864629,0.163265
2936.244541,0.161224
2933.624454,0.163265
2931.004367,0.163265
2928.384279,0.161224
2925.764192,0.159184
2923.144105,0.155102
2920.524017,0.151020
2917.903930,0.148980
2915.283843,0.142857
2912.663755,0.138776
2910.043668,0.134694
2907.423581,0.128571
2904.803493,0.126531
2902.183406,0.124490
2899.563319,0.124490
2896.943231,0.128571
2894.323144,0.130612
2891.703057,0.132653
2889.082969,0.132653
2886.462882,0.132653
2883.842795,0.130612
2881.222707,0.128571
2878.602620,0.122449
2875.982533,0.114286
2873.362445,0.106122
2870.742358,0.095918
2868.122271,0.085714
2865.502183,0.077551
2862.882096,0.069388
2860.262009,0.063265
2857.641921,0.061224
2855.021834,0.059184
2852.401747,0.059184
2849.781659,0.057143
2847.161572,0.055102
2844.541485,0.051020
2841.921397,0.044898
2839.301310,0.038776
2836.681223,0.034694
2834.061135,0.030612
2831.441048,0.028571
2828.820961,0.026531
2826.200873,0.024490
2823.580786,0.024490
2820.960699,0.022449
2818.340611,0.022449
2815.720524,0.022449
2813.100437,0.022449
2810.480349,0.024490
2807.860262,0.024490
2805.240175,0.024490
2802.620087,0.024490
2800.000000,0.024490
2797.379913,0.024490
2794.759825,0.024490
2792.139738,0.022449
2789.519651,0.022449
2786.899563,0.020408
2784.279476,0.020408
2781.659389,0.018367
2779.039301,0.018367
2776.419214,0.016327
2773.799127,0.016327
2771.179039,0.014286
2768.558952,0.014286
2765.938865,0.014286
2763.318777,0.014286
2760.698690,0.014286
2758.078603,0.014286
2755.458515,0.014286
2752.838428,0.014286
2750.218341,0.012245
2747.598253,0.012245
2744.978166,0.012245
2742.358079,0.012245
2739.737991,0.012245
2737.117904,0.012245
2734.497817,0.012245
2731.877729,0.012245
2729.257642,0.012245
2726.637555,0.010204
2724.017467,0.010204
2721.397380,0.010204
2718.777293,0.010204
2716.157205,0.010204
2713.537118,0.010204
2710.917031,0.010204
2708.296943,0.010204
2705.676856,0.010204
2703.056769,0.012245
2700.436681,0.012245
2697.816594,0.012245
2695.196507,0.010204
2692.576419,0.012245
2689.956332,0.012245
2687.336245,0.012245
2684.716157,0.012245
2682.096070,0.012245
2679.475983,0.010204
2676.855895,0.010204
2674.235808,0.010204
2671.615721,0.010204
2668.995633,0.010204
2666.375546,0.010204
2663.755459,0.010204
2661.135371,0.010204
2658.515284,0.010204
2655.895197,0.010204
2653.275109,0.010204
2650.655022,0.010204
2648.034934,0.010204
2645.414847,0.010204
2642.794760,0.008163
2640.174672,0.008163
2637.554585,0.008163
2634.934498,0.008163
2632.314410,0.008163
2629.694323,0.008163
2627.074236,0.008163
2624.454148,0.008163
2621.834061,0.008163
2619.213974,0.008163
2616.593886,0.008163
2613.973799,0.008163
2611.353712,0.008163
2608.733624,0.008163
2606.113537,0.008163
2603.493450,0.008163
2600.873362,0.008163
2598.253275,0.008163
2595.633188,0.008163
2593.013100,0.008163
2590.393013,0.008163
2587.772926,0.008163
2585.152838,0.006122
2582.532751,0.006122
2579.912664,0.006122
2577.292576,0.006122
2574.672489,0.006122
2572.052402,0.006122
2569.432314,0.006122
2566.812227,0.006122
2564.192140,0.006122
2561.572052,0.006122
2558.951965,0.006122
2556.331878,0.006122
2553.711790,0.006122
2551.091703,0.006122
2548.471616,0.006122
2545.851528,0.006122
2543.231441,0.006122
2540.611354,0.006122
2537.991266,0.006122
2535.371179,0.006122
2532.751092,0.006122
2530.131004,0.006122
2527.510917,0.006122
2524.890830,0.006122
2522.270742,0.006122
2519.650655,0.006122
2517.030568,0.006122
2514.410480,0.006122
2511.790393,0.006122
2509.170306,0.006122
2506.550218,0.006122
2503.930131,0.006122
2501.310044,0.006122
2498.689956,0.006122
2496.069869,0.006122
2493.449782,0.006122
2490.829694,0.006122
2488.209607,0.006122
2485.589520,0.006122
2482.969432,0.006122
2480.349345,0.006122
2477.729258,0.006122
2475.109170,0.006122
2472.489083,0.006122
2469.868996,0.006122
2467.248908,0.006122
2464.628821,0.006122
2462.008734,0.004082
2459.388646,0.006122
2456.768559,0.006122
2454.148472,0.004082
2451.528384,0.004082
2448.908297,0.004082
2446.288210,0.006122
2443.668122,0.004082
2441.048035,0.004082
2438.427948,0.004082
2435.807860,0.004082
2433.187773,0.004082
2430.567686,0.004082
2427.947598,0.004082
2425.327511,0.004082
2422.707424,0.004082
2420.087336,0.004082
2417.467249,0.004082
2414.847162,0.004082
2412.227074,0.004082
2409.606987,0.004082
2406.986900,0.006122
2404.366812,0.006122
2401.746725,0.006122
2399.126638,0.006122
2396.506550,0.006122
2393.886463,0.006122
2391.266376,0.006122
2388.646288,0.006122
2386.026201,0.006122
2383.406114,0.006122
2380.786026,0.008163
2378.165939,0.008163
2375.545852,0.008163
2372.925764,0.010204
2370.305677,0.010204
2367.685590,0.010204
2365.065502,0.008163
2362.445415,0.008163
2359.825328,0.008163
2357.205240,0.008163
2354.585153,0.006122
2351.965066,0.004082
2349.344978,0.004082
2346.724891,0.006122
2344.104803,0.006122
2341.484716,0.006122
2338.864629,0.004082
2336.244541,0.006122
2333.624454,0.006122
2331.004367,0.004082
2328.384279,0.004082
2325.764192,0.004082
2323.144105,0.004082
2320.524017,0.004082
2317.903930,0.004082
2315.283843,0.004082
2312.663755,0.004082
2310.043668,0.004082
2307.423581,0.004082
2304.803493,0.004082
2302.183406,0.004082
2299.563319,0.004082
2296.943231,0.004082
2294.323144,0.004082
2291.703057,0.004082
2289.082969,0.004082
2286.462882,0.004082
2283.842795,0.004082
2281.222707,0.004082
2278.602620,0.004082
2275.982533,0.004082
2273.362445,0.004082
2270.742358,0.004082
2268.122271,0.004082
2265.502183,0.004082
2262.882096,0.004082
2260.262009,0.004082
2257.641921,0.004082
2255.021834,0.004082
2252.401747,0.004082
2249.781659,0.004082
2247.161572,0.004082
2244.541485,0.004082
2241.921397,0.004082
2239.301310,0.004082
2236.681223,0.004082
2234.061135,0.004082
2231.441048,0.004082
2228.820961,0.004082
2226.200873,0.004082
2223.580786,0.004082
2220.960699,0.004082
2218.340611,0.004082
2215.720524,0.002041
2213.100437,0.004082
2210.480349,0.004082
2207.860262,0.002041
2205.240175,0.002041
2202.620087,0.002041
2200.000000,0.004082
2197.379913,0.004082
2194.759825,0.002041
2192.139738,0.004082
2189.519651,0.002041
2186.899563,0.004082
2184.279476,0.004082
2181.659389,0.004082
2179.039301,0.004082
2176.419214,0.004082
2173.799127,0.004082
2171.179039,0.004082
2168.558952,0.004082
2165.938865,0.004082
2163.318777,0.004082
2160.698690,0.004082
2158.078603,0.004082
2155.458515,0.004082
2152.838428,0.004082
2150.218341,0.004082
2147.598253,0.004082
2144.978166,0.004082
2142.358079,0.004082
2139.737991,0.004082
2137.117904,0.004082
2134.497817,0.004082
2131.877729,0.004082
2129.257642,0.004082
2126.637555,0.004082
2124.017467,0.004082
2121.397380,0.004082
2118.777293,0.004082
2116.157205,0.004082
2113.537118,0.006122
2110.917031,0.006122
2108.296943,0.006122
2105.676856,0.006122
2103.056769,0.006122
2100.436681,0.004082
2097.816594,0.006122
2095.196507,0.006122
2092.576419,0.006122
2089.956332,0.006122
2087.336245,0.006122
2084.716157,0.006122
2082.096070,0.006122
2079.475983,0.006122
2076.855895,0.006122
2074.235808,0.006122
2071.615721,0.006122
2068.995633,0.006122
2066.375546,0.006122
2063.755459,0.006122
2061.135371,0.006122
2058.515284,0.006122
2055.895197,0.006122
2053.275109,0.006122
2050.655022,0.006122
2048.034934,0.006122
2045.414847,0.006122
2042.794760,0.006122
2040.174672,0.006122
2037.554585,0.006122
2034.934498,0.006122
2032.314410,0.006122
2029.694323,0.006122
2027.074236,0.006122
2024.454148,0.006122
2021.834061,0.006122
2019.213974,0.006122
2016.593886,0.006122
2013.973799,0.006122
2011.353712,0.006122
2008.733624,0.006122
2006.113537,0.006122
2003.493450,0.006122
2000.873362,0.006122
1998.253275,0.004082
1995.633188,0.004082
1993.013100,0.006122
1990.393013,0.006122
1987.772926,0.004082
1985.152838,0.004082
1982.532751,0.006122
1979.912664,0.006122
1977.292576,0.006122
1974.672489,0.006122
1972.052402,0.008163
1969.432314,0.008163
1966.812227,0.008163
1964.192140,0.008163
1961.572052,0.010204
1958.951965,0.010204
1956.331878,0.010204
1953.711790,0.012245
1951.091703,0.012245
1948.471616,0.012245
1945.851528,0.012245
1943.231441,0.012245
1940.611354,0.014286
1937.991266,0.012245
1935.371179,0.012245
1932.751092,0.012245
1930.131004,0.012245
1927.510917,0.012245
1924.890830,0.012245
1922.270742,0.010204
1919.650655,0.010204
1917.030568,0.010204
1914.410480,0.008163
1911.790393,0.006122
1909.170306,0.006122
1906.550218,0.006122
1903.930131,0.006122
1901.310044,0.006122
1898.689956,0.006122
1896.069869,0.006122
1893.449782,0.006122
1890.829694,0.006122
1888.209607,0.006122
1885.589520,0.004082
1882.969432,0.004082
1880.349345,0.004082
1877.729258,0.004082
1875.109170,0.004082
1872.489083,0.006122
1869.868996,0.006122
1867.248908,0.006122
1864.628821,0.006122
1862.008734,0.004082
1859.388646,0.006122
1856.768559,0.006122
1854.148472,0.006122
1851.528384,0.006122
1848.908297,0.006122
1846.288210,0.006122
1843.668122,0.006122
1841.048035,0.006122
1838.427948,0.006122
1835.807860,0.006122
1833.187773,0.006122
1830.567686,0.008163
1827.947598,0.008163
1825.327511,0.006122
1822.707424,0.006122
1820.087336,0.008163
1817.467249,0.008163
1814.847162,0.008163
1812.227074,0.010204
1809.606987,0.010204
1806.986900,0.010204
1804.366812,0.012245
1801.746725,0.012245
1799.126638,0.012245
1796.506550,0.014286
1793.886463,0.016327
1791.266376,0.016327
1788.646288,0.016327
1786.026201,0.018367
1783.406114,0.022449
1780.786026,0.022449
1778.165939,0.024490
1775.545852,0.028571
1772.925764,0.030612
1770.305677,0.030612
1767.685590,0.030612
1765.065502,0.036735
1762.445415,0.040816
1759.825328,0.044898
1757.205240,0.053061
1754.585153,0.063265
1751.965066,0.077551
1749.344978,0.095918
1746.724891,0.126531
1744.104803,0.175510
1741.484716,0.263265
1738.864629,0.387755
1736.244541,0.557143
1733.624454,0.777551
1731.004367,0.920408
1728.384279,0.993878
1725.764192,1.000000
1723.144105,0.997959
1720.524017,0.946939
1717.903930,0.824490
1715.283843,0.683673
1712.663755,0.412245
1710.043668,0.287755
1707.423581,0.222449
1704.803493,0.181633
1702.183406,0.142857
1699.563319,0.114286
1696.943231,0.100000
1694.323144,0.073469
1691.703057,0.061224
1689.082969,0.057143
1686.462882,0.061224
1683.842795,0.061224
1681.222707,0.059184
1678.602620,0.040816
1675.982533,0.036735
1673.362445,0.034694
1670.742358,0.028571
1668.122271,0.028571
1665.502183,0.024490
1662.882096,0.026531
1660.262009,0.026531
1657.641921,0.030612
1655.021834,0.036735
1652.401747,0.036735
1649.781659,0.036735
1647.161572,0.044898
1644.541485,0.055102
1641.921397,0.089796
1639.301310,0.130612
1636.681223,0.142857
1634.061135,0.142857
1631.441048,0.130612
1628.820961,0.102041
1626.200873,0.087755
1623.580786,0.104082
1620.960699,0.112245
1618.340611,0.112245
1615.720524,0.112245
1613.100437,0.087755
1610.480349,0.053061
1607.860262,0.044898
1605.240175,0.034694
1602.620087,0.030612
1600.000000,0.028571
1597.379913,0.022449
1594.759825,0.020408
1592.139738,0.018367
1589.519651,0.016327
1586.899563,0.016327
1584.279476,0.016327
1581.659389,0.014286
1579.039301,0.014286
1576.419214,0.016327
1573.799127,0.014286
1571.179039,0.014286
1568.558952,0.014286
1565.938865,0.012245
1563.318777,0.014286
1560.698690,0.018367
1558.078603,0.018367
1555.458515,0.014286
1552.838428,0.010204
1550.218341,0.010204
1547.598253,0.012245
1544.978166,0.014286
1542.358079,0.014286
1539.737991,0.014286
1537.117904,0.010204
1534.497817,0.010204
1531.877729,0.010204
1529.257642,0.010204
1526.637555,0.012245
1524.017467,0.012245
1521.397380,0.012245
1518.777293,0.010204
1516.157205,0.008163
1513.537118,0.008163
1510.917031,0.014286
1508.296943,0.018367
1505.676856,0.018367
1503.056769,0.016327
1500.436681,0.022449
1497.816594,0.026531
1495.196507,0.026531
1492.576419,0.024490
1489.956332,0.022449
1487.336245,0.020408
1484.716157,0.020408
1482.096070,0.028571
1479.475983,0.036735
1476.855895,0.051020
1474.235808,0.061224
1471.615721,0.063265
1468.995633,0.071429
1466.375546,0.075510
1463.755459,0.073469
1461.135371,0.073469
1458.515284,0.073469
1455.895197,0.073469
1453.275109,0.065306
1450.655022,0.069388
1448.034934,0.069388
1445.414847,0.067347
1442.794760,0.065306
1440.174672,0.065306
1437.554585,0.067347
1434.934498,0.065306
1432.314410,0.055102
1429.694323,0.061224
1427.074236,0.073469
1424.454148,0.095918
1421.834061,0.132653
1419.213974,0.191837
1416.593886,0.273469
1413.973799,0.393878
1411.353712,0.491837
1408.733624,0.512245
1406.113537,0.510204
1403.493450,0.485714
1400.873362,0.338776
1398.253275,0.228571
1395.633188,0.153061
1393.013100,0.102041
1390.393013,0.073469
1387.772926,0.061224
1385.152838,0.057143
1382.532751,0.055102
1379.912664,0.055102
1377.292576,0.055102
1374.672489,0.051020
1372.052402,0.046939
1369.432314,0.036735
1366.812227,0.030612
1364.192140,0.026531
1361.572052,0.026531
1358.951965,0.028571
1356.331878,0.034694
1353.711790,0.042857
1351.091703,0.046939
1348.471616,0.048980
1345.851528,0.048980
1343.231441,0.044898
1340.611354,0.038776
1337.991266,0.034694
1335.371179,0.032653
1332.751092,0.036735
1330.131004,0.040816
1327.510917,0.048980
1324.890830,0.059184
1322.270742,0.075510
1319.650655,0.087755
1317.030568,0.093878
1314.410480,0.097959
1311.790393,0.108163
1309.170306,0.130612
1306.550218,0.173469
1303.930131,0.244898
1301.310044,0.324490
1298.689956,0.369388
1296.069869,0.373469
1293.449782,0.373469
1290.829694,0.355102
1288.209607,0.314286
1285.589520,0.304082
1282.969432,0.346939
1280.349345,0.389796
1277.729258,0.420408
1275.109170,0.438776
1272.489083,0.459184
1269.868996,0.500000
1267.248908,0.557143
1264.628821,0.587755
1262.008734,0.589796
1259.388646,0.585714
1256.768559,0.530612
1254.148472,0.418367
1251.528384,0.297959
1248.908297,0.204082
1246.288210,0.146939
1243.668122,0.114286
1241.048035,0.093878
1238.427948,0.083673
1235.807860,0.081633
1233.187773,0.087755
1230.567686,0.097959
1227.947598,0.114286
1225.327511,0.138776
1222.707424,0.173469
1220.087336,0.226531
1217.467249,0.297959
1214.847162,0.389796
1212.227074,0.504082
1209.606987,0.606122
1206.986900,0.679592
1204.366812,0.726531
1201.746725,0.740816
1199.126638,0.744898
1196.506550,0.744898
1193.886463,0.746939
1191.266376,0.753061
1188.646288,0.753061
1186.026201,0.746939
1183.406114,0.718367
1180.786026,0.671429
1178.165939,0.608163
1175.545852,0.520408
1172.925764,0.418367
1170.305677,0.334694
1167.685590,0.269388
1165.065502,0.226531
1162.445415,0.197959
1159.825328,0.173469
1157.205240,0.151020
1154.585153,0.134694
1151.965066,0.120408
1149.344978,0.114286
1146.724891,0.112245
1144.104803,0.108163
1141.484716,0.112245
1138.864629,0.118367
1136.244541,0.128571
1133.624454,0.140816
1131.004367,0.159184
1128.384279,0.181633
1125.764192,0.208163
1123.144105,0.240816
1120.524017,0.283673
1117.903930,0.328571
1115.283843,0.377551
1112.663755,0.432653
1110.043668,0.485714
1107.423581,0.536735
1104.803493,0.591837
1102.183406,0.640816
1099.563319,0.683673
1096.943231,0.726531
1094.323144,0.759184
1091.703057,0.789796
1089.082969,0.814286
1086.462882,0.832653
1083.842795,0.846939
1081.222707,0.855102
1078.602620,0.861224
1075.982533,0.871429
1073.362445,0.873469
1070.742358,0.873469
1068.122271,0.869388
1065.502183,0.857143
1062.882096,0.834694
1060.262009,0.808163
1057.641921,0.789796
1055.021834,0.771429
1052.401747,0.753061
1049.781659,0.730612
1047.161572,0.687755
1044.541485,0.630612
1041.921397,0.573469
1039.301310,0.516327
1036.681223,0.473469
1034.061135,0.434694
1031.441048,0.400000
1028.820961,0.387755
1026.200873,0.402041
1023.580786,0.416327
1020.960699,0.422449
1018.340611,0.424490
1015.720524,0.424490
1013.100437,0.418367
1010.480349,0.404082
1007.860262,0.375510
1005.240175,0.336735
1002.620087,0.295918
1000.000000,0.265306
997.379913,0.267347
994.759825,0.300000
992.139738,0.340816
989.519651,0.375510
986.899563,0.387755
984.279476,0.387755
981.659389,0.385714
979.039301,0.359184
976.419214,0.316327
973.799127,0.277551
971.179039,0.251020
968.558952,0.234694
965.938865,0.224490
963.318777,0.212245
960.698690,0.189796
958.078603,0.157143
955.458515,0.120408
952.838428,0.089796
950.218341,0.067347
947.598253,0.051020
944.978166,0.042857
942.358079,0.036735
939.737991,0.032653
937.117904,0.030612
934.497817,0.032653
931.877729,0.036735
929.257642,0.040816
926.637555,0.046939
924.017467,0.046939
921.397380,0.046939
918.777293,0.046939
916.157205,0.044898
913.537118,0.040816
910.917031,0.042857
908.296943,0.048980
905.676856,0.053061
903.056769,0.059184
900.436681,0.063265
897.816594,0.071429
895.196507,0.073469
892.576419,0.075510
889.956332,0.075510
887.336245,0.073469
884.716157,0.069388
882.096070,0.067347
879.475983,0.065306
876.855895,0.063265
874.235808,0.063265
871.615721,0.067347
868.995633,0.073469
866.375546,0.073469
863.755459,0.073469
861.135371,0.079592
858.515284,0.085714
855.895197,0.093878
853.275109,0.102041
850.655022,0.110204
848.034934,0.120408
845.414847,0.126531
842.794760,0.134694
840.174672,0.144898
837.554585,0.153061
834.934498,0.163265
832.314410,0.171429
829.694323,0.181633
827.074236,0.195918
824.454148,0.216327
821.834061,0.251020
819.213974,0.312245
816.593886,0.385714
813.973799,0.446939
811.353712,0.461224
808.733624,0.461224
806.113537,0.457143
803.493450,0.434694
800.873362,0.418367
798.253275,0.402041
795.633188,0.383673
793.013100,0.365306
790.393013,0.340816
787.772926,0.316327
785.152838,0.295918
782.532751,0.271429
779.912664,0.244898
777.292576,0.222449
774.672489,0.206122
772.052402,0.200000
769.432314,0.202041
766.812227,0.206122
764.192140,0.206122
761.572052,0.210204
758.951965,0.216327
756.331878,0.218367
753.711790,0.218367
751.091703,0.216327
748.471616,0.206122
745.851528,0.185714
743.231441,0.167347
740.611354,0.151020
737.991266,0.140816
735.371179,0.130612
732.751092,0.122449
730.131004,0.110204
727.510917,0.091837
724.890830,0.065306
722.270742,0.040816
719.650655,0.030612
717.030568,0.024490
714.410480,0.026531
711.790393,0.028571
709.170306,0.032653
706.550218,0.032653
703.930131,0.034694
701.310044,0.040816
698.689956,0.046939
696.069869,0.046939
693.449782,0.046939
690.829694,0.040816
688.209607,0.032653
685.589520,0.032653
682.969432,0.036735
680.349345,0.036735
677.729258,0.042857
675.109170,0.046939
672.489083,0.048980
669.868996,0.051020
667.248908,0.048980
664.628821,0.040816
662.008734,0.040816
659.388646,0.038776
656.768559,0.034694
654.148472,0.026531
651.528384,0.020408
648.908297,0.014286
646.288210,0.014286
643.668122,0.012245
641.048035,0.012245
638.427948,0.012245
635.807860,0.010204
633.187773,0.012245
630.567686,0.014286
627.947598,0.014286
625.327511,0.014286
622.707424,0.016327
620.087336,0.016327
617.467249,0.014286
614.847162,0.012245
612.227074,0.016327
609.606987,0.018367
606.986900,0.018367
604.366812,0.016327
601.746725,0.014286
599.126638,0.016327
596.506550,0.016327
593.886463,0.016327
591.266376,0.014286
588.646288,0.014286
586.026201,0.012245
583.406114,0.010204
580.786026,0.008163
578.165939,0.008163
575.545852,0.006122
572.925764,0.006122
570.305677,0.004082
567.685590,0.004082
565.065502,0.004082
562.445415,0.004082
559.825328,0.002041
557.205240,0.002041
554.585153,0.002041
551.965066,0.002041
549.344978,0.002041
546.724891,0.002041
544.104803,0.002041
541.484716,0.002041
538.864629,0.002041
536.244541,0.002041
533.624454,0.002041
531.004367,0.002041
528.384279,0.002041
525.764192,0.002041
523.144105,0.002041
520.524017,0.002041
517.903930,0.002041
515.283843,0.002041
512.663755,0.002041
510.043668,0.002041
507.423581,0.002041
504.803493,0.002041
502.183406,0.002041
499.563319,0.002041
496.943231,0.002041
494.323144,0.002041
491.703057,0.002041
489.082969,0.002041
486.462882,0.002041
483.842795,0.002041
481.222707,0.002041
478.602620,0.002041
475.982533,0.002041
473.362445,0.002041
470.742358,0.002041
468.122271,0.002041
465.502183,0.002041
462.882096,0.002041
460.262009,0.002041
457.641921,0.002041
455.021834,0.002041
452.401747,0.002041
449.781659,0.002041
447.161572,nan
444.541485,nan
441.921397,nan
439.301310,nan
436.681223,nan
434.061135,nan
431.441048,nan
428.820961,nan
426.200873,nan
423.580786,nan
420.960699,nan
418.340611,nan
415.720524,nan
413.100437,nan
410.480349,nan
407.860262,nan
405.240175,nan
402.620087,nan
400.000000,nan
