4000.000000,0.020408
3997.379913,0.020408
3994.759825,0.022449
3992.139738,0.022449
3989.519651,0.020408
3986.899563,0.022449
3984.279476,0.022449
3981.659389,0.022449
3979.039301,0.020408
3976.419214,0.022449
3973.799127,0.022449
3971.179039,0.022449
3968.558952,0.022449
3965.938865,0.022449
3963.318777,0.022449
3960.698690,0.022449
3958.078603,0.022449
3955.458515,0.022449
3952.838428,0.022449
3950.218341,0.022449
3947.598253,0.022449
3944.978166,0.020408
3942.358079,0.022449
3939.737991,0.022449
3937.117904,0.022449
3934.497817,0.022449
3931.877729,0.022449
3929.257642,0.022449
3926.637555,0.022449
3924.017467,0.022449
3921.397380,0.022449
3918.777293,0.022449
3916.157205,0.022449
3913.537118,0.022449
3910.917031,0.022449
3908.296943,0.022449
3905.676856,0.022449
3903.056769,0.022449
3900.436681,0.022449
3897.816594,0.020408
3895.196507,0.018367
3892.576419,0.020408
3889.956332,0.022449
3887.336245,0.020408
3884.716157,0.020408
3882.096070,0.020408
3879.475983,0.020408
3876.855895,0.020408
3874.235808,0.020408
3871.615721,0.020408
3868.995633,0.020408
3866.375546,0.020408
3863.755459,0.020408
3861.135371,0.020408
3858.515284,0.020408
3855.895197,0.022449
3853.275109,0.024490
3850.655022,0.024490
3848.034934,0.020408
3845.414847,0.020408
3842.794760,0.020408
3840.174672,0.020408
3837.554585,0.020408
3834.934498,0.020408
3832.314410,0.018367
3829.694323,0.020408
3827.074236,0.020408
3824.454148,0.020408
3821.834061,0.022449
3819.213974,0.022449
3816.593886,0.020408
3813.973799,0.020408
3811.353712,0.018367
3808.733624,0.020408
3806.113537,0.022449
3803.493450,0.022449
3800.873362,0.022449
3798.253275,0.020408
3795.633188,0.020408
3793.013100,0.020408
3790.393013,0.022449
3787.772926,0.022449
3785.152838,0.022449
3782.532751,0.022449
3779.912664,0.022449
3777.292576,0.022449
3774.672489,0.022449
3772.052402,0.022449
3769.432314,0.022449
3766.812227,0.022449
3764.192140,0.022449
3761.572052,0.022449
3758.951965,0.024490
3756.331878,0.024490
3753.711790,0.024490
3751.091703,0.024490
3748.471616,0.024490
3745.851528,0.022449
3743.231441,0.024490
3740.611354,0.024490
3737.991266,0.024490
3735.371179,0.024490
3732.751092,0.024490
3730.131004,0.022449
3727.510917,0.024490
3724.890830,0.024490
3722.270742,0.024490
3719.650655,0.024490
3717.030568,0.024490
3714.410480,0.026531
3711.790393,0.026531
3709.170306,0.026531
3706.550218,0.024490
3703.930131,0.026531
3701.310044,0.026531
3698.689956,0.026531
3696.069869,0.026531
3693.449782,0.028571
3690.829694,0.030612
3688.209607,0.030612
3685.589520,0.028571
3682.969432,0.030612
3680.349345,0.032653
3677.729258,0.034694
3675.109170,0.036735
3672.489083,0.036735
3669.868996,0.036735
3667.248908,0.036735
3664.628821,0.038776
3662.008734,0.040816
3659.388646,0.040816
3656.768559,0.042857
3654.148472,0.042857
3651.528384,0.042857
3648.908297,0.042857
3646.288210,0.042857
3643.668122,0.040816
3641.048035,0.042857
3638.427948,0.042857
3635.807860,0.042857
3633.187773,0.044898
3630.567686,0.044898
3627.947598,0.044898
3625.327511,0.042857
3622.707424,0.040816
3620.087336,0.042857
3617.467249,0.042857
3614.847162,0.040816
3612.227074,0.040816
3609.606987,0.040816
3606.986900,0.040816
3604.366812,0.038776
3601.746725,0.040816
3599.126638,0.040816
3596.506550,0.038776
3593.886463,0.038776
3591.266376,0.038776
3588.646288,0.038776
3586.026201,0.038776
3583.406114,0.036735
3580.786026,0.036735
3578.165939,0.038776
3575.545852,0.040816
3572.925764,0.040816
3570.305677,0.040816
3567.685590,0.040816
3565.065502,0.040816
3562.445415,0.040816
3559.825328,0.042857
3557.205240,0.042857
3554.585153,0.044898
3551.965066,0.044898
3549.344978,0.044898
3546.724891,0.044898
3544.104803,0.044898
3541.484716,0.044898
3538.864629,0.046939
3536.244541,0.046939
3533.624454,0.046939
3531.004367,0.044898
3528.384279,0.044898
3525.764192,0.044898
3523.144105,0.044898
3520.524017,0.042857
3517.903930,0.042857
3515.283843,0.042857
3512.663755,0.042857
3510.043668,0.040816
3507.423581,0.040816
3504.803493,0.040816
3502.183406,0.038776
3499.563319,0.038776
3496.943231,0.038776
3494.323144,0.038776
3491.703057,0.038776
3489.082969,0.036735
3486.462882,0.036735
3483.842795,0.036735
3481.222707,0.036735
3478.602620,0.036735
3475.982533,0.036735
3473.362445,0.036735
3470.742358,0.036735
3468.122271,0.036735
3465.502183,0.036735
3462.882096,0.036735
3460.262009,0.034694
3457.641921,0.034694
3455.021834,0.034694
3452.401747,0.034694
3449.781659,0.034694
3447.161572,0.034694
3444.541485,0.034694
3441.921397,0.034694
3439.301310,0.034694
3436.681223,0.032653
3434.061135,0.032653
3431.441048,0.032653
3428.820961,0.034694
3426.200873,0.034694
3423.580786,0.032653
3420.960699,0.032653
3418.340611,0.032653
3415.720524,0.032653
3413.100437,0.032653
3410.480349,0.032653
3407.860262,0.032653
3405.240175,0.032653
3402.620087,0.032653
3400.000000,0.032653
3397.379913,0.032653
3394.759825,0.032653
3392.139738,0.032653
3389.519651,0.032653
3386.899563,0.032653
3384.279476,0.032653
3381.659389,0.034694
3379.039301,0.034694
3376.419214,0.032653
3373.799127,0.032653
3371.179039,0.034694
3368.558952,0.034694
3365.938865,0.032653
3363.318777,0.032653
3360.698690,0.032653
3358.078603,0.032653
3355.458515,0.032653
3352.838428,0.032653
3350.218341,0.032653
3347.598253,0.032653
3344.978166,0.032653
3342.358079,0.032653
3339.737991,0.032653
3337.117904,0.032653
3334.497817,0.032653
3331.877729,0.032653
3329.257642,0.032653
3326.637555,0.032653
3324.017467,0.030612
3321.397380,0.030612
3318.777293,0.030612
3316.157205,0.030612
3313.537118,0.030612
3310.917031,0.030612
3308.296943,0.030612
3305.676856,0.030612
3303.056769,0.030612
3300.436681,0.030612
3297.816594,0.030612
3295.196507,0.030612
3292.576419,0.030612
3289.956332,0.030612
3287.336245,0.030612
3284.716157,0.030612
3282.096070,0.030612
3279.475983,0.030612
3276.855895,0.030612
3274.235808,0.030612
3271.615721,0.028571
3268.995633,0.028571
3266.375546,0.028571
3263.755459,0.028571
3261.135371,0.028571
3258.515284,0.028571
3255.895197,0.028571
3253.275109,0.028571
3250.655022,0.028571
3248.034934,0.030612
3245.414847,0.030612
3242.794760,0.030612
3240.174672,0.030612
3237.554585,0.030612
3234.934498,0.030612
3232.314410,0.030612
3229.694323,0.030612
3227.074236,0.030612
3224.454148,0.030612
3221.834061,0.030612
3219.213974,0.028571
3216.593886,0.028571
3213.973799,0.028571
3211.353712,0.030612
3208.733624,0.030612
3206.113537,0.030612
3203.493450,0.030612
3200.873362,0.030612
3198.253275,0.032653
3195.633188,0.032653
3193.013100,0.032653
3190.393013,0.032653
3187.772926,0.030612
3185.152838,0.030612
3182.532751,0.032653
3179.912664,0.032653
3177.292576,0.032653
3174.672489,0.032653
3172.052402,0.032653
3169.432314,0.032653
3166.812227,0.032653
3164.192140,0.032653
3161.572052,0.032653
3158.951965,0.030612
3156.331878,0.030612
3153.711790,0.030612
3151.091703,0.030612
3148.471616,0.030612
3145.851528,0.030612
3143.231441,0.030612
3140.611354,0.030612
3137.991266,0.030612
3135.371179,0.030612
3132.751092,0.030612
3130.131004,0.030612
3127.510917,0.030612
3124.890830,0.030612
3122.270742,0.030612
3119.650655,0.030612
3117.030568,0.030612
3114.410480,0.030612
3111.790393,0.030612
3109.170306,0.030612
3106.550218,0.030612
3103.930131,0.032653
3101.310044,0.032653
3098.689956,0.032653
3096.069869,0.032653
3093.449782,0.032653
3090.829694,0.032653
3088.209607,0.032653
3085.589520,0.032653
3082.969432,0.034694
3080.349345,0.034694
3077.729258,0.032653
3075.109170,0.032653
3072.489083,0.034694
3069.868996,0.034694
3067.248908,0.034694
3064.628821,0.034694
3062.008734,0.034694
3059.388646,0.034694
3056.768559,0.034694
3054.148472,0.034694
3051.528384,0.034694
3048.908297,0.034694
3046.288210,0.034694
3043.668122,0.034694
3041.048035,0.034694
3038.427948,0.034694
3035.807860,0.036735
3033.187773,0.036735
3030.567686,0.036735
3027.947598,0.036735
3025.327511,0.038776
3022.707424,0.038776
3020.087336,0.038776
3017.467249,0.038776
3014.847162,0.038776
3012.227074,0.040816
3009.606987,0.040816
3006.986900,0.042857
3004.366812,0.044898
3001.746725,0.046939
2999.126638,0.048980
2996.506550,0.051020
2993.886463,0.055102
2991.266376,0.059184
2988.646288,0.067347
2986.026201,0.075510
2983.406114,0.085714
2980.786026,0.102041
2978.165939,0.124490
2975.545852,0.153061
2972.925764,0.187755
2970.305677,0.232653
2967.685590,0.285714
2965.065502,0.334694
2962.445415,0.377551
2959.825328,0.404082
2957.205240,0.406122
2954.585153,0.406122
2951.965066,0.400000
2949.344978,0.381633
2946.724891,0.361224
2944.104803,0.346939
2941.484716,0.346939
2938.864629,0.348980
2936.244541,0.351020
2933.624454,0.351020
2931.004367,0.346939
2928.384279,0.332653
2925.764192,0.310204
2923.144105,0.283673
2920.524017,0.248980
2917.903930,0.220408
2915.283843,0.197959
2912.663755,0.187755
2910.043668,0.195918
2907.423581,0.204082
2904.803493,0.206122
2902.183406,0.206122
2899.563319,0.206122
2896.943231,0.202041
2894.323144,0.208163
2891.703057,0.224490
2889.082969,0.240816
2886.462882,0.253061
2883.842795,0.255102
2881.222707,0.255102
2878.602620,0.253061
2875.982533,0.242857
2873.362445,0.224490
2870.742358,0.204082
2868.122271,0.183673
2865.502183,0.159184
2862.882096,0.132653
2860.262009,0.112245
2857.641921,0.095918
2855.021834,0.081633
2852.401747,0.071429
2849.781659,0.065306
2847.161572,0.059184
2844.541485,0.055102
2841.921397,0.053061
2839.301310,0.051020
2836.681223,0.048980
2834.061135,0.048980
2831.441048,0.046939
2828.820961,0.044898
2826.200873,0.044898
2823.580786,0.042857
2820.960699,0.042857
2818.340611,0.040816
2815.720524,0.042857
2813.100437,0.044898
2810.480349,0.046939
2807.860262,0.051020
2805.240175,0.053061
2802.620087,0.053061
2800.000000,0.053061
2797.379913,0.051020
2794.759825,0.048980
2792.139738,0.044898
2789.519651,0.040816
2786.899563,0.034694
2784.279476,0.032653
2781.659389,0.028571
2779.039301,0.028571
2776.419214,0.026531
2773.799127,0.024490
2771.179039,0.022449
2768.558952,0.022449
2765.938865,0.022449
2763.318777,0.020408
2760.698690,0.020408
2758.078603,0.020408
2755.458515,0.020408
2752.838428,0.020408
2750.218341,0.018367
2747.598253,0.018367
2744.978166,0.018367
2742.358079,0.018367
2739.737991,0.016327
2737.117904,0.016327
2734.497817,0.016327
2731.877729,0.016327
2729.257642,0.016327
2726.637555,0.014286
2724.017467,0.014286
2721.397380,0.014286
2718.777293,0.014286
2716.157205,0.014286
2713.537118,0.014286
2710.917031,0.014286
2708.296943,0.014286
2705.676856,0.014286
2703.056769,0.014286
2700.436681,0.014286
2697.816594,0.014286
2695.196507,0.016327
2692.576419,0.016327
2689.956332,0.016327
2687.336245,0.016327
2684.716157,0.016327
2682.096070,0.016327
2679.475983,0.016327
2676.855895,0.016327
2674.235808,0.016327
2671.615721,0.016327
2668.995633,0.016327
2666.375546,0.016327
2663.755459,0.016327
2661.135371,0.016327
2658.515284,0.016327
2655.895197,0.016327
2653.275109,0.016327
2650.655022,0.016327
2648.034934,0.016327
2645.414847,0.016327
2642.794760,0.016327
2640.174672,0.014286
2637.554585,0.014286
2634.934498,0.014286
2632.314410,0.012245
2629.694323,0.014286
2627.074236,0.014286
2624.454148,0.014286
2621.834061,0.014286
2619.213974,0.014286
2616.593886,0.014286
2613.973799,0.014286
2611.353712,0.014286
2608.733624,0.012245
2606.113537,0.014286
2603.493450,0.014286
2600.873362,0.014286
2598.253275,0.014286
2595.633188,0.014286
2593.013100,0.012245
2590.393013,0.012245
2587.772926,0.012245
2585.152838,0.012245
2582.532751,0.012245
2579.912664,0.012245
2577.292576,0.012245
2574.672489,0.012245
2572.052402,0.012245
2569.432314,0.010204
2566.812227,0.012245
2564.192140,0.012245
2561.572052,0.012245
2558.951965,0.010204
2556.331878,0.010204
2553.711790,0.010204
2551.091703,0.010204
2548.471616,0.010204
2545.851528,0.010204
2543.231441,0.010204
2540.611354,0.010204
2537.991266,0.008163
2535.371179,0.008163
2532.751092,0.010204
2530.131004,0.010204
2527.510917,0.008163
2524.890830,0.008163
2522.270742,0.008163
2519.650655,0.008163
2517.030568,0.008163
2514.410480,0.010204
2511.790393,0.010204
2509.170306,0.010204
2506.550218,0.010204
2503.930131,0.010204
2501.310044,0.010204
2498.689956,0.010204
2496.069869,0.010204
2493.449782,0.010204
2490.829694,0.010204
2488.209607,0.010204
2485.589520,0.010204
2482.969432,0.008163
2480.349345,0.008163
2477.729258,0.008163
2475.109170,0.008163
2472.489083,0.008163
2469.868996,0.008163
2467.248908,0.008163
2464.628821,0.008163
2462.008734,0.008163
2459.388646,0.008163
2456.768559,0.008163
2454.148472,0.008163
2451.528384,0.008163
2448.908297,0.008163
2446.288210,0.008163
2443.668122,0.008163
2441.048035,0.008163
2438.427948,0.008163
2435.807860,0.008163
2433.187773,0.008163
2430.567686,0.008163
2427.947598,0.008163
2425.327511,0.008163
2422.707424,0.008163
2420.087336,0.010204
2417.467249,0.010204
2414.847162,0.010204
2412.227074,0.010204
2409.606987,0.008163
2406.986900,0.008163
2404.366812,0.008163
2401.746725,0.008163
2399.126638,0.008163
2396.506550,0.008163
2393.886463,0.008163
2391.266376,0.008163
2388.646288,0.008163
2386.026201,0.008163
2383.406114,0.008163
2380.786026,0.008163
2378.165939,0.008163
2375.545852,0.006122
2372.925764,0.006122
2370.305677,0.006122
2367.685590,0.004082
2365.065502,0.004082
2362.445415,0.004082
2359.825328,0.002041
2357.205240,0.002041
2354.585153,0.002041
2351.965066,0.004082
2349.344978,0.004082
2346.724891,0.006122
2344.104803,0.006122
2341.484716,0.004082
2338.864629,0.004082
2336.244541,0.004082
2333.624454,0.004082
2331.004367,0.004082
2328.384279,0.004082
2325.764192,0.004082
2323.144105,0.004082
2320.524017,0.004082
2317.903930,0.006122
2315.283843,0.006122
2312.663755,0.006122
2310.043668,0.006122
2307.423581,0.006122
2304.803493,0.008163
2302.183406,0.008163
2299.563319,0.008163
2296.943231,0.010204
2294.323144,0.012245
2291.703057,0.014286
2289.082969,0.016327
2286.462882,0.018367
2283.842795,0.020408
2281.222707,0.020408
2278.602620,0.020408
2275.982533,0.020408
2273.362445,0.020408
2270.742358,0.020408
2268.122271,0.018367
2265.502183,0.020408
2262.882096,0.024490
2260.262009,0.028571
2257.641921,0.042857
2255.021834,0.071429
2252.401747,0.124490
2249.781659,0.200000
2247.161572,0.255102
2244.541485,0.259184
2241.921397,0.259184
2239.301310,0.224490
2236.681223,0.151020
2234.061135,0.089796
2231.441048,0.053061
2228.820961,0.034694
2226.200873,0.024490
2223.580786,0.018367
2220.960699,0.016327
2218.340611,0.014286
2215.720524,0.014286
2213.100437,0.014286
2210.480349,0.012245
2207.860262,0.012245
2205.240175,0.012245
2202.620087,0.010204
2200.000000,0.010204
2197.379913,0.010204
2194.759825,0.010204
2192.139738,0.010204
2189.519651,0.010204
2186.899563,0.010204
2184.279476,0.010204
2181.659389,0.008163
2179.039301,0.008163
2176.419214,0.008163
2173.799127,0.008163
2171.179039,0.006122
2168.558952,0.006122
2165.938865,0.006122
2163.318777,0.006122
2160.698690,0.006122
2158.078603,0.006122
2155.458515,0.006122
2152.838428,0.006122
2150.218341,0.006122
2147.598253,0.006122
2144.978166,0.006122
2142.358079,0.006122
2139.737991,0.006122
2137.117904,0.006122
2134.497817,0.006122
2131.877729,0.006122
2129.257642,0.006122
2126.637555,0.006122
2124.017467,0.006122
2121.397380,0.006122
2118.777293,0.006122
2116.157205,0.006122
2113.537118,0.006122
2110.917031,0.006122
2108.296943,0.008163
2105.676856,0.006122
2103.056769,0.008163
2100.436681,0.006122
2097.816594,0.008163
2095.196507,0.008163
2092.576419,0.008163
2089.956332,0.008163
2087.336245,0.008163
2084.716157,0.008163
2082.096070,0.008163
2079.475983,0.008163
2076.855895,0.008163
2074.235808,0.008163
2071.615721,0.008163
2068.995633,0.008163
2066.375546,0.008163
2063.755459,0.008163
2061.135371,0.008163
2058.515284,0.008163
2055.895197,0.008163
2053.275109,0.008163
2050.655022,0.008163
2048.034934,0.008163
2045.414847,0.008163
2042.794760,0.008163
2040.174672,0.008163
2037.554585,0.010204
2034.934498,0.010204
2032.314410,0.008163
2029.694323,0.008163
2027.074236,0.008163
2024.454148,0.008163
2021.834061,0.008163
2019.213974,0.008163
2016.593886,0.008163
2013.973799,0.008163
2011.353712,0.010204
2008.733624,0.010204
2006.113537,0.010204
2003.493450,0.010204
2000.873362,0.010204
1998.253275,0.010204
1995.633188,0.010204
1993.013100,0.010204
1990.393013,0.008163
1987.772926,0.010204
1985.152838,0.010204
1982.532751,0.008163
1979.912664,0.008163
1977.292576,0.008163
1974.672489,0.008163
1972.052402,0.008163
1969.432314,0.010204
1966.812227,0.010204
1964.192140,0.010204
1961.572052,0.010204
1958.951965,0.010204
1956.331878,0.010204
1953.711790,0.010204
1951.091703,0.012245
1948.471616,0.012245
1945.851528,0.012245
1943.231441,0.012245
1940.611354,0.012245
1937.991266,0.012245
1935.371179,0.012245
1932.751092,0.012245
1930.131004,0.012245
1927.510917,0.012245
1924.890830,0.012245
1922.270742,0.012245
1919.650655,0.012245
1917.030568,0.010204
1914.410480,0.010204
1911.790393,0.012245
1909.170306,0.012245
1906.550218,0.012245
1903.930131,0.010204
1901.310044,0.012245
1898.689956,0.012245
1896.069869,0.010204
1893.449782,0.010204
1890.829694,0.010204
1888.209607,0.010204
1885.589520,0.010204
1882.969432,0.010204
1880.349345,0.010204
1877.729258,0.010204
1875.109170,0.010204
1872.489083,0.010204
1869.868996,0.010204
1867.248908,0.010204
1864.628821,0.010204
1862.008734,0.010204
1859.388646,0.010204
1856.768559,0.010204
1854.148472,0.010204
1851.528384,0.010204
1848.908297,0.010204
1846.288210,0.010204
1843.668122,0.010204
1841.048035,0.010204
1838.427948,0.010204
1835.807860,0.010204
1833.187773,0.010204
1830.567686,0.012245
1827.947598,0.010204
1825.327511,0.010204
1822.707424,0.012245
1820.087336,0.012245
1817.467249,0.012245
1814.847162,0.012245
1812.227074,0.014286
1809.606987,0.014286
1806.986900,0.014286
1804.366812,0.014286
1801.746725,0.014286
1799.126638,0.014286
1796.506550,0.014286
1793.886463,0.014286
1791.266376,0.014286
1788.646288,0.014286
1786.026201,0.014286
1783.406114,0.014286
1780.786026,0.014286
1778.165939,0.016327
1775.545852,0.016327
1772.925764,0.016327
1770.305677,0.016327
1767.685590,0.016327
1765.065502,0.018367
1762.445415,0.018367
1759.825328,0.018367
1757.205240,0.020408
1754.585153,0.020408
1751.965066,0.022449
1749.344978,0.026531
1746.724891,0.034694
1744.104803,0.042857
1741.484716,0.048980
1738.864629,0.055102
1736.244541,0.057143
1733.624454,0.057143
1731.004367,0.053061
1728.384279,0.046939
1725.764192,0.044898
1723.144105,0.038776
1720.524017,0.034694
1717.903930,0.030612
1715.283843,0.026531
1712.663755,0.024490
1710.043668,0.024490
1707.423581,0.024490
1704.803493,0.024490
1702.183406,0.024490
1699.563319,0.024490
1696.943231,0.024490
1694.323144,0.028571
1691.703057,0.030612
1689.082969,0.032653
1686.462882,0.032653
1683.842795,0.032653
1681.222707,0.032653
1678.602620,0.032653
1675.982533,0.032653
1673.362445,0.030612
1670.742358,0.030612
1668.122271,0.028571
1665.502183,0.030612
1662.882096,0.030612
1660.262009,0.030612
1657.641921,0.032653
1655.021834,0.032653
1652.401747,0.032653
1649.781659,0.032653
1647.161572,0.034694
1644.541485,0.036735
1641.921397,0.038776
1639.301310,0.040816
1636.681223,0.040816
1634.061135,0.040816
1631.441048,0.044898
1628.820961,0.044898
1626.200873,0.044898
1623.580786,0.044898
1620.960699,0.044898
1618.340611,0.044898
1615.720524,0.044898
1613.100437,0.040816
1610.480349,0.040816
1607.860262,0.040816
1605.240175,0.038776
1602.620087,0.038776
1600.000000,0.036735
1597.379913,0.036735
1594.759825,0.036735
1592.139738,0.034694
1589.519651,0.034694
1586.899563,0.034694
1584.279476,0.032653
1581.659389,0.032653
1579.039301,0.032653
1576.419214,0.032653
1573.799127,0.030612
1571.179039,0.032653
1568.558952,0.032653
1565.938865,0.030612
1563.318777,0.032653
1560.698690,0.032653
1558.078603,0.032653
1555.458515,0.030612
1552.838428,0.030612
1550.218341,0.030612
1547.598253,0.030612
1544.978166,0.030612
1542.358079,0.030612
1539.737991,0.028571
1537.117904,0.030612
1534.497817,0.030612
1531.877729,0.030612
1529.257642,0.030612
1526.637555,0.030612
1524.017467,0.030612
1521.397380,0.030612
1518.777293,0.030612
1516.157205,0.030612
1513.537118,0.030612
1510.917031,0.030612
1508.296943,0.030612
1505.676856,0.028571
1503.056769,0.032653
1500.436681,0.032653
1497.816594,0.032653
1495.196507,0.034694
1492.576419,0.034694
1489.956332,0.034694
1487.336245,0.036735
1484.716157,0.038776
1482.096070,0.040816
1479.475983,0.044898
1476.855895,0.044898
1474.235808,0.048980
1471.615721,0.057143
1468.995633,0.069388
1466.375546,0.085714
1463.755459,0.106122
1461.135371,0.126531
1458.515284,0.142857
1455.895197,0.153061
1453.275109,0.153061
1450.655022,0.151020
1448.034934,0.136735
1445.414847,0.112245
1442.794760,0.095918
1440.174672,0.108163
1437.554585,0.138776
1434.934498,0.183673
1432.314410,0.242857
1429.694323,0.289796
1427.074236,0.302041
1424.454148,0.302041
1421.834061,0.295918
1419.213974,0.273469
1416.593886,0.248980
1413.973799,0.234694
1411.353712,0.228571
1408.733624,0.210204
1406.113537,0.187755
1403.493450,0.165306
1400.873362,0.140816
1398.253275,0.122449
1395.633188,0.104082
1393.013100,0.091837
1390.393013,0.081633
1387.772926,0.075510
1385.152838,0.069388
1382.532751,0.065306
1379.912664,0.063265
1377.292576,0.063265
1374.672489,0.063265
1372.052402,0.065306
1369.432314,0.069388
1366.812227,0.073469
1364.192140,0.079592
1361.572052,0.093878
1358.951965,0.114286
1356.331878,0.138776
1353.711790,0.161224
1351.091703,0.181633
1348.471616,0.191837
1345.851528,0.193878
1343.231441,0.191837
1340.611354,0.181633
1337.991266,0.151020
1335.371179,0.120408
1332.751092,0.108163
1330.131004,0.108163
1327.510917,0.108163
1324.890830,0.104082
1322.270742,0.091837
1319.650655,0.079592
1317.030568,0.071429
1314.410480,0.069388
1311.790393,0.069388
1309.170306,0.071429
1306.550218,0.073469
1303.930131,0.077551
1301.310044,0.081633
1298.689956,0.089796
1296.069869,0.106122
1293.449782,0.126531
1290.829694,0.146939
1288.209607,0.165306
1285.589520,0.179592
1282.969432,0.195918
1280.349345,0.216327
1277.729258,0.242857
1275.109170,0.304082
1272.489083,0.436735
1269.868996,0.616327
1267.248908,0.767347
1264.628821,0.828571
1262.008734,0.832653
1259.388646,0.830612
1256.768559,0.789796
1254.148472,0.681633
1251.528384,0.557143
1248.908297,0.459184
1246.288210,0.389796
1243.668122,0.336735
1241.048035,0.283673
1238.427948,0.232653
1235.807860,0.183673
1233.187773,0.142857
1230.567686,0.118367
1227.947598,0.104082
1225.327511,0.093878
1222.707424,0.089796
1220.087336,0.089796
1217.467249,0.091837
1214.847162,0.095918
1212.227074,0.100000
1209.606987,0.104082
1206.986900,0.110204
1204.366812,0.118367
1201.746725,0.132653
1199.126638,0.155102
1196.506550,0.197959
1193.886463,0.257143
1191.266376,0.328571
1188.646288,0.402041
1186.026201,0.453061
1183.406114,0.483673
1180.786026,0.487755
1178.165939,0.485714
1175.545852,0.475510
1172.925764,0.422449
1170.305677,0.346939
1167.685590,0.275510
1165.065502,0.226531
1162.445415,0.208163
1159.825328,0.206122
1157.205240,0.206122
1154.585153,0.212245
1151.965066,0.230612
1149.344978,0.257143
1146.724891,0.300000
1144.104803,0.357143
1141.484716,0.397959
1138.864629,0.412245
1136.244541,0.418367
1133.624454,0.442857
1131.004367,0.483673
1128.384279,0.546939
1125.764192,0.616327
1123.144105,0.685714
1120.524017,0.757143
1117.903930,0.816327
1115.283843,0.863265
1112.663755,0.900000
1110.043668,0.922449
1107.423581,0.938776
1104.803493,0.957143
1102.183406,0.967347
1099.563319,0.975510
1096.943231,0.983673
1094.323144,0.985714
1091.703057,0.991837
1089.082969,0.991837
1086.462882,0.993878
1083.842795,0.993878
1081.222707,0.993878
1078.602620,0.991837
1075.982533,0.989796
1073.362445,0.983673
1070.742358,0.981633
1068.122271,0.981633
1065.502183,0.973469
1062.882096,0.965306
1060.262009,0.961224
1057.641921,0.957143
1055.021834,0.953061
1052.401747,0.955102
1049.781659,0.963265
1047.161572,0.973469
1044.541485,0.977551
1041.921397,0.979592
1039.301310,0.979592
1036.681223,0.977551
1034.061135,0.981633
1031.441048,0.983673
1028.820961,0.987755
1026.200873,0.993878
1023.580786,0.995918
1020.960699,1.000000
1018.340611,0.997959
1015.720524,0.991837
1013.100437,0.989796
1010.480349,0.971429
1007.860262,0.936735
1005.240175,0.875510
1002.620087,0.804082
1000.000000,0.746939
997.379913,0.702041
994.759825,0.679592
992.139738,0.659184
989.519651,0.604082
986.899563,0.514286
984.279476,0.418367
981.659389,0.334694
979.039301,0.279592
976.419214,0.238776
973.799127,0.226531
971.179039,0.242857
968.558952,0.246939
965.938865,0.246939
963.318777,0.242857
960.698690,0.230612
958.078603,0.246939
955.458515,0.251020
952.838428,0.248980
950.218341,0.242857
947.598253,0.204082
944.978166,0.155102
942.358079,0.122449
939.737991,0.104082
937.117904,0.100000
934.497817,0.110204
931.877729,0.118367
929.257642,0.120408
926.637555,0.120408
924.017467,0.114286
921.397380,0.100000
918.777293,0.087755
916.157205,0.081633
913.537118,0.079592
910.917031,0.079592
908.296943,0.079592
905.676856,0.081633
903.056769,0.083673
900.436681,0.087755
897.816594,0.089796
895.196507,0.095918
892.576419,0.102041
889.956332,0.110204
887.336245,0.120408
884.716157,0.136735
882.096070,0.159184
879.475983,0.191837
876.855895,0.240816
874.235808,0.293878
871.615721,0.346939
868.995633,0.389796
866.375546,0.400000
863.755459,0.402041
861.135371,0.400000
858.515284,0.381633
855.895197,0.348980
853.275109,0.367347
850.655022,0.420408
848.034934,0.465306
845.414847,0.481633
842.794760,0.483673
840.174672,0.483673
837.554585,0.475510
834.934498,0.463265
832.314410,0.451020
829.694323,0.463265
827.074236,0.479592
824.454148,0.497959
821.834061,0.524490
819.213974,0.565306
816.593886,0.604082
813.973799,0.648980
811.353712,0.697959
808.733624,0.753061
806.113537,0.806122
803.493450,0.844898
800.873362,0.875510
798.253275,0.897959
795.633188,0.902041
793.013100,0.900000
790.393013,0.895918
787.772926,0.881633
785.152838,0.855102
782.532751,0.814286
779.912664,0.769388
777.292576,0.738776
774.672489,0.742857
772.052402,0.751020
769.432314,0.751020
766.812227,0.746939
764.192140,0.732653
761.572052,0.708163
758.951965,0.687755
756.331878,0.665306
753.711790,0.638776
751.091703,0.612245
748.471616,0.583673
745.851528,0.551020
743.231441,0.524490
740.611354,0.493878
737.991266,0.453061
735.371179,0.402041
732.751092,0.346939
730.131004,0.289796
727.510917,0.236735
724.890830,0.191837
722.270742,0.163265
719.650655,0.144898
717.030568,0.138776
714.410480,0.144898
711.790393,0.155102
709.170306,0.163265
706.550218,0.171429
703.930131,0.177551
701.310044,0.181633
698.689956,0.183673
696.069869,0.187755
693.449782,0.191837
690.829694,0.195918
688.209607,0.197959
685.589520,0.197959
682.969432,0.197959
680.349345,0.197959
677.729258,0.195918
675.109170,0.191837
672.489083,0.185714
669.868996,0.183673
667.248908,0.179592
664.628821,0.173469
662.008734,0.163265
659.388646,0.148980
656.768559,0.136735
654.148472,0.126531
651.528384,0.118367
648.908297,0.112245
646.288210,0.108163
643.668122,0.102041
641.048035,0.095918
638.427948,0.089796
635.807860,0.089796
633.187773,0.085714
630.567686,0.083673
627.947598,0.081633
625.327511,0.081633
622.707424,0.083673
620.087336,0.083673
617.467249,0.081633
614.847162,0.081633
612.227074,0.081633
609.606987,0.081633
606.986900,0.081633
604.366812,0.083673
601.746725,0.083673
599.126638,0.081633
596.506550,0.079592
593.886463,0.079592
591.266376,0.075510
588.646288,0.069388
586.026201,0.063265
583.406114,0.053061
580.786026,0.044898
578.165939,0.034694
575.545852,0.028571
572.925764,0.020408
570.305677,0.016327
567.685590,0.010204
565.065502,0.008163
562.445415,0.006122
559.825328,0.004082
557.205240,0.004082
554.585153,0.004082
551.965066,0.002041
549.344978,0.002041
546.724891,0.002041
544.104803,0.002041
541.484716,0.002041
538.864629,0.002041
536.244541,0.002041
533.624454,0.002041
531.004367,0.002041
528.384279,0.002041
525.764192,0.002041
523.144105,0.002041
520.524017,0.002041
517.903930,0.002041
515.283843,0.002041
512.663755,0.002041
510.043668,0.002041
507.423581,0.002041
504.803493,0.002041
502.183406,0.002041
499.563319,0.002041
496.943231,0.002041
494.323144,0.002041
491.703057,0.002041
489.082969,0.002041
486.462882,0.002041
483.842795,0.002041
481.222707,0.002041
478.602620,0.002041
475.982533,0.002041
473.362445,0.002041
470.742358,0.002041
468.122271,0.002041
465.502183,0.002041
462.882096,0.002041
460.262009,0.002041
457.641921,0.002041
455.021834,0.002041
452.401747,0.002041
449.781659,0.002041
447.161572,nan
444.541485,nan
441.921397,nan
439.301310,nan
436.681223,nan
434.061135,nan
431.441048,nan
428.820961,nan
426.200873,nan
423.580786,nan
420.960699,nan
418.340611,nan
415.720524,nan
413.100437,nan
410.480349,nan
407.860262,nan
405.240175,nan
402.620087,nan
400.000000,nan
