4000.000000,0.014286
3997.379913,0.014286
3994.759825,0.014286
3992.139738,0.014286
3989.519651,0.014286
3986.899563,0.014286
3984.279476,0.014286
3981.659389,0.014286
3979.039301,0.014286
3976.419214,0.014286
3973.799127,0.014286
3971.179039,0.014286
3968.558952,0.014286
3965.938865,0.014286
3963.318777,0.014286
3960.698690,0.014286
3958.078603,0.014286
3955.458515,0.014286
3952.838428,0.014286
3950.218341,0.014286
3947.598253,0.014286
3944.978166,0.014286
3942.358079,0.014286
3939.737991,0.014286
3937.117904,0.014286
3934.497817,0.014286
3931.877729,0.014286
3929.257642,0.014286
3926.637555,0.014286
3924.017467,0.014286
3921.397380,0.014286
3918.777293,0.014286
3916.157205,0.014286
3913.537118,0.014286
3910.917031,0.014286
3908.296943,0.014286
3905.676856,0.014286
3903.056769,0.014286
3900.436681,0.014286
3897.816594,0.012245
3895.196507,0.012245
3892.576419,0.012245
3889.956332,0.014286
3887.336245,0.012245
3884.716157,0.012245
3882.096070,0.012245
3879.475983,0.012245
3876.855895,0.014286
3874.235808,0.014286
3871.615721,0.012245
3868.995633,0.012245
3866.375546,0.012245
3863.755459,0.012245
3861.135371,0.012245
3858.515284,0.012245
3855.895197,0.014286
3853.275109,0.014286
3850.655022,0.012245
3848.034934,0.012245
3845.414847,0.012245
3842.794760,0.012245
3840.174672,0.012245
3837.554585,0.012245
3834.934498,0.012245
3832.314410,0.012245
3829.694323,0.012245
3827.074236,0.012245
3824.454148,0.014286
3821.834061,0.014286
3819.213974,0.014286
3816.593886,0.012245
3813.973799,0.012245
3811.353712,0.014286
3808.733624,0.014286
3806.113537,0.014286
3803.493450,0.014286
3800.873362,0.014286
3798.253275,0.014286
3795.633188,0.014286
3793.013100,0.014286
3790.393013,0.014286
3787.772926,0.014286
3785.152838,0.014286
3782.532751,0.014286
3779.912664,0.014286
3777.292576,0.016327
3774.672489,0.016327
3772.052402,0.016327
3769.432314,0.016327
3766.812227,0.016327
3764.192140,0.016327
3761.572052,0.016327
3758.951965,0.016327
3756.331878,0.016327
3753.711790,0.016327
3751.091703,0.016327
3748.471616,0.016327
3745.851528,0.014286
3743.231441,0.014286
3740.611354,0.014286
3737.991266,0.014286
3735.371179,0.014286
3732.751092,0.014286
3730.131004,0.014286
3727.510917,0.014286
3724.890830,0.014286
3722.270742,0.014286
3719.650655,0.014286
3717.030568,0.016327
3714.410480,0.016327
3711.790393,0.014286
3709.170306,0.014286
3706.550218,0.014286
3703.930131,0.014286
3701.310044,0.016327
3698.689956,0.016327
3696.069869,0.014286
3693.449782,0.014286
3690.829694,0.014286
3688.209607,0.014286
3685.589520,0.014286
3682.969432,0.014286
3680.349345,0.014286
3677.729258,0.014286
3675.109170,0.014286
3672.489083,0.014286
3669.868996,0.014286
3667.248908,0.014286
3664.628821,0.014286
3662.008734,0.014286
3659.388646,0.014286
3656.768559,0.014286
3654.148472,0.014286
3651.528384,0.014286
3648.908297,0.014286
3646.288210,0.014286
3643.668122,0.014286
3641.048035,0.014286
3638.427948,0.014286
3635.807860,0.014286
3633.187773,0.014286
3630.567686,0.014286
3627.947598,0.014286
3625.327511,0.014286
3622.707424,0.014286
3620.087336,0.014286
3617.467249,0.014286
3614.847162,0.014286
3612.227074,0.014286
3609.606987,0.014286
3606.986900,0.014286
3604.366812,0.014286
3601.746725,0.014286
3599.126638,0.014286
3596.506550,0.014286
3593.886463,0.014286
3591.266376,0.014286
3588.646288,0.014286
3586.026201,0.014286
3583.406114,0.014286
3580.786026,0.014286
3578.165939,0.014286
3575.545852,0.014286
3572.925764,0.014286
3570.305677,0.014286
3567.685590,0.014286
3565.065502,0.014286
3562.445415,0.014286
3559.825328,0.014286
3557.205240,0.014286
3554.585153,0.014286
3551.965066,0.014286
3549.344978,0.014286
3546.724891,0.014286
3544.104803,0.014286
3541.484716,0.014286
3538.864629,0.014286
3536.244541,0.014286
3533.624454,0.014286
3531.004367,0.014286
3528.384279,0.014286
3525.764192,0.014286
3523.144105,0.014286
3520.524017,0.014286
3517.903930,0.014286
3515.283843,0.014286
3512.663755,0.014286
3510.043668,0.014286
3507.423581,0.014286
3504.803493,0.014286
3502.183406,0.014286
3499.563319,0.014286
3496.943231,0.014286
3494.323144,0.014286
3491.703057,0.014286
3489.082969,0.014286
3486.462882,0.014286
3483.842795,0.014286
3481.222707,0.014286
3478.602620,0.014286
3475.982533,0.014286
3473.362445,0.014286
3470.742358,0.014286
3468.122271,0.014286
3465.502183,0.014286
3462.882096,0.014286
3460.262009,0.014286
3457.641921,0.014286
3455.021834,0.014286
3452.401747,0.014286
3449.781659,0.014286
3447.161572,0.014286
3444.541485,0.014286
3441.921397,0.014286
3439.301310,0.014286
3436.681223,0.014286
3434.061135,0.012245
3431.441048,0.012245
3428.820961,0.012245
3426.200873,0.012245
3423.580786,0.014286
3420.960699,0.014286
3418.340611,0.014286
3415.720524,0.014286
3413.100437,0.014286
3410.480349,0.014286
3407.860262,0.014286
3405.240175,0.014286
3402.620087,0.014286
3400.000000,0.014286
3397.379913,0.012245
3394.759825,0.014286
3392.139738,0.014286
3389.519651,0.012245
3386.899563,0.012245
3384.279476,0.012245
3381.659389,0.012245
3379.039301,0.014286
3376.419214,0.014286
3373.799127,0.012245
3371.179039,0.012245
3368.558952,0.012245
3365.938865,0.012245
3363.318777,0.012245
3360.698690,0.014286
3358.078603,0.012245
3355.458515,0.012245
3352.838428,0.012245
3350.218341,0.012245
3347.598253,0.012245
3344.978166,0.012245
3342.358079,0.012245
3339.737991,0.012245
3337.117904,0.012245
3334.497817,0.012245
3331.877729,0.012245
3329.257642,0.012245
3326.637555,0.012245
3324.017467,0.012245
3321.397380,0.012245
3318.777293,0.012245
3316.157205,0.012245
3313.537118,0.012245
3310.917031,0.012245
3308.296943,0.012245
3305.676856,0.012245
3303.056769,0.012245
3300.436681,0.012245
3297.816594,0.012245
3295.196507,0.012245
3292.576419,0.012245
3289.956332,0.012245
3287.336245,0.012245
3284.716157,0.012245
3282.096070,0.012245
3279.475983,0.012245
3276.855895,0.012245
3274.235808,0.012245
3271.615721,0.012245
3268.995633,0.012245
3266.375546,0.012245
3263.755459,0.012245
3261.135371,0.012245
3258.515284,0.012245
3255.895197,0.012245
3253.275109,0.012245
3250.655022,0.012245
3248.034934,0.012245
3245.414847,0.012245
3242.794760,0.012245
3240.174672,0.012245
3237.554585,0.012245
3234.934498,0.012245
3232.314410,0.012245
3229.694323,0.012245
3227.074236,0.012245
3224.454148,0.012245
3221.834061,0.012245
3219.213974,0.012245
3216.593886,0.012245
3213.973799,0.012245
3211.353712,0.012245
3208.733624,0.012245
3206.113537,0.012245
3203.493450,0.012245
3200.873362,0.012245
3198.253275,0.012245
3195.633188,0.014286
3193.013100,0.014286
3190.393013,0.014286
3187.772926,0.014286
3185.152838,0.014286
3182.532751,0.014286
3179.912664,0.014286
3177.292576,0.014286
3174.672489,0.014286
3172.052402,0.014286
3169.432314,0.014286
3166.812227,0.014286
3164.192140,0.014286
3161.572052,0.014286
3158.951965,0.014286
3156.331878,0.014286
3153.711790,0.014286
3151.091703,0.014286
3148.471616,0.014286
3145.851528,0.014286
3143.231441,0.016327
3140.611354,0.016327
3137.991266,0.016327
3135.371179,0.016327
3132.751092,0.016327
3130.131004,0.016327
3127.510917,0.016327
3124.890830,0.016327
3122.270742,0.016327
3119.650655,0.016327
3117.030568,0.016327
3114.410480,0.016327
3111.790393,0.018367
3109.170306,0.018367
3106.550218,0.018367
3103.930131,0.018367
3101.310044,0.018367
3098.689956,0.018367
3096.069869,0.018367
3093.449782,0.018367
3090.829694,0.018367
3088.209607,0.018367
3085.589520,0.020408
3082.969432,0.020408
3080.349345,0.020408
3077.729258,0.022449
3075.109170,0.024490
3072.489083,0.026531
3069.868996,0.028571
3067.248908,0.032653
3064.628821,0.034694
3062.008734,0.038776
3059.388646,0.040816
3056.768559,0.042857
3054.148472,0.044898
3051.528384,0.046939
3048.908297,0.046939
3046.288210,0.046939
3043.668122,0.044898
3041.048035,0.042857
3038.427948,0.038776
3035.807860,0.036735
3033.187773,0.034694
3030.567686,0.032653
3027.947598,0.032653
3025.327511,0.032653
3022.707424,0.034694
3020.087336,0.038776
3017.467249,0.042857
3014.847162,0.046939
3012.227074,0.053061
3009.606987,0.061224
3006.986900,0.069388
3004.366812,0.077551
3001.746725,0.083673
2999.126638,0.089796
2996.506550,0.091837
2993.886463,0.091837
2991.266376,0.091837
2988.646288,0.089796
2986.026201,0.089796
2983.406114,0.091837
2980.786026,0.097959
2978.165939,0.110204
2975.545852,0.130612
2972.925764,0.155102
2970.305677,0.189796
2967.685590,0.232653
2965.065502,0.271429
2962.445415,0.300000
2959.825328,0.310204
2957.205240,0.310204
2954.585153,0.308163
2951.965066,0.289796
2949.344978,0.261224
2946.724891,0.230612
2944.104803,0.212245
2941.484716,0.208163
2938.864629,0.216327
2936.244541,0.218367
2933.624454,0.220408
2931.004367,0.220408
2928.384279,0.216327
2925.764192,0.208163
2923.144105,0.200000
2920.524017,0.193878
2917.903930,0.189796
2915.283843,0.185714
2912.663755,0.179592
2910.043668,0.173469
2907.423581,0.169388
2904.803493,0.165306
2902.183406,0.163265
2899.563319,0.161224
2896.943231,0.159184
2894.323144,0.157143
2891.703057,0.159184
2889.082969,0.165306
2886.462882,0.173469
2883.842795,0.183673
2881.222707,0.191837
2878.602620,0.197959
2875.982533,0.202041
2873.362445,0.204082
2870.742358,0.204082
2868.122271,0.204082
2865.502183,0.204082
2862.882096,0.202041
2860.262009,0.197959
2857.641921,0.193878
2855.021834,0.187755
2852.401747,0.179592
2849.781659,0.169388
2847.161572,0.159184
2844.541485,0.142857
2841.921397,0.130612
2839.301310,0.116327
2836.681223,0.106122
2834.061135,0.097959
2831.441048,0.091837
2828.820961,0.087755
2826.200873,0.083673
2823.580786,0.079592
2820.960699,0.073469
2818.340611,0.069388
2815.720524,0.063265
2813.100437,0.059184
2810.480349,0.057143
2807.860262,0.055102
2805.240175,0.053061
2802.620087,0.051020
2800.000000,0.048980
2797.379913,0.044898
2794.759825,0.042857
2792.139738,0.040816
2789.519651,0.038776
2786.899563,0.034694
2784.279476,0.032653
2781.659389,0.030612
2779.039301,0.028571
2776.419214,0.026531
2773.799127,0.026531
2771.179039,0.026531
2768.558952,0.026531
2765.938865,0.026531
2763.318777,0.028571
2760.698690,0.028571
2758.078603,0.028571
2755.458515,0.028571
2752.838428,0.028571
2750.218341,0.026531
2747.598253,0.026531
2744.978166,0.026531
2742.358079,0.024490
2739.737991,0.024490
2737.117904,0.022449
2734.497817,0.022449
2731.877729,0.020408
2729.257642,0.020408
2726.637555,0.018367
2724.017467,0.018367
2721.397380,0.018367
2718.777293,0.016327
2716.157205,0.016327
2713.537118,0.016327
2710.917031,0.016327
2708.296943,0.016327
2705.676856,0.014286
2703.056769,0.014286
2700.436681,0.014286
2697.816594,0.014286
2695.196507,0.012245
2692.576419,0.012245
2689.956332,0.012245
2687.336245,0.012245
2684.716157,0.012245
2682.096070,0.012245
2679.475983,0.012245
2676.855895,0.012245
2674.235808,0.012245
2671.615721,0.012245
2668.995633,0.012245
2666.375546,0.012245
2663.755459,0.012245
2661.135371,0.012245
2658.515284,0.012245
2655.895197,0.012245
2653.275109,0.012245
2650.655022,0.012245
2648.034934,0.012245
2645.414847,0.012245
2642.794760,0.012245
2640.174672,0.010204
2637.554585,0.010204
2634.934498,0.010204
2632.314410,0.010204
2629.694323,0.010204
2627.074236,0.010204
2624.454148,0.010204
2621.834061,0.010204
2619.213974,0.010204
2616.593886,0.010204
2613.973799,0.010204
2611.353712,0.010204
2608.733624,0.010204
2606.113537,0.010204
2603.493450,0.010204
2600.873362,0.010204
2598.253275,0.010204
2595.633188,0.008163
2593.013100,0.008163
2590.393013,0.008163
2587.772926,0.008163
2585.152838,0.008163
2582.532751,0.008163
2579.912664,0.008163
2577.292576,0.008163
2574.672489,0.008163
2572.052402,0.008163
2569.432314,0.008163
2566.812227,0.008163
2564.192140,0.008163
2561.572052,0.008163
2558.951965,0.008163
2556.331878,0.008163
2553.711790,0.008163
2551.091703,0.008163
2548.471616,0.008163
2545.851528,0.008163
2543.231441,0.008163
2540.611354,0.008163
2537.991266,0.008163
2535.371179,0.008163
2532.751092,0.006122
2530.131004,0.006122
2527.510917,0.006122
2524.890830,0.006122
2522.270742,0.006122
2519.650655,0.006122
2517.030568,0.006122
2514.410480,0.008163
2511.790393,0.008163
2509.170306,0.008163
2506.550218,0.008163
2503.930131,0.008163
2501.310044,0.008163
2498.689956,0.008163
2496.069869,0.008163
2493.449782,0.008163
2490.829694,0.008163
2488.209607,0.008163
2485.589520,0.008163
2482.969432,0.008163
2480.349345,0.008163
2477.729258,0.008163
2475.109170,0.008163
2472.489083,0.008163
2469.868996,0.008163
2467.248908,0.008163
2464.628821,0.008163
2462.008734,0.008163
2459.388646,0.008163
2456.768559,0.008163
2454.148472,0.008163
2451.528384,0.008163
2448.908297,0.008163
2446.288210,0.008163
2443.668122,0.008163
2441.048035,0.008163
2438.427948,0.008163
2435.807860,0.008163
2433.187773,0.008163
2430.567686,0.008163
2427.947598,0.008163
2425.327511,0.008163
2422.707424,0.008163
2420.087336,0.008163
2417.467249,0.008163
2414.847162,0.008163
2412.227074,0.008163
2409.606987,0.008163
2406.986900,0.008163
2404.366812,0.008163
2401.746725,0.008163
2399.126638,0.008163
2396.506550,0.008163
2393.886463,0.008163
2391.266376,0.008163
2388.646288,0.008163
2386.026201,0.008163
2383.406114,0.008163
2380.786026,0.006122
2378.165939,0.006122
2375.545852,0.006122
2372.925764,0.006122
2370.305677,0.006122
2367.685590,0.004082
2365.065502,0.004082
2362.445415,0.004082
2359.825328,0.004082
2357.205240,0.002041
2354.585153,0.002041
2351.965066,0.004082
2349.344978,0.004082
2346.724891,0.006122
2344.104803,0.006122
2341.484716,0.004082
2338.864629,0.004082
2336.244541,0.004082
2333.624454,0.004082
2331.004367,0.004082
2328.384279,0.004082
2325.764192,0.004082
2323.144105,0.004082
2320.524017,0.004082
2317.903930,0.006122
2315.283843,0.006122
2312.663755,0.006122
2310.043668,0.006122
2307.423581,0.006122
2304.803493,0.008163
2302.183406,0.008163
2299.563319,0.008163
2296.943231,0.008163
2294.323144,0.008163
2291.703057,0.008163
2289.082969,0.008163
2286.462882,0.008163
2283.842795,0.010204
2281.222707,0.010204
2278.602620,0.008163
2275.982533,0.008163
2273.362445,0.008163
2270.742358,0.008163
2268.122271,0.010204
2265.502183,0.010204
2262.882096,0.010204
2260.262009,0.010204
2257.641921,0.010204
2255.021834,0.010204
2252.401747,0.010204
2249.781659,0.010204
2247.161572,0.010204
2244.541485,0.010204
2241.921397,0.010204
2239.301310,0.010204
2236.681223,0.010204
2234.061135,0.010204
2231.441048,0.010204
2228.820961,0.010204
2226.200873,0.008163
2223.580786,0.008163
2220.960699,0.008163
2218.340611,0.010204
2215.720524,0.010204
2213.100437,0.010204
2210.480349,0.010204
2207.860262,0.010204
2205.240175,0.010204
2202.620087,0.010204
2200.000000,0.010204
2197.379913,0.010204
2194.759825,0.008163
2192.139738,0.010204
2189.519651,0.010204
2186.899563,0.010204
2184.279476,0.008163
2181.659389,0.008163
2179.039301,0.008163
2176.419214,0.008163
2173.799127,0.008163
2171.179039,0.010204
2168.558952,0.010204
2165.938865,0.010204
2163.318777,0.010204
2160.698690,0.010204
2158.078603,0.010204
2155.458515,0.010204
2152.838428,0.010204
2150.218341,0.010204
2147.598253,0.010204
2144.978166,0.010204
2142.358079,0.010204
2139.737991,0.010204
2137.117904,0.010204
2134.497817,0.010204
2131.877729,0.010204
2129.257642,0.010204
2126.637555,0.010204
2124.017467,0.010204
2121.397380,0.010204
2118.777293,0.010204
2116.157205,0.012245
2113.537118,0.012245
2110.917031,0.012245
2108.296943,0.012245
2105.676856,0.012245
2103.056769,0.012245
2100.436681,0.012245
2097.816594,0.012245
2095.196507,0.012245
2092.576419,0.012245
2089.956332,0.012245
2087.336245,0.012245
2084.716157,0.012245
2082.096070,0.012245
2079.475983,0.012245
2076.855895,0.012245
2074.235808,0.012245
2071.615721,0.012245
2068.995633,0.012245
2066.375546,0.012245
2063.755459,0.012245
2061.135371,0.012245
2058.515284,0.012245
2055.895197,0.012245
2053.275109,0.012245
2050.655022,0.012245
2048.034934,0.012245
2045.414847,0.012245
2042.794760,0.012245
2040.174672,0.012245
2037.554585,0.012245
2034.934498,0.012245
2032.314410,0.010204
2029.694323,0.012245
2027.074236,0.010204
2024.454148,0.010204
2021.834061,0.010204
2019.213974,0.012245
2016.593886,0.012245
2013.973799,0.012245
2011.353712,0.012245
2008.733624,0.012245
2006.113537,0.012245
2003.493450,0.012245
2000.873362,0.012245
1998.253275,0.012245
1995.633188,0.012245
1993.013100,0.012245
1990.393013,0.012245
1987.772926,0.012245
1985.152838,0.012245
1982.532751,0.012245
1979.912664,0.012245
1977.292576,0.012245
1974.672489,0.012245
1972.052402,0.012245
1969.432314,0.012245
1966.812227,0.014286
1964.192140,0.014286
1961.572052,0.014286
1958.951965,0.014286
1956.331878,0.014286
1953.711790,0.014286
1951.091703,0.014286
1948.471616,0.014286
1945.851528,0.014286
1943.231441,0.014286
1940.611354,0.014286
1937.991266,0.014286
1935.371179,0.014286
1932.751092,0.014286
1930.131004,0.014286
1927.510917,0.014286
1924.890830,0.014286
1922.270742,0.014286
1919.650655,0.012245
1917.030568,0.012245
1914.410480,0.012245
1911.790393,0.012245
1909.170306,0.012245
1906.550218,0.012245
1903.930131,0.012245
1901.310044,0.012245
1898.689956,0.012245
1896.069869,0.012245
1893.449782,0.012245
1890.829694,0.012245
1888.209607,0.012245
1885.589520,0.012245
1882.969432,0.012245
1880.349345,0.012245
1877.729258,0.012245
1875.109170,0.012245
1872.489083,0.012245
1869.868996,0.012245
1867.248908,0.012245
1864.628821,0.010204
1862.008734,0.010204
1859.388646,0.010204
1856.768559,0.010204
1854.148472,0.010204
1851.528384,0.010204
1848.908297,0.010204
1846.288210,0.010204
1843.668122,0.010204
1841.048035,0.010204
1838.427948,0.010204
1835.807860,0.010204
1833.187773,0.010204
1830.567686,0.010204
1827.947598,0.010204
1825.327511,0.010204
1822.707424,0.012245
1820.087336,0.012245
1817.467249,0.012245
1814.847162,0.012245
1812.227074,0.012245
1809.606987,0.012245
1806.986900,0.012245
1804.366812,0.012245
1801.746725,0.012245
1799.126638,0.012245
1796.506550,0.012245
1793.886463,0.012245
1791.266376,0.012245
1788.646288,0.012245
1786.026201,0.014286
1783.406114,0.014286
1780.786026,0.014286
1778.165939,0.014286
1775.545852,0.014286
1772.925764,0.014286
1770.305677,0.012245
1767.685590,0.014286
1765.065502,0.014286
1762.445415,0.014286
1759.825328,0.014286
1757.205240,0.014286
1754.585153,0.014286
1751.965066,0.014286
1749.344978,0.014286
1746.724891,0.014286
1744.104803,0.016327
1741.484716,0.016327
1738.864629,0.016327
1736.244541,0.016327
1733.624454,0.016327
1731.004367,0.016327
1728.384279,0.016327
1725.764192,0.016327
1723.144105,0.016327
1720.524017,0.016327
1717.903930,0.016327
1715.283843,0.014286
1712.663755,0.016327
1710.043668,0.016327
1707.423581,0.016327
1704.803493,0.016327
1702.183406,0.016327
1699.563319,0.014286
1696.943231,0.014286
1694.323144,0.014286
1691.703057,0.016327
1689.082969,0.016327
1686.462882,0.016327
1683.842795,0.016327
1681.222707,0.016327
1678.602620,0.016327
1675.982533,0.018367
1673.362445,0.016327
1670.742358,0.018367
1668.122271,0.018367
1665.502183,0.018367
1662.882096,0.018367
1660.262009,0.018367
1657.641921,0.020408
1655.021834,0.020408
1652.401747,0.018367
1649.781659,0.018367
1647.161572,0.018367
1644.541485,0.018367
1641.921397,0.020408
1639.301310,0.020408
1636.681223,0.020408
1634.061135,0.020408
1631.441048,0.020408
1628.820961,0.020408
1626.200873,0.020408
1623.580786,0.020408
1620.960699,0.020408
1618.340611,0.022449
1615.720524,0.020408
1613.100437,0.022449
1610.480349,0.022449
1607.860262,0.022449
1605.240175,0.022449
1602.620087,0.022449
1600.000000,0.022449
1597.379913,0.022449
1594.759825,0.022449
1592.139738,0.022449
1589.519651,0.022449
1586.899563,0.022449
1584.279476,0.022449
1581.659389,0.020408
1579.039301,0.020408
1576.419214,0.020408
1573.799127,0.020408
1571.179039,0.020408
1568.558952,0.020408
1565.938865,0.020408
1563.318777,0.020408
1560.698690,0.018367
1558.078603,0.018367
1555.458515,0.018367
1552.838428,0.018367
1550.218341,0.020408
1547.598253,0.020408
1544.978166,0.020408
1542.358079,0.020408
1539.737991,0.018367
1537.117904,0.020408
1534.497817,0.022449
1531.877729,0.022449
1529.257642,0.022449
1526.637555,0.022449
1524.017467,0.022449
1521.397380,0.022449
1518.777293,0.022449
1516.157205,0.022449
1513.537118,0.022449
1510.917031,0.022449
1508.296943,0.022449
1505.676856,0.020408
1503.056769,0.022449
1500.436681,0.022449
1497.816594,0.022449
1495.196507,0.026531
1492.576419,0.028571
1489.956332,0.036735
1487.336245,0.044898
1484.716157,0.051020
1482.096070,0.057143
1479.475983,0.057143
1476.855895,0.057143
1474.235808,0.055102
1471.615721,0.051020
1468.995633,0.044898
1466.375546,0.044898
1463.755459,0.044898
1461.135371,0.046939
1458.515284,0.051020
1455.895197,0.053061
1453.275109,0.055102
1450.655022,0.055102
1448.034934,0.055102
1445.414847,0.059184
1442.794760,0.063265
1440.174672,0.067347
1437.554585,0.067347
1434.934498,0.067347
1432.314410,0.061224
1429.694323,0.055102
1427.074236,0.057143
1424.454148,0.065306
1421.834061,0.077551
1419.213974,0.091837
1416.593886,0.100000
1413.973799,0.102041
1411.353712,0.102041
1408.733624,0.100000
1406.113537,0.095918
1403.493450,0.087755
1400.873362,0.083673
1398.253275,0.077551
1395.633188,0.073469
1393.013100,0.069388
1390.393013,0.067347
1387.772926,0.065306
1385.152838,0.063265
1382.532751,0.057143
1379.912664,0.053061
1377.292576,0.046939
1374.672489,0.044898
1372.052402,0.044898
1369.432314,0.046939
1366.812227,0.046939
1364.192140,0.046939
1361.572052,0.046939
1358.951965,0.046939
1356.331878,0.051020
1353.711790,0.059184
1351.091703,0.067347
1348.471616,0.075510
1345.851528,0.079592
1343.231441,0.081633
1340.611354,0.085714
1337.991266,0.085714
1335.371179,0.083673
1332.751092,0.079592
1330.131004,0.069388
1327.510917,0.055102
1324.890830,0.042857
1322.270742,0.040816
1319.650655,0.042857
1317.030568,0.048980
1314.410480,0.053061
1311.790393,0.055102
1309.170306,0.057143
1306.550218,0.055102
1303.930131,0.053061
1301.310044,0.051020
1298.689956,0.053061
1296.069869,0.055102
1293.449782,0.057143
1290.829694,0.061224
1288.209607,0.067347
1285.589520,0.075510
1282.969432,0.085714
1280.349345,0.104082
1277.729258,0.128571
1275.109170,0.173469
1272.489083,0.257143
1269.868996,0.391837
1267.248908,0.571429
1264.628821,0.738776
1262.008734,0.804082
1259.388646,0.804082
1256.768559,0.802041
1254.148472,0.722449
1251.528384,0.571429
1248.908297,0.418367
1246.288210,0.297959
1243.668122,0.208163
1241.048035,0.144898
1238.427948,0.110204
1235.807860,0.085714
1233.187773,0.071429
1230.567686,0.063265
1227.947598,0.059184
1225.327511,0.055102
1222.707424,0.051020
1220.087336,0.048980
1217.467249,0.051020
1214.847162,0.053061
1212.227074,0.057143
1209.606987,0.065306
1206.986900,0.075510
1204.366812,0.093878
1201.746725,0.114286
1199.126638,0.138776
1196.506550,0.159184
1193.886463,0.169388
1191.266376,0.171429
1188.646288,0.171429
1186.026201,0.167347
1183.406114,0.151020
1180.786026,0.134694
1178.165939,0.124490
1175.545852,0.122449
1172.925764,0.128571
1170.305677,0.138776
1167.685590,0.146939
1165.065502,0.159184
1162.445415,0.175510
1159.825328,0.183673
1157.205240,0.185714
1154.585153,0.185714
1151.965066,0.183673
1149.344978,0.197959
1146.724891,0.222449
1144.104803,0.259184
1141.484716,0.302041
1138.864629,0.344898
1136.244541,0.383673
1133.624454,0.412245
1131.004367,0.446939
1128.384279,0.497959
1125.764192,0.559184
1123.144105,0.628571
1120.524017,0.708163
1117.903930,0.779592
1115.283843,0.836735
1112.663755,0.891837
1110.043668,0.932653
1107.423581,0.959184
1104.803493,0.979592
1102.183406,0.989796
1099.563319,0.997959
1096.943231,1.000000
1094.323144,0.997959
1091.703057,0.995918
1089.082969,0.981633
1086.462882,0.973469
1083.842795,0.961224
1081.222707,0.940816
1078.602620,0.924490
1075.982533,0.906122
1073.362445,0.885714
1070.742358,0.871429
1068.122271,0.855102
1065.502183,0.844898
1062.882096,0.836735
1060.262009,0.840816
1057.641921,0.842857
1055.021834,0.842857
1052.401747,0.842857
1049.781659,0.840816
1047.161572,0.855102
1044.541485,0.865306
1041.921397,0.885714
1039.301310,0.904082
1036.681223,0.918367
1034.061135,0.932653
1031.441048,0.948980
1028.820961,0.963265
1026.200873,0.971429
1023.580786,0.971429
1020.960699,0.971429
1018.340611,0.971429
1015.720524,0.965306
1013.100437,0.951020
1010.480349,0.906122
1007.860262,0.842857
1005.240175,0.751020
1002.620087,0.646939
1000.000000,0.553061
997.379913,0.465306
994.759825,0.397959
992.139738,0.348980
989.519651,0.302041
986.899563,0.261224
984.279476,0.228571
981.659389,0.197959
979.039301,0.175510
976.419214,0.155102
973.799127,0.140816
971.179039,0.126531
968.558952,0.116327
965.938865,0.108163
963.318777,0.100000
960.698690,0.095918
958.078603,0.091837
955.458515,0.089796
952.838428,0.089796
950.218341,0.087755
947.598253,0.081633
944.978166,0.077551
942.358079,0.071429
939.737991,0.067347
937.117904,0.063265
934.497817,0.063265
931.877729,0.063265
929.257642,0.065306
926.637555,0.069388
924.017467,0.081633
921.397380,0.097959
918.777293,0.118367
916.157205,0.132653
913.537118,0.142857
910.917031,0.144898
908.296943,0.144898
905.676856,0.140816
903.056769,0.130612
900.436681,0.122449
897.816594,0.118367
895.196507,0.112245
892.576419,0.108163
889.956332,0.106122
887.336245,0.112245
884.716157,0.120408
882.096070,0.130612
879.475983,0.144898
876.855895,0.163265
874.235808,0.181633
871.615721,0.200000
868.995633,0.222449
866.375546,0.246939
863.755459,0.275510
861.135371,0.312245
858.515284,0.346939
855.895197,0.375510
853.275109,0.404082
850.655022,0.436735
848.034934,0.467347
845.414847,0.477551
842.794760,0.477551
840.174672,0.475510
837.554585,0.459184
834.934498,0.426531
832.314410,0.391837
829.694323,0.365306
827.074236,0.389796
824.454148,0.434694
821.834061,0.493878
819.213974,0.565306
816.593886,0.634694
813.973799,0.710204
811.353712,0.781633
808.733624,0.840816
806.113537,0.873469
803.493450,0.877551
800.873362,0.875510
798.253275,0.869388
795.633188,0.822449
793.013100,0.759184
790.393013,0.677551
787.772926,0.581633
785.152838,0.502041
782.532751,0.442857
779.912664,0.410204
777.292576,0.397959
774.672489,0.391837
772.052402,0.381633
769.432314,0.359184
766.812227,0.332653
764.192140,0.308163
761.572052,0.289796
758.951965,0.283673
756.331878,0.283673
753.711790,0.277551
751.091703,0.263265
748.471616,0.238776
745.851528,0.210204
743.231441,0.187755
740.611354,0.173469
737.991266,0.161224
735.371179,0.144898
732.751092,0.124490
730.131004,0.100000
727.510917,0.083673
724.890830,0.069388
722.270742,0.063265
719.650655,0.059184
717.030568,0.065306
714.410480,0.071429
711.790393,0.079592
709.170306,0.085714
706.550218,0.087755
703.930131,0.089796
701.310044,0.091837
698.689956,0.091837
696.069869,0.091837
693.449782,0.093878
690.829694,0.095918
688.209607,0.097959
685.589520,0.097959
682.969432,0.095918
680.349345,0.091837
677.729258,0.083673
675.109170,0.083673
672.489083,0.081633
669.868996,0.077551
667.248908,0.073469
664.628821,0.069388
662.008734,0.065306
659.388646,0.061224
656.768559,0.055102
654.148472,0.051020
651.528384,0.046939
648.908297,0.042857
646.288210,0.042857
643.668122,0.042857
641.048035,0.040816
638.427948,0.038776
635.807860,0.038776
633.187773,0.038776
630.567686,0.036735
627.947598,0.038776
625.327511,0.038776
622.707424,0.038776
620.087336,0.038776
617.467249,0.038776
614.847162,0.038776
612.227074,0.038776
609.606987,0.038776
606.986900,0.038776
604.366812,0.038776
601.746725,0.040816
599.126638,0.040816
596.506550,0.040816
593.886463,0.038776
591.266376,0.036735
588.646288,0.034694
586.026201,0.030612
583.406114,0.026531
580.786026,0.022449
578.165939,0.018367
575.545852,0.014286
572.925764,0.010204
570.305677,0.008163
567.685590,0.006122
565.065502,0.004082
562.445415,0.004082
559.825328,0.004082
557.205240,0.004082
554.585153,0.002041
551.965066,0.002041
549.344978,0.002041
546.724891,0.002041
544.104803,0.002041
541.484716,0.002041
538.864629,0.002041
536.244541,0.002041
533.624454,0.002041
531.004367,0.002041
528.384279,0.002041
525.764192,0.002041
523.144105,0.002041
520.524017,0.002041
517.903930,0.002041
515.283843,0.002041
512.663755,0.002041
510.043668,0.002041
507.423581,0.002041
504.803493,0.002041
502.183406,0.002041
499.563319,0.002041
496.943231,0.002041
494.323144,0.002041
491.703057,0.002041
489.082969,0.002041
486.462882,0.002041
483.842795,0.002041
481.222707,0.002041
478.602620,0.002041
475.982533,0.002041
473.362445,0.002041
470.742358,0.002041
468.122271,0.002041
465.502183,0.002041
462.882096,0.002041
460.262009,0.002041
457.641921,0.002041
455.021834,0.002041
452.401747,0.002041
449.781659,0.002041
447.161572,nan
444.541485,nan
441.921397,nan
439.301310,nan
436.681223,nan
434.061135,nan
431.441048,nan
428.820961,nan
426.200873,nan
423.580786,nan
420.960699,nan
418.340611,nan
415.720524,nan
413.100437,nan
410.480349,nan
407.860262,nan
405.240175,nan
402.620087,nan
400.000000,nan
