4000.000000,0.018367
3997.379913,0.018367
3994.759825,0.018367
3992.139738,0.018367
3989.519651,0.018367
3986.899563,0.016327
3984.279476,0.016327
3981.659389,0.016327
3979.039301,0.016327
3976.419214,0.016327
3973.799127,0.016327
3971.179039,0.016327
3968.558952,0.016327
3965.938865,0.016327
3963.318777,0.016327
3960.698690,0.016327
3958.078603,0.016327
3955.458515,0.016327
3952.838428,0.016327
3950.218341,0.014286
3947.598253,0.014286
3944.978166,0.014286
3942.358079,0.016327
3939.737991,0.016327
3937.117904,0.014286
3934.497817,0.014286
3931.877729,0.014286
3929.257642,0.014286
3926.637555,0.014286
3924.017467,0.014286
3921.397380,0.014286
3918.777293,0.014286
3916.157205,0.014286
3913.537118,0.014286
3910.917031,0.014286
3908.296943,0.014286
3905.676856,0.014286
3903.056769,0.014286
3900.436681,0.014286
3897.816594,0.014286
3895.196507,0.014286
3892.576419,0.014286
3889.956332,0.014286
3887.336245,0.014286
3884.716157,0.014286
3882.096070,0.014286
3879.475983,0.014286
3876.855895,0.014286
3874.235808,0.012245
3871.615721,0.012245
3868.995633,0.012245
3866.375546,0.012245
3863.755459,0.012245
3861.135371,0.012245
3858.515284,0.012245
3855.895197,0.012245
3853.275109,0.012245
3850.655022,0.012245
3848.034934,0.012245
3845.414847,0.012245
3842.794760,0.014286
3840.174672,0.014286
3837.554585,0.012245
3834.934498,0.012245
3832.314410,0.012245
3829.694323,0.012245
3827.074236,0.012245
3824.454148,0.012245
3821.834061,0.012245
3819.213974,0.012245
3816.593886,0.012245
3813.973799,0.012245
3811.353712,0.012245
3808.733624,0.012245
3806.113537,0.012245
3803.493450,0.010204
3800.873362,0.010204
3798.253275,0.010204
3795.633188,0.012245
3793.013100,0.012245
3790.393013,0.012245
3787.772926,0.012245
3785.152838,0.012245
3782.532751,0.012245
3779.912664,0.012245
3777.292576,0.012245
3774.672489,0.012245
3772.052402,0.012245
3769.432314,0.012245
3766.812227,0.010204
3764.192140,0.010204
3761.572052,0.010204
3758.951965,0.010204
3756.331878,0.010204
3753.711790,0.010204
3751.091703,0.010204
3748.471616,0.010204
3745.851528,0.010204
3743.231441,0.010204
3740.611354,0.010204
3737.991266,0.010204
3735.371179,0.010204
3732.751092,0.010204
3730.131004,0.010204
3727.510917,0.010204
3724.890830,0.010204
3722.270742,0.010204
3719.650655,0.012245
3717.030568,0.012245
3714.410480,0.010204
3711.790393,0.010204
3709.170306,0.010204
3706.550218,0.010204
3703.930131,0.010204
3701.310044,0.012245
3698.689956,0.012245
3696.069869,0.012245
3693.449782,0.012245
3690.829694,0.012245
3688.209607,0.012245
3685.589520,0.010204
3682.969432,0.012245
3680.349345,0.012245
3677.729258,0.010204
3675.109170,0.010204
3672.489083,0.010204
3669.868996,0.010204
3667.248908,0.010204
3664.628821,0.010204
3662.008734,0.010204
3659.388646,0.010204
3656.768559,0.010204
3654.148472,0.010204
3651.528384,0.010204
3648.908297,0.010204
3646.288210,0.010204
3643.668122,0.010204
3641.048035,0.010204
3638.427948,0.010204
3635.807860,0.010204
3633.187773,0.010204
3630.567686,0.010204
3627.947598,0.010204
3625.327511,0.010204
3622.707424,0.010204
3620.087336,0.010204
3617.467249,0.010204
3614.847162,0.010204
3612.227074,0.010204
3609.606987,0.010204
3606.986900,0.010204
3604.366812,0.010204
3601.746725,0.010204
3599.126638,0.010204
3596.506550,0.010204
3593.886463,0.010204
3591.266376,0.010204
3588.646288,0.010204
3586.026201,0.010204
3583.406114,0.010204
3580.786026,0.010204
3578.165939,0.010204
3575.545852,0.010204
3572.925764,0.010204
3570.305677,0.010204
3567.685590,0.010204
3565.065502,0.010204
3562.445415,0.010204
3559.825328,0.010204
3557.205240,0.010204
3554.585153,0.010204
3551.965066,0.010204
3549.344978,0.010204
3546.724891,0.010204
3544.104803,0.010204
3541.484716,0.010204
3538.864629,0.010204
3536.244541,0.010204
3533.624454,0.010204
3531.004367,0.010204
3528.384279,0.010204
3525.764192,0.010204
3523.144105,0.010204
3520.524017,0.010204
3517.903930,0.010204
3515.283843,0.010204
3512.663755,0.010204
3510.043668,0.010204
3507.423581,0.010204
3504.803493,0.010204
3502.183406,0.010204
3499.563319,0.010204
3496.943231,0.010204
3494.323144,0.010204
3491.703057,0.010204
3489.082969,0.010204
3486.462882,0.010204
3483.842795,0.010204
3481.222707,0.010204
3478.602620,0.010204
3475.982533,0.010204
3473.362445,0.010204
3470.742358,0.010204
3468.122271,0.012245
3465.502183,0.012245
3462.882096,0.010204
3460.262009,0.010204
3457.641921,0.010204
3455.021834,0.010204
3452.401747,0.010204
3449.781659,0.012245
3447.161572,0.012245
3444.541485,0.010204
3441.921397,0.012245
3439.301310,0.012245
3436.681223,0.010204
3434.061135,0.012245
3431.441048,0.012245
3428.820961,0.012245
3426.200873,0.012245
3423.580786,0.012245
3420.960699,0.012245
3418.340611,0.012245
3415.720524,0.012245
3413.100437,0.012245
3410.480349,0.012245
3407.860262,0.012245
3405.240175,0.012245
3402.620087,0.012245
3400.000000,0.012245
3397.379913,0.010204
3394.759825,0.012245
3392.139738,0.012245
3389.519651,0.012245
3386.899563,0.012245
3384.279476,0.012245
3381.659389,0.012245
3379.039301,0.012245
3376.419214,0.012245
3373.799127,0.012245
3371.179039,0.012245
3368.558952,0.010204
3365.938865,0.010204
3363.318777,0.010204
3360.698690,0.010204
3358.078603,0.010204
3355.458515,0.010204
3352.838428,0.010204
3350.218341,0.010204
3347.598253,0.010204
3344.978166,0.010204
3342.358079,0.010204
3339.737991,0.010204
3337.117904,0.010204
3334.497817,0.010204
3331.877729,0.010204
3329.257642,0.010204
3326.637555,0.010204
3324.017467,0.010204
3321.397380,0.010204
3318.777293,0.010204
3316.157205,0.010204
3313.537118,0.010204
3310.917031,0.010204
3308.296943,0.010204
3305.676856,0.010204
3303.056769,0.010204
3300.436681,0.010204
3297.816594,0.010204
3295.196507,0.010204
3292.576419,0.010204
3289.956332,0.010204
3287.336245,0.010204
3284.716157,0.010204
3282.096070,0.010204
3279.475983,0.010204
3276.855895,0.010204
3274.235808,0.010204
3271.615721,0.010204
3268.995633,0.010204
3266.375546,0.010204
3263.755459,0.010204
3261.135371,0.010204
3258.515284,0.010204
3255.895197,0.010204
3253.275109,0.010204
3250.655022,0.010204
3248.034934,0.010204
3245.414847,0.010204
3242.794760,0.010204
3240.174672,0.010204
3237.554585,0.010204
3234.934498,0.010204
3232.314410,0.010204
3229.694323,0.010204
3227.074236,0.010204
3224.454148,0.012245
3221.834061,0.012245
3219.213974,0.012245
3216.593886,0.012245
3213.973799,0.012245
3211.353712,0.012245
3208.733624,0.012245
3206.113537,0.012245
3203.493450,0.012245
3200.873362,0.012245
3198.253275,0.012245
3195.633188,0.014286
3193.013100,0.014286
3190.393013,0.014286
3187.772926,0.014286
3185.152838,0.014286
3182.532751,0.014286
3179.912664,0.014286
3177.292576,0.014286
3174.672489,0.014286
3172.052402,0.014286
3169.432314,0.014286
3166.812227,0.014286
3164.192140,0.014286
3161.572052,0.014286
3158.951965,0.014286
3156.331878,0.014286
3153.711790,0.014286
3151.091703,0.014286
3148.471616,0.014286
3145.851528,0.014286
3143.231441,0.014286
3140.611354,0.014286
3137.991266,0.014286
3135.371179,0.014286
3132.751092,0.014286
3130.131004,0.014286
3127.510917,0.014286
3124.890830,0.014286
3122.270742,0.014286
3119.650655,0.014286
3117.030568,0.016327
3114.410480,0.016327
3111.790393,0.016327
3109.170306,0.016327
3106.550218,0.016327
3103.930131,0.016327
3101.310044,0.016327
3098.689956,0.016327
3096.069869,0.016327
3093.449782,0.016327
3090.829694,0.016327
3088.209607,0.016327
3085.589520,0.018367
3082.969432,0.018367
3080.349345,0.018367
3077.729258,0.018367
3075.109170,0.018367
3072.489083,0.018367
3069.868996,0.018367
3067.248908,0.020408
3064.628821,0.020408
3062.008734,0.020408
3059.388646,0.020408
3056.768559,0.022449
3054.148472,0.022449
3051.528384,0.022449
3048.908297,0.022449
3046.288210,0.022449
3043.668122,0.024490
3041.048035,0.024490
3038.427948,0.026531
3035.807860,0.026531
3033.187773,0.026531
3030.567686,0.028571
3027.947598,0.030612
3025.327511,0.030612
3022.707424,0.032653
3020.087336,0.034694
3017.467249,0.036735
3014.847162,0.038776
3012.227074,0.042857
3009.606987,0.046939
3006.986900,0.051020
3004.366812,0.055102
3001.746725,0.063265
2999.126638,0.071429
2996.506550,0.081633
2993.886463,0.095918
2991.266376,0.114286
2988.646288,0.136735
2986.026201,0.165306
2983.406114,0.204082
2980.786026,0.255102
2978.165939,0.326531
2975.545852,0.432653
2972.925764,0.567347
2970.305677,0.726531
2967.685590,0.879592
2965.065502,0.967347
2962.445415,0.997959
2959.825328,1.000000
2957.205240,0.995918
2954.585153,0.955102
2951.965066,0.857143
2949.344978,0.730612
2946.724891,0.620408
2944.104803,0.559184
2941.484716,0.610204
2938.864629,0.675510
2936.244541,0.734694
2933.624454,0.769388
2931.004367,0.777551
2928.384279,0.779592
2925.764192,0.777551
2923.144105,0.773469
2920.524017,0.771429
2917.903930,0.763265
2915.283843,0.738776
2912.663755,0.691837
2910.043668,0.642857
2907.423581,0.591837
2904.803493,0.540816
2902.183406,0.495918
2899.563319,0.461224
2896.943231,0.432653
2894.323144,0.414286
2891.703057,0.434694
2889.082969,0.471429
2886.462882,0.522449
2883.842795,0.595918
2881.222707,0.679592
2878.602620,0.748980
2875.982533,0.761224
2873.362445,0.761224
2870.742358,0.736735
2868.122271,0.653061
2865.502183,0.571429
2862.882096,0.522449
2860.262009,0.502041
2857.641921,0.471429
2855.021834,0.416327
2852.401747,0.344898
2849.781659,0.277551
2847.161572,0.220408
2844.541485,0.173469
2841.921397,0.140816
2839.301310,0.118367
2836.681223,0.104082
2834.061135,0.093878
2831.441048,0.085714
2828.820961,0.077551
2826.200873,0.071429
2823.580786,0.065306
2820.960699,0.059184
2818.340611,0.055102
2815.720524,0.051020
2813.100437,0.046939
2810.480349,0.042857
2807.860262,0.040816
2805.240175,0.038776
2802.620087,0.038776
2800.000000,0.036735
2797.379913,0.034694
2794.759825,0.032653
2792.139738,0.030612
2789.519651,0.030612
2786.899563,0.028571
2784.279476,0.026531
2781.659389,0.026531
2779.039301,0.026531
2776.419214,0.026531
2773.799127,0.028571
2771.179039,0.030612
2768.558952,0.032653
2765.938865,0.034694
2763.318777,0.036735
2760.698690,0.038776
2758.078603,0.038776
2755.458515,0.040816
2752.838428,0.040816
2750.218341,0.042857
2747.598253,0.042857
2744.978166,0.040816
2742.358079,0.038776
2739.737991,0.038776
2737.117904,0.036735
2734.497817,0.036735
2731.877729,0.036735
2729.257642,0.034694
2726.637555,0.032653
2724.017467,0.030612
2721.397380,0.028571
2718.777293,0.026531
2716.157205,0.024490
2713.537118,0.024490
2710.917031,0.024490
2708.296943,0.024490
2705.676856,0.022449
2703.056769,0.022449
2700.436681,0.020408
2697.816594,0.020408
2695.196507,0.020408
2692.576419,0.020408
2689.956332,0.018367
2687.336245,0.018367
2684.716157,0.016327
2682.096070,0.014286
2679.475983,0.014286
2676.855895,0.014286
2674.235808,0.014286
2671.615721,0.014286
2668.995633,0.014286
2666.375546,0.014286
2663.755459,0.014286
2661.135371,0.014286
2658.515284,0.014286
2655.895197,0.012245
2653.275109,0.012245
2650.655022,0.012245
2648.034934,0.012245
2645.414847,0.012245
2642.794760,0.012245
2640.174672,0.012245
2637.554585,0.012245
2634.934498,0.012245
2632.314410,0.012245
2629.694323,0.012245
2627.074236,0.012245
2624.454148,0.012245
2621.834061,0.012245
2619.213974,0.012245
2616.593886,0.012245
2613.973799,0.014286
2611.353712,0.014286
2608.733624,0.014286
2606.113537,0.014286
2603.493450,0.014286
2600.873362,0.014286
2598.253275,0.014286
2595.633188,0.012245
2593.013100,0.012245
2590.393013,0.012245
2587.772926,0.012245
2585.152838,0.012245
2582.532751,0.010204
2579.912664,0.010204
2577.292576,0.008163
2574.672489,0.008163
2572.052402,0.008163
2569.432314,0.008163
2566.812227,0.006122
2564.192140,0.006122
2561.572052,0.006122
2558.951965,0.006122
2556.331878,0.006122
2553.711790,0.006122
2551.091703,0.006122
2548.471616,0.006122
2545.851528,0.006122
2543.231441,0.006122
2540.611354,0.006122
2537.991266,0.006122
2535.371179,0.006122
2532.751092,0.006122
2530.131004,0.006122
2527.510917,0.006122
2524.890830,0.004082
2522.270742,0.004082
2519.650655,0.004082
2517.030568,0.004082
2514.410480,0.004082
2511.790393,0.004082
2509.170306,0.006122
2506.550218,0.006122
2503.930131,0.004082
2501.310044,0.006122
2498.689956,0.006122
2496.069869,0.006122
2493.449782,0.006122
2490.829694,0.006122
2488.209607,0.006122
2485.589520,0.006122
2482.969432,0.006122
2480.349345,0.006122
2477.729258,0.006122
2475.109170,0.006122
2472.489083,0.006122
2469.868996,0.006122
2467.248908,0.006122
2464.628821,0.006122
2462.008734,0.006122
2459.388646,0.004082
2456.768559,0.006122
2454.148472,0.006122
2451.528384,0.006122
2448.908297,0.006122
2446.288210,0.006122
2443.668122,0.006122
2441.048035,0.006122
2438.427948,0.006122
2435.807860,0.006122
2433.187773,0.006122
2430.567686,0.006122
2427.947598,0.006122
2425.327511,0.006122
2422.707424,0.006122
2420.087336,0.006122
2417.467249,0.006122
2414.847162,0.006122
2412.227074,0.006122
2409.606987,0.006122
2406.986900,0.006122
2404.366812,0.006122
2401.746725,0.006122
2399.126638,0.006122
2396.506550,0.006122
2393.886463,0.006122
2391.266376,0.006122
2388.646288,0.006122
2386.026201,0.006122
2383.406114,0.006122
2380.786026,0.006122
2378.165939,0.006122
2375.545852,0.006122
2372.925764,0.004082
2370.305677,0.004082
2367.685590,0.004082
2365.065502,0.004082
2362.445415,0.004082
2359.825328,0.004082
2357.205240,0.004082
2354.585153,0.004082
2351.965066,0.004082
2349.344978,0.004082
2346.724891,0.004082
2344.104803,0.004082
2341.484716,0.004082
2338.864629,0.004082
2336.244541,0.004082
2333.624454,0.004082
2331.004367,0.004082
2328.384279,0.004082
2325.764192,0.004082
2323.144105,0.004082
2320.524017,0.004082
2317.903930,0.004082
2315.283843,0.004082
2312.663755,0.004082
2310.043668,0.004082
2307.423581,0.004082
2304.803493,0.004082
2302.183406,0.004082
2299.563319,0.004082
2296.943231,0.004082
2294.323144,0.004082
2291.703057,0.004082
2289.082969,0.004082
2286.462882,0.004082
2283.842795,0.004082
2281.222707,0.004082
2278.602620,0.004082
2275.982533,0.004082
2273.362445,0.004082
2270.742358,0.004082
2268.122271,0.004082
2265.502183,0.004082
2262.882096,0.004082
2260.262009,0.004082
2257.641921,0.004082
2255.021834,0.004082
2252.401747,0.004082
2249.781659,0.004082
2247.161572,0.004082
2244.541485,0.004082
2241.921397,0.004082
2239.301310,0.004082
2236.681223,0.004082
2234.061135,0.004082
2231.441048,0.004082
2228.820961,0.004082
2226.200873,0.004082
2223.580786,0.004082
2220.960699,0.004082
2218.340611,0.004082
2215.720524,0.004082
2213.100437,0.004082
2210.480349,0.004082
2207.860262,0.004082
2205.240175,0.004082
2202.620087,0.004082
2200.000000,0.004082
2197.379913,0.004082
2194.759825,0.004082
2192.139738,0.004082
2189.519651,0.004082
2186.899563,0.004082
2184.279476,0.004082
2181.659389,0.004082
2179.039301,0.004082
2176.419214,0.004082
2173.799127,0.004082
2171.179039,0.004082
2168.558952,0.004082
2165.938865,0.004082
2163.318777,0.004082
2160.698690,0.004082
2158.078603,0.004082
2155.458515,0.004082
2152.838428,0.004082
2150.218341,0.004082
2147.598253,0.004082
2144.978166,0.004082
2142.358079,0.004082
2139.737991,0.004082
2137.117904,0.004082
2134.497817,0.004082
2131.877729,0.004082
2129.257642,0.004082
2126.637555,0.004082
2124.017467,0.004082
2121.397380,0.004082
2118.777293,0.004082
2116.157205,0.004082
2113.537118,0.004082
2110.917031,0.004082
2108.296943,0.004082
2105.676856,0.004082
2103.056769,0.004082
2100.436681,0.002041
2097.816594,0.002041
2095.196507,0.002041
2092.576419,0.002041
2089.956332,0.002041
2087.336245,0.002041
2084.716157,0.002041
2082.096070,0.002041
2079.475983,0.004082
2076.855895,0.004082
2074.235808,0.004082
2071.615721,0.004082
2068.995633,0.004082
2066.375546,0.004082
2063.755459,0.004082
2061.135371,0.004082
2058.515284,0.004082
2055.895197,0.004082
2053.275109,0.004082
2050.655022,0.004082
2048.034934,0.004082
2045.414847,0.004082
2042.794760,0.004082
2040.174672,0.004082
2037.554585,0.004082
2034.934498,0.004082
2032.314410,0.004082
2029.694323,0.004082
2027.074236,0.004082
2024.454148,0.006122
2021.834061,0.006122
2019.213974,0.006122
2016.593886,0.006122
2013.973799,0.006122
2011.353712,0.006122
2008.733624,0.006122
2006.113537,0.006122
2003.493450,0.006122
2000.873362,0.006122
1998.253275,0.008163
1995.633188,0.008163
1993.013100,0.008163
1990.393013,0.008163
1987.772926,0.008163
1985.152838,0.008163
1982.532751,0.008163
1979.912664,0.008163
1977.292576,0.008163
1974.672489,0.008163
1972.052402,0.010204
1969.432314,0.010204
1966.812227,0.010204
1964.192140,0.010204
1961.572052,0.012245
1958.951965,0.012245
1956.331878,0.012245
1953.711790,0.012245
1951.091703,0.012245
1948.471616,0.012245
1945.851528,0.012245
1943.231441,0.012245
1940.611354,0.010204
1937.991266,0.010204
1935.371179,0.010204
1932.751092,0.010204
1930.131004,0.010204
1927.510917,0.010204
1924.890830,0.008163
1922.270742,0.008163
1919.650655,0.008163
1917.030568,0.008163
1914.410480,0.008163
1911.790393,0.008163
1909.170306,0.008163
1906.550218,0.008163
1903.930131,0.008163
1901.310044,0.008163
1898.689956,0.006122
1896.069869,0.006122
1893.449782,0.006122
1890.829694,0.006122
1888.209607,0.006122
1885.589520,0.008163
1882.969432,0.008163
1880.349345,0.006122
1877.729258,0.006122
1875.109170,0.006122
1872.489083,0.006122
1869.868996,0.006122
1867.248908,0.006122
1864.628821,0.006122
1862.008734,0.006122
1859.388646,0.006122
1856.768559,0.006122
1854.148472,0.006122
1851.528384,0.006122
1848.908297,0.006122
1846.288210,0.006122
1843.668122,0.006122
1841.048035,0.006122
1838.427948,0.006122
1835.807860,0.006122
1833.187773,0.006122
1830.567686,0.006122
1827.947598,0.006122
1825.327511,0.006122
1822.707424,0.006122
1820.087336,0.006122
1817.467249,0.006122
1814.847162,0.006122
1812.227074,0.006122
1809.606987,0.006122
1806.986900,0.006122
1804.366812,0.006122
1801.746725,0.006122
1799.126638,0.006122
1796.506550,0.006122
1793.886463,0.006122
1791.266376,0.006122
1788.646288,0.008163
1786.026201,0.008163
1783.406114,0.006122
1780.786026,0.006122
1778.165939,0.006122
1775.545852,0.006122
1772.925764,0.006122
1770.305677,0.006122
1767.685590,0.006122
1765.065502,0.006122
1762.445415,0.006122
1759.825328,0.006122
1757.205240,0.006122
1754.585153,0.006122
1751.965066,0.006122
1749.344978,0.004082
1746.724891,0.004082
1744.104803,0.006122
1741.484716,0.006122
1738.864629,0.004082
1736.244541,0.006122
1733.624454,0.004082
1731.004367,0.006122
1728.384279,0.006122
1725.764192,0.006122
1723.144105,0.006122
1720.524017,0.006122
1717.903930,0.006122
1715.283843,0.006122
1712.663755,0.006122
1710.043668,0.006122
1707.423581,0.006122
1704.803493,0.006122
1702.183406,0.006122
1699.563319,0.006122
1696.943231,0.006122
1694.323144,0.006122
1691.703057,0.006122
1689.082969,0.006122
1686.462882,0.006122
1683.842795,0.006122
1681.222707,0.008163
1678.602620,0.008163
1675.982533,0.008163
1673.362445,0.008163
1670.742358,0.008163
1668.122271,0.008163
1665.502183,0.008163
1662.882096,0.008163
1660.262009,0.008163
1657.641921,0.008163
1655.021834,0.008163
1652.401747,0.006122
1649.781659,0.008163
1647.161572,0.008163
1644.541485,0.008163
1641.921397,0.008163
1639.301310,0.008163
1636.681223,0.008163
1634.061135,0.008163
1631.441048,0.010204
1628.820961,0.010204
1626.200873,0.008163
1623.580786,0.008163
1620.960699,0.008163
1618.340611,0.008163
1615.720524,0.008163
1613.100437,0.010204
1610.480349,0.010204
1607.860262,0.010204
1605.240175,0.010204
1602.620087,0.010204
1600.000000,0.010204
1597.379913,0.010204
1594.759825,0.010204
1592.139738,0.010204
1589.519651,0.010204
1586.899563,0.010204
1584.279476,0.010204
1581.659389,0.010204
1579.039301,0.010204
1576.419214,0.010204
1573.799127,0.010204
1571.179039,0.010204
1568.558952,0.010204
1565.938865,0.012245
1563.318777,0.012245
1560.698690,0.012245
1558.078603,0.010204
1555.458515,0.012245
1552.838428,0.012245
1550.218341,0.012245
1547.598253,0.012245
1544.978166,0.012245
1542.358079,0.012245
1539.737991,0.012245
1537.117904,0.014286
1534.497817,0.014286
1531.877729,0.014286
1529.257642,0.014286
1526.637555,0.014286
1524.017467,0.014286
1521.397380,0.014286
1518.777293,0.016327
1516.157205,0.016327
1513.537118,0.018367
1510.917031,0.018367
1508.296943,0.018367
1505.676856,0.020408
1503.056769,0.022449
1500.436681,0.024490
1497.816594,0.026531
1495.196507,0.030612
1492.576419,0.038776
1489.956332,0.051020
1487.336245,0.065306
1484.716157,0.079592
1482.096070,0.097959
1479.475983,0.112245
1476.855895,0.126531
1474.235808,0.151020
1471.615721,0.193878
1468.995633,0.253061
1466.375546,0.322449
1463.755459,0.357143
1461.135371,0.357143
1458.515284,0.357143
1455.895197,0.326531
1453.275109,0.265306
1450.655022,0.197959
1448.034934,0.155102
1445.414847,0.128571
1442.794760,0.108163
1440.174672,0.087755
1437.554585,0.067347
1434.934498,0.051020
1432.314410,0.042857
1429.694323,0.036735
1427.074236,0.032653
1424.454148,0.030612
1421.834061,0.028571
1419.213974,0.026531
1416.593886,0.026531
1413.973799,0.026531
1411.353712,0.026531
1408.733624,0.028571
1406.113537,0.030612
1403.493450,0.034694
1400.873362,0.040816
1398.253275,0.055102
1395.633188,0.073469
1393.013100,0.093878
1390.393013,0.118367
1387.772926,0.140816
1385.152838,0.161224
1382.532751,0.171429
1379.912664,0.171429
1377.292576,0.169388
1374.672489,0.144898
1372.052402,0.106122
1369.432314,0.069388
1366.812227,0.048980
1364.192140,0.040816
1361.572052,0.036735
1358.951965,0.034694
1356.331878,0.034694
1353.711790,0.032653
1351.091703,0.030612
1348.471616,0.028571
1345.851528,0.026531
1343.231441,0.026531
1340.611354,0.026531
1337.991266,0.026531
1335.371179,0.026531
1332.751092,0.024490
1330.131004,0.024490
1327.510917,0.022449
1324.890830,0.024490
1322.270742,0.024490
1319.650655,0.026531
1317.030568,0.028571
1314.410480,0.032653
1311.790393,0.038776
1309.170306,0.042857
1306.550218,0.044898
1303.930131,0.044898
1301.310044,0.042857
1298.689956,0.040816
1296.069869,0.036735
1293.449782,0.036735
1290.829694,0.036735
1288.209607,0.038776
1285.589520,0.040816
1282.969432,0.046939
1280.349345,0.055102
1277.729258,0.061224
1275.109170,0.063265
1272.489083,0.065306
1269.868996,0.065306
1267.248908,0.069388
1264.628821,0.075510
1262.008734,0.081633
1259.388646,0.083673
1256.768559,0.083673
1254.148472,0.083673
1251.528384,0.081633
1248.908297,0.077551
1246.288210,0.073469
1243.668122,0.069388
1241.048035,0.065306
1238.427948,0.059184
1235.807860,0.051020
1233.187773,0.038776
1230.567686,0.032653
1227.947598,0.030612
1225.327511,0.028571
1222.707424,0.028571
1220.087336,0.030612
1217.467249,0.030612
1214.847162,0.030612
1212.227074,0.032653
1209.606987,0.034694
1206.986900,0.034694
1204.366812,0.036735
1201.746725,0.038776
1199.126638,0.040816
1196.506550,0.044898
1193.886463,0.048980
1191.266376,0.055102
1188.646288,0.059184
1186.026201,0.063265
1183.406114,0.071429
1180.786026,0.081633
1178.165939,0.102041
1175.545852,0.128571
1172.925764,0.165306
1170.305677,0.204082
1167.685590,0.230612
1165.065502,0.244898
1162.445415,0.253061
1159.825328,0.255102
1157.205240,0.255102
1154.585153,0.263265
1151.965066,0.273469
1149.344978,0.275510
1146.724891,0.275510
1144.104803,0.269388
1141.484716,0.267347
1138.864629,0.287755
1136.244541,0.316327
1133.624454,0.353061
1131.004367,0.395918
1128.384279,0.453061
1125.764192,0.516327
1123.144105,0.577551
1120.524017,0.618367
1117.903930,0.634694
1115.283843,0.651020
1112.663755,0.683673
1110.043668,0.718367
1107.423581,0.753061
1104.803493,0.795918
1102.183406,0.840816
1099.563319,0.887755
1096.943231,0.918367
1094.323144,0.940816
1091.703057,0.959184
1089.082969,0.965306
1086.462882,0.965306
1083.842795,0.969388
1081.222707,0.979592
1078.602620,0.989796
1075.982533,0.991837
1073.362445,0.991837
1070.742358,0.987755
1068.122271,0.967347
1065.502183,0.912245
1062.882096,0.812245
1060.262009,0.667347
1057.641921,0.518367
1055.021834,0.400000
1052.401747,0.320408
1049.781659,0.334694
1047.161572,0.387755
1044.541485,0.395918
1041.921397,0.393878
1039.301310,0.369388
1036.681223,0.308163
1034.061135,0.263265
1031.441048,0.251020
1028.820961,0.234694
1026.200873,0.195918
1023.580786,0.153061
1020.960699,0.128571
1018.340611,0.118367
1015.720524,0.114286
1013.100437,0.110204
1010.480349,0.102041
1007.860262,0.093878
1005.240175,0.079592
1002.620087,0.069388
1000.000000,0.059184
997.379913,0.053061
994.759825,0.051020
992.139738,0.053061
989.519651,0.059184
986.899563,0.071429
984.279476,0.091837
981.659389,0.120408
979.039301,0.151020
976.419214,0.169388
973.799127,0.181633
971.179039,0.195918
968.558952,0.204082
965.938865,0.204082
963.318777,0.202041
960.698690,0.191837
958.078603,0.179592
955.458515,0.161224
952.838428,0.128571
950.218341,0.091837
947.598253,0.065306
944.978166,0.048980
942.358079,0.038776
939.737991,0.032653
937.117904,0.030612
934.497817,0.030612
931.877729,0.032653
929.257642,0.036735
926.637555,0.044898
924.017467,0.057143
921.397380,0.075510
918.777293,0.097959
916.157205,0.112245
913.537118,0.120408
910.917031,0.122449
908.296943,0.124490
905.676856,0.122449
903.056769,0.116327
900.436681,0.108163
897.816594,0.118367
895.196507,0.138776
892.576419,0.171429
889.956332,0.208163
887.336245,0.240816
884.716157,0.263265
882.096070,0.279592
879.475983,0.293878
876.855895,0.312245
874.235808,0.322449
871.615721,0.326531
868.995633,0.326531
866.375546,0.324490
863.755459,0.318367
861.135371,0.306122
858.515284,0.287755
855.895197,0.267347
853.275109,0.244898
850.655022,0.218367
848.034934,0.189796
845.414847,0.163265
842.794760,0.138776
840.174672,0.120408
837.554585,0.104082
834.934498,0.095918
832.314410,0.091837
829.694323,0.093878
827.074236,0.097959
824.454148,0.104082
821.834061,0.110204
819.213974,0.114286
816.593886,0.116327
813.973799,0.116327
811.353712,0.114286
808.733624,0.108163
806.113537,0.095918
803.493450,0.083673
800.873362,0.069388
798.253275,0.057143
795.633188,0.046939
793.013100,0.038776
790.393013,0.032653
787.772926,0.032653
785.152838,0.042857
782.532751,0.059184
779.912664,0.081633
777.292576,0.104082
774.672489,0.126531
772.052402,0.132653
769.432314,0.132653
766.812227,0.130612
764.192140,0.114286
761.572052,0.091837
758.951965,0.071429
756.331878,0.057143
753.711790,0.053061
751.091703,0.055102
748.471616,0.055102
745.851528,0.055102
743.231441,0.051020
740.611354,0.038776
737.991266,0.026531
735.371179,0.020408
732.751092,0.016327
730.131004,0.016327
727.510917,0.016327
724.890830,0.016327
722.270742,0.016327
719.650655,0.016327
717.030568,0.016327
714.410480,0.016327
711.790393,0.016327
709.170306,0.016327
706.550218,0.014286
703.930131,0.012245
701.310044,0.012245
698.689956,0.010204
696.069869,0.010204
693.449782,0.010204
690.829694,0.008163
688.209607,0.006122
685.589520,0.008163
682.969432,0.008163
680.349345,0.006122
677.729258,0.006122
675.109170,0.006122
672.489083,0.006122
669.868996,0.008163
667.248908,0.008163
664.628821,0.006122
662.008734,0.006122
659.388646,0.006122
656.768559,0.006122
654.148472,0.006122
651.528384,0.008163
648.908297,0.008163
646.288210,0.008163
643.668122,0.008163
641.048035,0.008163
638.427948,0.010204
635.807860,0.012245
633.187773,0.012245
630.567686,0.012245
627.947598,0.012245
625.327511,0.014286
622.707424,0.014286
620.087336,0.014286
617.467249,0.016327
614.847162,0.020408
612.227074,0.022449
609.606987,0.026531
606.986900,0.030612
604.366812,0.032653
601.746725,0.034694
599.126638,0.034694
596.506550,0.034694
593.886463,0.034694
591.266376,0.032653
588.646288,0.030612
586.026201,0.026531
583.406114,0.022449
580.786026,0.020408
578.165939,0.016327
575.545852,0.012245
572.925764,0.010204
570.305677,0.008163
567.685590,0.006122
565.065502,0.004082
562.445415,0.004082
559.825328,0.004082
557.205240,0.002041
554.585153,0.002041
551.965066,0.002041
549.344978,0.002041
546.724891,0.002041
544.104803,0.002041
541.484716,0.002041
538.864629,0.002041
536.244541,0.002041
533.624454,0.002041
531.004367,0.002041
528.384279,0.002041
525.764192,0.002041
523.144105,0.002041
520.524017,0.002041
517.903930,0.002041
515.283843,0.002041
512.663755,0.002041
510.043668,0.002041
507.423581,0.002041
504.803493,0.002041
502.183406,0.002041
499.563319,0.002041
496.943231,0.002041
494.323144,0.002041
491.703057,0.002041
489.082969,0.002041
486.462882,0.002041
483.842795,0.002041
481.222707,0.002041
478.602620,0.002041
475.982533,0.002041
473.362445,0.002041
470.742358,0.002041
468.122271,0.002041
465.502183,0.002041
462.882096,0.002041
460.262009,0.002041
457.641921,0.002041
455.021834,0.002041
452.401747,0.002041
449.781659,0.002041
447.161572,nan
444.541485,nan
441.921397,nan
439.301310,nan
436.681223,nan
434.061135,nan
431.441048,nan
428.820961,nan
426.200873,nan
423.580786,nan
420.960699,nan
418.340611,nan
415.720524,nan
413.100437,nan
410.480349,nan
407.860262,nan
405.240175,nan
402.620087,nan
400.000000,nan
