4000.000000,0.004082
3997.379913,0.006122
3994.759825,0.006122
3992.139738,0.006122
3989.519651,0.006122
3986.899563,0.006122
3984.279476,0.006122
3981.659389,0.006122
3979.039301,0.006122
3976.419214,0.006122
3973.799127,0.004082
3971.179039,0.004082
3968.558952,0.004082
3965.938865,0.004082
3963.318777,0.004082
3960.698690,0.004082
3958.078603,0.004082
3955.458515,0.004082
3952.838428,0.004082
3950.218341,0.004082
3947.598253,0.004082
3944.978166,0.004082
3942.358079,0.004082
3939.737991,0.004082
3937.117904,0.004082
3934.497817,0.004082
3931.877729,0.004082
3929.257642,0.004082
3926.637555,0.004082
3924.017467,0.004082
3921.397380,0.004082
3918.777293,0.004082
3916.157205,0.004082
3913.537118,0.004082
3910.917031,0.004082
3908.296943,0.004082
3905.676856,0.004082
3903.056769,0.004082
3900.436681,0.004082
3897.816594,0.004082
3895.196507,0.004082
3892.576419,0.004082
3889.956332,0.004082
3887.336245,0.004082
3884.716157,0.004082
3882.096070,0.004082
3879.475983,0.004082
3876.855895,0.004082
3874.235808,0.004082
3871.615721,0.004082
3868.995633,0.004082
3866.375546,0.004082
3863.755459,0.004082
3861.135371,0.004082
3858.515284,0.004082
3855.895197,0.004082
3853.275109,0.004082
3850.655022,0.004082
3848.034934,0.004082
3845.414847,0.004082
3842.794760,0.004082
3840.174672,0.004082
3837.554585,0.004082
3834.934498,0.004082
3832.314410,0.004082
3829.694323,0.004082
3827.074236,0.004082
3824.454148,0.004082
3821.834061,0.004082
3819.213974,0.004082
3816.593886,0.004082
3813.973799,0.004082
3811.353712,0.004082
3808.733624,0.006122
3806.113537,0.006122
3803.493450,0.006122
3800.873362,0.006122
3798.253275,0.006122
3795.633188,0.004082
3793.013100,0.004082
3790.393013,0.004082
3787.772926,0.006122
3785.152838,0.006122
3782.532751,0.006122
3779.912664,0.006122
3777.292576,0.006122
3774.672489,0.006122
3772.052402,0.008163
3769.432314,0.006122
3766.812227,0.006122
3764.192140,0.008163
3761.572052,0.008163
3758.951965,0.008163
3756.331878,0.008163
3753.711790,0.008163
3751.091703,0.008163
3748.471616,0.008163
3745.851528,0.008163
3743.231441,0.008163
3740.611354,0.008163
3737.991266,0.006122
3735.371179,0.006122
3732.751092,0.006122
3730.131004,0.008163
3727.510917,0.008163
3724.890830,0.008163
3722.270742,0.008163
3719.650655,0.008163
3717.030568,0.008163
3714.410480,0.008163
3711.790393,0.008163
3709.170306,0.008163
3706.550218,0.008163
3703.930131,0.008163
3701.310044,0.008163
3698.689956,0.008163
3696.069869,0.008163
3693.449782,0.008163
3690.829694,0.008163
3688.209607,0.008163
3685.589520,0.008163
3682.969432,0.008163
3680.349345,0.008163
3677.729258,0.008163
3675.109170,0.008163
3672.489083,0.008163
3669.868996,0.006122
3667.248908,0.006122
3664.628821,0.006122
3662.008734,0.006122
3659.388646,0.006122
3656.768559,0.008163
3654.148472,0.008163
3651.528384,0.008163
3648.908297,0.008163
3646.288210,0.008163
3643.668122,0.008163
3641.048035,0.008163
3638.427948,0.010204
3635.807860,0.010204
3633.187773,0.008163
3630.567686,0.010204
3627.947598,0.010204
3625.327511,0.010204
3622.707424,0.008163
3620.087336,0.008163
3617.467249,0.008163
3614.847162,0.008163
3612.227074,0.010204
3609.606987,0.010204
3606.986900,0.010204
3604.366812,0.010204
3601.746725,0.010204
3599.126638,0.010204
3596.506550,0.010204
3593.886463,0.010204
3591.266376,0.010204
3588.646288,0.010204
3586.026201,0.010204
3583.406114,0.010204
3580.786026,0.012245
3578.165939,0.012245
3575.545852,0.012245
3572.925764,0.010204
3570.305677,0.012245
3567.685590,0.012245
3565.065502,0.012245
3562.445415,0.012245
3559.825328,0.012245
3557.205240,0.012245
3554.585153,0.012245
3551.965066,0.014286
3549.344978,0.014286
3546.724891,0.014286
3544.104803,0.014286
3541.484716,0.014286
3538.864629,0.014286
3536.244541,0.014286
3533.624454,0.016327
3531.004367,0.016327
3528.384279,0.016327
3525.764192,0.016327
3523.144105,0.016327
3520.524017,0.018367
3517.903930,0.018367
3515.283843,0.018367
3512.663755,0.018367
3510.043668,0.018367
3507.423581,0.020408
3504.803493,0.020408
3502.183406,0.020408
3499.563319,0.018367
3496.943231,0.020408
3494.323144,0.020408
3491.703057,0.020408
3489.082969,0.020408
3486.462882,0.020408
3483.842795,0.020408
3481.222707,0.020408
3478.602620,0.020408
3475.982533,0.020408
3473.362445,0.020408
3470.742358,0.020408
3468.122271,0.020408
3465.502183,0.020408
3462.882096,0.020408
3460.262009,0.020408
3457.641921,0.022449
3455.021834,0.022449
3452.401747,0.022449
3449.781659,0.022449
3447.161572,0.022449
3444.541485,0.022449
3441.921397,0.022449
3439.301310,0.022449
3436.681223,0.022449
3434.061135,0.022449
3431.441048,0.022449
3428.820961,0.022449
3426.200873,0.022449
3423.580786,0.022449
3420.960699,0.024490
3418.340611,0.024490
3415.720524,0.024490
3413.100437,0.022449
3410.480349,0.022449
3407.860262,0.024490
3405.240175,0.024490
3402.620087,0.022449
3400.000000,0.022449
3397.379913,0.024490
3394.759825,0.024490
3392.139738,0.022449
3389.519651,0.022449
3386.899563,0.024490
3384.279476,0.024490
3381.659389,0.022449
3379.039301,0.024490
3376.419214,0.024490
3373.799127,0.024490
3371.179039,0.022449
3368.558952,0.022449
3365.938865,0.022449
3363.318777,0.022449
3360.698690,0.022449
3358.078603,0.022449
3355.458515,0.022449
3352.838428,0.022449
3350.218341,0.022449
3347.598253,0.022449
3344.978166,0.022449
3342.358079,0.022449
3339.737991,0.022449
3337.117904,0.022449
3334.497817,0.022449
3331.877729,0.022449
3329.257642,0.022449
3326.637555,0.022449
3324.017467,0.022449
3321.397380,0.022449
3318.777293,0.022449
3316.157205,0.022449
3313.537118,0.022449
3310.917031,0.020408
3308.296943,0.020408
3305.676856,0.020408
3303.056769,0.020408
3300.436681,0.020408
3297.816594,0.020408
3295.196507,0.020408
3292.576419,0.020408
3289.956332,0.020408
3287.336245,0.020408
3284.716157,0.020408
3282.096070,0.020408
3279.475983,0.020408
3276.855895,0.020408
3274.235808,0.020408
3271.615721,0.020408
3268.995633,0.020408
3266.375546,0.020408
3263.755459,0.020408
3261.135371,0.020408
3258.515284,0.020408
3255.895197,0.020408
3253.275109,0.020408
3250.655022,0.020408
3248.034934,0.020408
3245.414847,0.020408
3242.794760,0.020408
3240.174672,0.020408
3237.554585,0.020408
3234.934498,0.020408
3232.314410,0.020408
3229.694323,0.020408
3227.074236,0.020408
3224.454148,0.020408
3221.834061,0.020408
3219.213974,0.020408
3216.593886,0.020408
3213.973799,0.020408
3211.353712,0.020408
3208.733624,0.020408
3206.113537,0.020408
3203.493450,0.020408
3200.873362,0.020408
3198.253275,0.020408
3195.633188,0.020408
3193.013100,0.020408
3190.393013,0.020408
3187.772926,0.020408
3185.152838,0.020408
3182.532751,0.020408
3179.912664,0.020408
3177.292576,0.020408
3174.672489,0.020408
3172.052402,0.020408
3169.432314,0.020408
3166.812227,0.020408
3164.192140,0.020408
3161.572052,0.020408
3158.951965,0.022449
3156.331878,0.020408
3153.711790,0.020408
3151.091703,0.020408
3148.471616,0.020408
3145.851528,0.020408
3143.231441,0.020408
3140.611354,0.020408
3137.991266,0.020408
3135.371179,0.022449
3132.751092,0.022449
3130.131004,0.022449
3127.510917,0.022449
3124.890830,0.022449
3122.270742,0.022449
3119.650655,0.022449
3117.030568,0.022449
3114.410480,0.022449
3111.790393,0.022449
3109.170306,0.024490
3106.550218,0.024490
3103.930131,0.024490
3101.310044,0.024490
3098.689956,0.024490
3096.069869,0.024490
3093.449782,0.024490
3090.829694,0.024490
3088.209607,0.024490
3085.589520,0.024490
3082.969432,0.024490
3080.349345,0.024490
3077.729258,0.024490
3075.109170,0.024490
3072.489083,0.024490
3069.868996,0.024490
3067.248908,0.024490
3064.628821,0.024490
3062.008734,0.024490
3059.388646,0.026531
3056.768559,0.026531
3054.148472,0.026531
3051.528384,0.026531
3048.908297,0.026531
3046.288210,0.026531
3043.668122,0.028571
3041.048035,0.028571
3038.427948,0.030612
3035.807860,0.030612
3033.187773,0.030612
3030.567686,0.032653
3027.947598,0.032653
3025.327511,0.034694
3022.707424,0.036735
3020.087336,0.038776
3017.467249,0.040816
3014.847162,0.042857
3012.227074,0.046939
3009.606987,0.048980
3006.986900,0.055102
3004.366812,0.061224
3001.746725,0.069388
2999.126638,0.079592
2996.506550,0.091837
2993.886463,0.110204
2991.266376,0.134694
2988.646288,0.167347
2986.026201,0.214286
2983.406114,0.269388
2980.786026,0.328571
2978.165939,0.383673
2975.545852,0.422449
2972.925764,0.440816
2970.305677,0.442857
2967.685590,0.442857
2965.065502,0.438776
2962.445415,0.428571
2959.825328,0.410204
2957.205240,0.371429
2954.585153,0.314286
2951.965066,0.259184
2949.344978,0.210204
2946.724891,0.175510
2944.104803,0.155102
2941.484716,0.142857
2938.864629,0.146939
2936.244541,0.151020
2933.624454,0.163265
2931.004367,0.179592
2928.384279,0.189796
2925.764192,0.189796
2923.144105,0.189796
2920.524017,0.183673
2917.903930,0.171429
2915.283843,0.167347
2912.663755,0.175510
2910.043668,0.187755
2907.423581,0.195918
2904.803493,0.202041
2902.183406,0.204082
2899.563319,0.204082
2896.943231,0.204082
2894.323144,0.202041
2891.703057,0.195918
2889.082969,0.189796
2886.462882,0.187755
2883.842795,0.197959
2881.222707,0.208163
2878.602620,0.212245
2875.982533,0.212245
2873.362445,0.210204
2870.742358,0.202041
2868.122271,0.189796
2865.502183,0.173469
2862.882096,0.153061
2860.262009,0.132653
2857.641921,0.112245
2855.021834,0.093878
2852.401747,0.081633
2849.781659,0.073469
2847.161572,0.067347
2844.541485,0.063265
2841.921397,0.061224
2839.301310,0.057143
2836.681223,0.053061
2834.061135,0.046939
2831.441048,0.042857
2828.820961,0.038776
2826.200873,0.036735
2823.580786,0.034694
2820.960699,0.032653
2818.340611,0.032653
2815.720524,0.032653
2813.100437,0.030612
2810.480349,0.030612
2807.860262,0.028571
2805.240175,0.026531
2802.620087,0.024490
2800.000000,0.024490
2797.379913,0.022449
2794.759825,0.022449
2792.139738,0.022449
2789.519651,0.022449
2786.899563,0.020408
2784.279476,0.020408
2781.659389,0.020408
2779.039301,0.020408
2776.419214,0.020408
2773.799127,0.022449
2771.179039,0.022449
2768.558952,0.024490
2765.938865,0.024490
2763.318777,0.024490
2760.698690,0.024490
2758.078603,0.022449
2755.458515,0.020408
2752.838428,0.020408
2750.218341,0.020408
2747.598253,0.020408
2744.978166,0.022449
2742.358079,0.024490
2739.737991,0.028571
2737.117904,0.030612
2734.497817,0.030612
2731.877729,0.030612
2729.257642,0.028571
2726.637555,0.026531
2724.017467,0.024490
2721.397380,0.022449
2718.777293,0.020408
2716.157205,0.018367
2713.537118,0.018367
2710.917031,0.016327
2708.296943,0.014286
2705.676856,0.014286
2703.056769,0.012245
2700.436681,0.012245
2697.816594,0.010204
2695.196507,0.010204
2692.576419,0.010204
2689.956332,0.010204
2687.336245,0.010204
2684.716157,0.010204
2682.096070,0.010204
2679.475983,0.010204
2676.855895,0.010204
2674.235808,0.010204
2671.615721,0.010204
2668.995633,0.012245
2666.375546,0.012245
2663.755459,0.010204
2661.135371,0.010204
2658.515284,0.010204
2655.895197,0.010204
2653.275109,0.010204
2650.655022,0.010204
2648.034934,0.010204
2645.414847,0.010204
2642.794760,0.010204
2640.174672,0.010204
2637.554585,0.010204
2634.934498,0.010204
2632.314410,0.012245
2629.694323,0.012245
2627.074236,0.012245
2624.454148,0.012245
2621.834061,0.012245
2619.213974,0.010204
2616.593886,0.010204
2613.973799,0.010204
2611.353712,0.010204
2608.733624,0.010204
2606.113537,0.010204
2603.493450,0.008163
2600.873362,0.008163
2598.253275,0.008163
2595.633188,0.008163
2593.013100,0.008163
2590.393013,0.008163
2587.772926,0.008163
2585.152838,0.008163
2582.532751,0.008163
2579.912664,0.008163
2577.292576,0.008163
2574.672489,0.008163
2572.052402,0.008163
2569.432314,0.008163
2566.812227,0.008163
2564.192140,0.008163
2561.572052,0.008163
2558.951965,0.008163
2556.331878,0.008163
2553.711790,0.008163
2551.091703,0.008163
2548.471616,0.008163
2545.851528,0.008163
2543.231441,0.006122
2540.611354,0.006122
2537.991266,0.006122
2535.371179,0.008163
2532.751092,0.008163
2530.131004,0.006122
2527.510917,0.006122
2524.890830,0.006122
2522.270742,0.006122
2519.650655,0.006122
2517.030568,0.006122
2514.410480,0.006122
2511.790393,0.006122
2509.170306,0.006122
2506.550218,0.008163
2503.930131,0.008163
2501.310044,0.008163
2498.689956,0.008163
2496.069869,0.008163
2493.449782,0.008163
2490.829694,0.008163
2488.209607,0.008163
2485.589520,0.008163
2482.969432,0.008163
2480.349345,0.008163
2477.729258,0.008163
2475.109170,0.008163
2472.489083,0.008163
2469.868996,0.008163
2467.248908,0.008163
2464.628821,0.008163
2462.008734,0.008163
2459.388646,0.008163
2456.768559,0.008163
2454.148472,0.008163
2451.528384,0.008163
2448.908297,0.008163
2446.288210,0.008163
2443.668122,0.010204
2441.048035,0.010204
2438.427948,0.010204
2435.807860,0.008163
2433.187773,0.008163
2430.567686,0.008163
2427.947598,0.008163
2425.327511,0.008163
2422.707424,0.008163
2420.087336,0.008163
2417.467249,0.008163
2414.847162,0.008163
2412.227074,0.008163
2409.606987,0.008163
2406.986900,0.008163
2404.366812,0.008163
2401.746725,0.008163
2399.126638,0.008163
2396.506550,0.008163
2393.886463,0.008163
2391.266376,0.008163
2388.646288,0.008163
2386.026201,0.008163
2383.406114,0.008163
2380.786026,0.008163
2378.165939,0.008163
2375.545852,0.008163
2372.925764,0.008163
2370.305677,0.008163
2367.685590,0.008163
2365.065502,0.008163
2362.445415,0.008163
2359.825328,0.008163
2357.205240,0.008163
2354.585153,0.008163
2351.965066,0.008163
2349.344978,0.008163
2346.724891,0.008163
2344.104803,0.008163
2341.484716,0.008163
2338.864629,0.008163
2336.244541,0.008163
2333.624454,0.008163
2331.004367,0.008163
2328.384279,0.008163
2325.764192,0.008163
2323.144105,0.008163
2320.524017,0.008163
2317.903930,0.008163
2315.283843,0.008163
2312.663755,0.008163
2310.043668,0.008163
2307.423581,0.008163
2304.803493,0.008163
2302.183406,0.008163
2299.563319,0.008163
2296.943231,0.008163
2294.323144,0.008163
2291.703057,0.008163
2289.082969,0.008163
2286.462882,0.008163
2283.842795,0.008163
2281.222707,0.008163
2278.602620,0.008163
2275.982533,0.008163
2273.362445,0.008163
2270.742358,0.008163
2268.122271,0.008163
2265.502183,0.008163
2262.882096,0.008163
2260.262009,0.010204
2257.641921,0.010204
2255.021834,0.010204
2252.401747,0.010204
2249.781659,0.010204
2247.161572,0.010204
2244.541485,0.010204
2241.921397,0.010204
2239.301310,0.008163
2236.681223,0.008163
2234.061135,0.008163
2231.441048,0.008163
2228.820961,0.010204
2226.200873,0.010204
2223.580786,0.008163
2220.960699,0.010204
2218.340611,0.008163
2215.720524,0.008163
2213.100437,0.008163
2210.480349,0.010204
2207.860262,0.010204
2205.240175,0.010204
2202.620087,0.010204
2200.000000,0.010204
2197.379913,0.010204
2194.759825,0.010204
2192.139738,0.010204
2189.519651,0.010204
2186.899563,0.010204
2184.279476,0.010204
2181.659389,0.010204
2179.039301,0.010204
2176.419214,0.010204
2173.799127,0.010204
2171.179039,0.010204
2168.558952,0.010204
2165.938865,0.010204
2163.318777,0.010204
2160.698690,0.010204
2158.078603,0.008163
2155.458515,0.008163
2152.838428,0.008163
2150.218341,0.008163
2147.598253,0.008163
2144.978166,0.008163
2142.358079,0.008163
2139.737991,0.008163
2137.117904,0.008163
2134.497817,0.008163
2131.877729,0.008163
2129.257642,0.008163
2126.637555,0.008163
2124.017467,0.008163
2121.397380,0.008163
2118.777293,0.008163
2116.157205,0.008163
2113.537118,0.008163
2110.917031,0.008163
2108.296943,0.008163
2105.676856,0.008163
2103.056769,0.008163
2100.436681,0.008163
2097.816594,0.008163
2095.196507,0.008163
2092.576419,0.008163
2089.956332,0.008163
2087.336245,0.008163
2084.716157,0.008163
2082.096070,0.008163
2079.475983,0.008163
2076.855895,0.008163
2074.235808,0.008163
2071.615721,0.008163
2068.995633,0.008163
2066.375546,0.008163
2063.755459,0.008163
2061.135371,0.010204
2058.515284,0.008163
2055.895197,0.010204
2053.275109,0.010204
2050.655022,0.010204
2048.034934,0.010204
2045.414847,0.008163
2042.794760,0.008163
2040.174672,0.008163
2037.554585,0.008163
2034.934498,0.008163
2032.314410,0.008163
2029.694323,0.008163
2027.074236,0.008163
2024.454148,0.008163
2021.834061,0.008163
2019.213974,0.008163
2016.593886,0.008163
2013.973799,0.008163
2011.353712,0.008163
2008.733624,0.008163
2006.113537,0.008163
2003.493450,0.008163
2000.873362,0.008163
1998.253275,0.008163
1995.633188,0.010204
1993.013100,0.010204
1990.393013,0.010204
1987.772926,0.010204
1985.152838,0.010204
1982.532751,0.010204
1979.912664,0.010204
1977.292576,0.010204
1974.672489,0.010204
1972.052402,0.010204
1969.432314,0.010204
1966.812227,0.010204
1964.192140,0.010204
1961.572052,0.010204
1958.951965,0.012245
1956.331878,0.012245
1953.711790,0.012245
1951.091703,0.012245
1948.471616,0.014286
1945.851528,0.014286
1943.231441,0.014286
1940.611354,0.012245
1937.991266,0.012245
1935.371179,0.012245
1932.751092,0.012245
1930.131004,0.012245
1927.510917,0.010204
1924.890830,0.010204
1922.270742,0.010204
1919.650655,0.010204
1917.030568,0.010204
1914.410480,0.010204
1911.790393,0.010204
1909.170306,0.010204
1906.550218,0.010204
1903.930131,0.012245
1901.310044,0.012245
1898.689956,0.012245
1896.069869,0.012245
1893.449782,0.012245
1890.829694,0.012245
1888.209607,0.010204
1885.589520,0.010204
1882.969432,0.010204
1880.349345,0.008163
1877.729258,0.008163
1875.109170,0.008163
1872.489083,0.008163
1869.868996,0.008163
1867.248908,0.008163
1864.628821,0.010204
1862.008734,0.010204
1859.388646,0.010204
1856.768559,0.012245
1854.148472,0.012245
1851.528384,0.012245
1848.908297,0.012245
1846.288210,0.014286
1843.668122,0.014286
1841.048035,0.014286
1838.427948,0.014286
1835.807860,0.014286
1833.187773,0.014286
1830.567686,0.012245
1827.947598,0.012245
1825.327511,0.012245
1822.707424,0.012245
1820.087336,0.012245
1817.467249,0.012245
1814.847162,0.012245
1812.227074,0.014286
1809.606987,0.014286
1806.986900,0.014286
1804.366812,0.014286
1801.746725,0.014286
1799.126638,0.014286
1796.506550,0.014286
1793.886463,0.014286
1791.266376,0.012245
1788.646288,0.012245
1786.026201,0.012245
1783.406114,0.010204
1780.786026,0.010204
1778.165939,0.010204
1775.545852,0.010204
1772.925764,0.010204
1770.305677,0.010204
1767.685590,0.010204
1765.065502,0.010204
1762.445415,0.010204
1759.825328,0.010204
1757.205240,0.012245
1754.585153,0.012245
1751.965066,0.012245
1749.344978,0.012245
1746.724891,0.012245
1744.104803,0.012245
1741.484716,0.012245
1738.864629,0.012245
1736.244541,0.012245
1733.624454,0.012245
1731.004367,0.012245
1728.384279,0.012245
1725.764192,0.012245
1723.144105,0.010204
1720.524017,0.010204
1717.903930,0.010204
1715.283843,0.010204
1712.663755,0.010204
1710.043668,0.010204
1707.423581,0.010204
1704.803493,0.010204
1702.183406,0.010204
1699.563319,0.010204
1696.943231,0.010204
1694.323144,0.010204
1691.703057,0.010204
1689.082969,0.010204
1686.462882,0.010204
1683.842795,0.012245
1681.222707,0.010204
1678.602620,0.012245
1675.982533,0.012245
1673.362445,0.012245
1670.742358,0.012245
1668.122271,0.012245
1665.502183,0.012245
1662.882096,0.012245
1660.262009,0.014286
1657.641921,0.014286
1655.021834,0.014286
1652.401747,0.014286
1649.781659,0.012245
1647.161572,0.014286
1644.541485,0.014286
1641.921397,0.014286
1639.301310,0.014286
1636.681223,0.014286
1634.061135,0.014286
1631.441048,0.014286
1628.820961,0.014286
1626.200873,0.014286
1623.580786,0.016327
1620.960699,0.016327
1618.340611,0.016327
1615.720524,0.018367
1613.100437,0.018367
1610.480349,0.020408
1607.860262,0.020408
1605.240175,0.022449
1602.620087,0.022449
1600.000000,0.024490
1597.379913,0.024490
1594.759825,0.026531
1592.139738,0.026531
1589.519651,0.024490
1586.899563,0.024490
1584.279476,0.022449
1581.659389,0.020408
1579.039301,0.018367
1576.419214,0.016327
1573.799127,0.016327
1571.179039,0.014286
1568.558952,0.014286
1565.938865,0.012245
1563.318777,0.012245
1560.698690,0.012245
1558.078603,0.012245
1555.458515,0.010204
1552.838428,0.012245
1550.218341,0.012245
1547.598253,0.012245
1544.978166,0.012245
1542.358079,0.012245
1539.737991,0.012245
1537.117904,0.012245
1534.497817,0.014286
1531.877729,0.014286
1529.257642,0.014286
1526.637555,0.014286
1524.017467,0.014286
1521.397380,0.014286
1518.777293,0.014286
1516.157205,0.014286
1513.537118,0.016327
1510.917031,0.016327
1508.296943,0.016327
1505.676856,0.018367
1503.056769,0.018367
1500.436681,0.020408
1497.816594,0.022449
1495.196507,0.024490
1492.576419,0.026531
1489.956332,0.030612
1487.336245,0.036735
1484.716157,0.040816
1482.096070,0.042857
1479.475983,0.042857
1476.855895,0.038776
1474.235808,0.034694
1471.615721,0.034694
1468.995633,0.036735
1466.375546,0.038776
1463.755459,0.042857
1461.135371,0.046939
1458.515284,0.053061
1455.895197,0.057143
1453.275109,0.063265
1450.655022,0.067347
1448.034934,0.075510
1445.414847,0.079592
1442.794760,0.081633
1440.174672,0.081633
1437.554585,0.079592
1434.934498,0.071429
1432.314410,0.065306
1429.694323,0.059184
1427.074236,0.059184
1424.454148,0.061224
1421.834061,0.065306
1419.213974,0.069388
1416.593886,0.075510
1413.973799,0.083673
1411.353712,0.087755
1408.733624,0.089796
1406.113537,0.095918
1403.493450,0.104082
1400.873362,0.116327
1398.253275,0.142857
1395.633188,0.173469
1393.013100,0.179592
1390.393013,0.179592
1387.772926,0.171429
1385.152838,0.134694
1382.532751,0.102041
1379.912664,0.081633
1377.292576,0.069388
1374.672489,0.063265
1372.052402,0.061224
1369.432314,0.061224
1366.812227,0.061224
1364.192140,0.061224
1361.572052,0.059184
1358.951965,0.048980
1356.331878,0.042857
1353.711790,0.038776
1351.091703,0.036735
1348.471616,0.034694
1345.851528,0.032653
1343.231441,0.032653
1340.611354,0.032653
1337.991266,0.032653
1335.371179,0.034694
1332.751092,0.036735
1330.131004,0.038776
1327.510917,0.038776
1324.890830,0.038776
1322.270742,0.038776
1319.650655,0.038776
1317.030568,0.038776
1314.410480,0.040816
1311.790393,0.042857
1309.170306,0.046939
1306.550218,0.051020
1303.930131,0.059184
1301.310044,0.067347
1298.689956,0.077551
1296.069869,0.083673
1293.449782,0.083673
1290.829694,0.083673
1288.209607,0.081633
1285.589520,0.079592
1282.969432,0.083673
1280.349345,0.093878
1277.729258,0.110204
1275.109170,0.136735
1272.489083,0.187755
1269.868996,0.283673
1267.248908,0.448980
1264.628821,0.683673
1262.008734,0.875510
1259.388646,0.887755
1256.768559,0.887755
1254.148472,0.781633
1251.528384,0.506122
1248.908297,0.287755
1246.288210,0.179592
1243.668122,0.124490
1241.048035,0.089796
1238.427948,0.071429
1235.807860,0.061224
1233.187773,0.053061
1230.567686,0.048980
1227.947598,0.046939
1225.327511,0.044898
1222.707424,0.042857
1220.087336,0.040816
1217.467249,0.040816
1214.847162,0.040816
1212.227074,0.042857
1209.606987,0.044898
1206.986900,0.044898
1204.366812,0.046939
1201.746725,0.051020
1199.126638,0.055102
1196.506550,0.061224
1193.886463,0.067347
1191.266376,0.075510
1188.646288,0.085714
1186.026201,0.095918
1183.406114,0.112245
1180.786026,0.134694
1178.165939,0.167347
1175.545852,0.204082
1172.925764,0.240816
1170.305677,0.263265
1167.685590,0.267347
1165.065502,0.265306
1162.445415,0.259184
1159.825328,0.240816
1157.205240,0.222449
1154.585153,0.210204
1151.965066,0.212245
1149.344978,0.222449
1146.724891,0.236735
1144.104803,0.261224
1141.484716,0.289796
1138.864629,0.326531
1136.244541,0.373469
1133.624454,0.428571
1131.004367,0.495918
1128.384279,0.581633
1125.764192,0.667347
1123.144105,0.759184
1120.524017,0.853061
1117.903930,0.918367
1115.283843,0.948980
1112.663755,0.948980
1110.043668,0.948980
1107.423581,0.914286
1104.803493,0.830612
1102.183406,0.724490
1099.563319,0.626531
1096.943231,0.622449
1094.323144,0.695918
1091.703057,0.763265
1089.082969,0.818367
1086.462882,0.853061
1083.842795,0.865306
1081.222707,0.865306
1078.602620,0.865306
1075.982533,0.867347
1073.362445,0.889796
1070.742358,0.928571
1068.122271,0.963265
1065.502183,0.987755
1062.882096,0.997959
1060.262009,1.000000
1057.641921,0.997959
1055.021834,0.987755
1052.401747,0.963265
1049.781659,0.922449
1047.161572,0.867347
1044.541485,0.800000
1041.921397,0.728571
1039.301310,0.648980
1036.681223,0.573469
1034.061135,0.500000
1031.441048,0.426531
1028.820961,0.367347
1026.200873,0.316327
1023.580786,0.269388
1020.960699,0.232653
1018.340611,0.204082
1015.720524,0.177551
1013.100437,0.157143
1010.480349,0.140816
1007.860262,0.124490
1005.240175,0.112245
1002.620087,0.102041
1000.000000,0.093878
997.379913,0.085714
994.759825,0.079592
992.139738,0.075510
989.519651,0.071429
986.899563,0.069388
984.279476,0.067347
981.659389,0.069388
979.039301,0.075510
976.419214,0.087755
973.799127,0.102041
971.179039,0.128571
968.558952,0.171429
965.938865,0.228571
963.318777,0.304082
960.698690,0.379592
958.078603,0.424490
955.458515,0.434694
952.838428,0.434694
950.218341,0.432653
947.598253,0.406122
944.978166,0.369388
942.358079,0.326531
939.737991,0.279592
937.117904,0.238776
934.497817,0.200000
931.877729,0.161224
929.257642,0.128571
926.637555,0.102041
924.017467,0.081633
921.397380,0.067347
918.777293,0.057143
916.157205,0.048980
913.537118,0.044898
910.917031,0.042857
908.296943,0.040816
905.676856,0.040816
903.056769,0.042857
900.436681,0.044898
897.816594,0.046939
895.196507,0.048980
892.576419,0.053061
889.956332,0.059184
887.336245,0.065306
884.716157,0.073469
882.096070,0.083673
879.475983,0.093878
876.855895,0.108163
874.235808,0.124490
871.615721,0.138776
868.995633,0.153061
866.375546,0.169388
863.755459,0.193878
861.135371,0.226531
858.515284,0.277551
855.895197,0.344898
853.275109,0.436735
850.655022,0.532653
848.034934,0.608163
845.414847,0.630612
842.794760,0.630612
840.174672,0.626531
837.554585,0.577551
834.934498,0.491837
832.314410,0.406122
829.694323,0.332653
827.074236,0.285714
824.454148,0.275510
821.834061,0.316327
819.213974,0.385714
816.593886,0.481633
813.973799,0.600000
811.353712,0.712245
808.733624,0.808163
806.113537,0.873469
803.493450,0.914286
800.873362,0.924490
798.253275,0.922449
795.633188,0.904082
793.013100,0.818367
790.393013,0.683673
787.772926,0.534694
785.152838,0.406122
782.532751,0.304082
779.912664,0.222449
777.292576,0.167347
774.672489,0.128571
772.052402,0.102041
769.432314,0.083673
766.812227,0.071429
764.192140,0.063265
761.572052,0.057143
758.951965,0.053061
756.331878,0.048980
753.711790,0.048980
751.091703,0.051020
748.471616,0.057143
745.851528,0.063265
743.231441,0.069388
740.611354,0.073469
737.991266,0.081633
735.371179,0.091837
732.751092,0.100000
730.131004,0.102041
727.510917,0.102041
724.890830,0.100000
722.270742,0.089796
719.650655,0.075510
717.030568,0.063265
714.410480,0.051020
711.790393,0.042857
709.170306,0.036735
706.550218,0.030612
703.930131,0.028571
701.310044,0.026531
698.689956,0.030612
696.069869,0.032653
693.449782,0.036735
690.829694,0.040816
688.209607,0.042857
685.589520,0.042857
682.969432,0.040816
680.349345,0.034694
677.729258,0.026531
675.109170,0.020408
672.489083,0.016327
669.868996,0.014286
667.248908,0.014286
664.628821,0.012245
662.008734,0.012245
659.388646,0.016327
656.768559,0.020408
654.148472,0.028571
651.528384,0.040816
648.908297,0.069388
646.288210,0.104082
643.668122,0.122449
641.048035,0.122449
638.427948,0.120408
635.807860,0.095918
633.187773,0.065306
630.567686,0.040816
627.947598,0.026531
625.327511,0.020408
622.707424,0.020408
620.087336,0.018367
617.467249,0.016327
614.847162,0.018367
612.227074,0.020408
609.606987,0.022449
606.986900,0.022449
604.366812,0.022449
601.746725,0.020408
599.126638,0.020408
596.506550,0.018367
593.886463,0.018367
591.266376,0.018367
588.646288,0.016327
586.026201,0.014286
583.406114,0.012245
580.786026,0.010204
578.165939,0.008163
575.545852,0.008163
572.925764,0.006122
570.305677,0.004082
567.685590,0.004082
565.065502,0.004082
562.445415,0.004082
559.825328,0.004082
557.205240,0.002041
554.585153,0.002041
551.965066,0.002041
549.344978,0.002041
546.724891,0.002041
544.104803,0.002041
541.484716,0.002041
538.864629,0.002041
536.244541,0.002041
533.624454,0.002041
531.004367,0.002041
528.384279,0.002041
525.764192,0.002041
523.144105,0.002041
520.524017,0.002041
517.903930,0.002041
515.283843,0.002041
512.663755,0.002041
510.043668,0.002041
507.423581,0.002041
504.803493,0.002041
502.183406,0.002041
499.563319,0.002041
496.943231,0.002041
494.323144,0.002041
491.703057,0.002041
489.082969,0.002041
486.462882,0.002041
483.842795,0.002041
481.222707,0.002041
478.602620,0.002041
475.982533,0.002041
473.362445,0.002041
470.742358,0.002041
468.122271,0.002041
465.502183,0.002041
462.882096,0.002041
460.262009,0.002041
457.641921,0.002041
455.021834,0.002041
452.401747,0.002041
449.781659,0.002041
447.161572,nan
444.541485,nan
441.921397,nan
439.301310,nan
436.681223,nan
434.061135,nan
431.441048,nan
428.820961,nan
426.200873,nan
423.580786,nan
420.960699,nan
418.340611,nan
415.720524,nan
413.100437,nan
410.480349,nan
407.860262,nan
405.240175,nan
402.620087,nan
400.000000,nan
