4000.000000,0.020408
3997.379913,0.022449
3994.759825,0.022449
3992.139738,0.022449
3989.519651,0.022449
3986.899563,0.022449
3984.279476,0.022449
3981.659389,0.022449
3979.039301,0.022449
3976.419214,0.022449
3973.799127,0.020408
3971.179039,0.022449
3968.558952,0.020408
3965.938865,0.020408
3963.318777,0.022449
3960.698690,0.022449
3958.078603,0.022449
3955.458515,0.022449
3952.838428,0.022449
3950.218341,0.022449
3947.598253,0.024490
3944.978166,0.022449
3942.358079,0.022449
3939.737991,0.022449
3937.117904,0.020408
3934.497817,0.020408
3931.877729,0.022449
3929.257642,0.022449
3926.637555,0.022449
3924.017467,0.020408
3921.397380,0.020408
3918.777293,0.022449
3916.157205,0.022449
3913.537118,0.022449
3910.917031,0.020408
3908.296943,0.022449
3905.676856,0.024490
3903.056769,0.026531
3900.436681,0.026531
3897.816594,0.026531
3895.196507,0.022449
3892.576419,0.020408
3889.956332,0.022449
3887.336245,0.022449
3884.716157,0.022449
3882.096070,0.022449
3879.475983,0.022449
3876.855895,0.022449
3874.235808,0.022449
3871.615721,0.022449
3868.995633,0.024490
3866.375546,0.024490
3863.755459,0.022449
3861.135371,0.022449
3858.515284,0.020408
3855.895197,0.026531
3853.275109,0.032653
3850.655022,0.032653
3848.034934,0.030612
3845.414847,0.018367
3842.794760,0.022449
3840.174672,0.024490
3837.554585,0.026531
3834.934498,0.026531
3832.314410,0.024490
3829.694323,0.020408
3827.074236,0.020408
3824.454148,0.022449
3821.834061,0.024490
3819.213974,0.026531
3816.593886,0.024490
3813.973799,0.022449
3811.353712,0.020408
3808.733624,0.022449
3806.113537,0.024490
3803.493450,0.024490
3800.873362,0.026531
3798.253275,0.026531
3795.633188,0.022449
3793.013100,0.020408
3790.393013,0.020408
3787.772926,0.020408
3785.152838,0.022449
3782.532751,0.022449
3779.912664,0.022449
3777.292576,0.022449
3774.672489,0.022449
3772.052402,0.024490
3769.432314,0.024490
3766.812227,0.024490
3764.192140,0.024490
3761.572052,0.024490
3758.951965,0.022449
3756.331878,0.022449
3753.711790,0.024490
3751.091703,0.028571
3748.471616,0.030612
3745.851528,0.028571
3743.231441,0.026531
3740.611354,0.026531
3737.991266,0.022449
3735.371179,0.024490
3732.751092,0.026531
3730.131004,0.024490
3727.510917,0.022449
3724.890830,0.022449
3722.270742,0.022449
3719.650655,0.022449
3717.030568,0.022449
3714.410480,0.024490
3711.790393,0.028571
3709.170306,0.028571
3706.550218,0.026531
3703.930131,0.024490
3701.310044,0.024490
3698.689956,0.026531
3696.069869,0.026531
3693.449782,0.026531
3690.829694,0.030612
3688.209607,0.030612
3685.589520,0.030612
3682.969432,0.026531
3680.349345,0.024490
3677.729258,0.028571
3675.109170,0.034694
3672.489083,0.034694
3669.868996,0.032653
3667.248908,0.028571
3664.628821,0.026531
3662.008734,0.028571
3659.388646,0.028571
3656.768559,0.032653
3654.148472,0.032653
3651.528384,0.032653
3648.908297,0.034694
3646.288210,0.034694
3643.668122,0.032653
3641.048035,0.026531
3638.427948,0.028571
3635.807860,0.030612
3633.187773,0.032653
3630.567686,0.034694
3627.947598,0.036735
3625.327511,0.036735
3622.707424,0.032653
3620.087336,0.032653
3617.467249,0.034694
3614.847162,0.034694
3612.227074,0.032653
3609.606987,0.034694
3606.986900,0.036735
3604.366812,0.036735
3601.746725,0.034694
3599.126638,0.034694
3596.506550,0.036735
3593.886463,0.038776
3591.266376,0.038776
3588.646288,0.040816
3586.026201,0.042857
3583.406114,0.042857
3580.786026,0.040816
3578.165939,0.040816
3575.545852,0.040816
3572.925764,0.040816
3570.305677,0.042857
3567.685590,0.044898
3565.065502,0.044898
3562.445415,0.042857
3559.825328,0.040816
3557.205240,0.042857
3554.585153,0.042857
3551.965066,0.042857
3549.344978,0.042857
3546.724891,0.044898
3544.104803,0.044898
3541.484716,0.044898
3538.864629,0.046939
3536.244541,0.046939
3533.624454,0.046939
3531.004367,0.048980
3528.384279,0.048980
3525.764192,0.048980
3523.144105,0.048980
3520.524017,0.051020
3517.903930,0.051020
3515.283843,0.051020
3512.663755,0.053061
3510.043668,0.053061
3507.423581,0.055102
3504.803493,0.055102
3502.183406,0.055102
3499.563319,0.055102
3496.943231,0.055102
3494.323144,0.057143
3491.703057,0.057143
3489.082969,0.059184
3486.462882,0.059184
3483.842795,0.061224
3481.222707,0.061224
3478.602620,0.061224
3475.982533,0.061224
3473.362445,0.063265
3470.742358,0.063265
3468.122271,0.063265
3465.502183,0.063265
3462.882096,0.065306
3460.262009,0.065306
3457.641921,0.067347
3455.021834,0.067347
3452.401747,0.069388
3449.781659,0.069388
3447.161572,0.069388
3444.541485,0.069388
3441.921397,0.069388
3439.301310,0.071429
3436.681223,0.073469
3434.061135,0.073469
3431.441048,0.073469
3428.820961,0.073469
3426.200873,0.073469
3423.580786,0.075510
3420.960699,0.075510
3418.340611,0.077551
3415.720524,0.077551
3413.100437,0.077551
3410.480349,0.077551
3407.860262,0.077551
3405.240175,0.079592
3402.620087,0.079592
3400.000000,0.079592
3397.379913,0.079592
3394.759825,0.081633
3392.139738,0.081633
3389.519651,0.081633
3386.899563,0.081633
3384.279476,0.081633
3381.659389,0.083673
3379.039301,0.081633
3376.419214,0.083673
3373.799127,0.083673
3371.179039,0.083673
3368.558952,0.081633
3365.938865,0.081633
3363.318777,0.081633
3360.698690,0.081633
3358.078603,0.081633
3355.458515,0.081633
3352.838428,0.081633
3350.218341,0.079592
3347.598253,0.079592
3344.978166,0.079592
3342.358079,0.079592
3339.737991,0.077551
3337.117904,0.077551
3334.497817,0.079592
3331.877729,0.079592
3329.257642,0.077551
3326.637555,0.075510
3324.017467,0.075510
3321.397380,0.073469
3318.777293,0.073469
3316.157205,0.073469
3313.537118,0.073469
3310.917031,0.073469
3308.296943,0.071429
3305.676856,0.071429
3303.056769,0.069388
3300.436681,0.069388
3297.816594,0.069388
3295.196507,0.069388
3292.576419,0.067347
3289.956332,0.065306
3287.336245,0.067347
3284.716157,0.067347
3282.096070,0.067347
3279.475983,0.065306
3276.855895,0.065306
3274.235808,0.063265
3271.615721,0.063265
3268.995633,0.063265
3266.375546,0.063265
3263.755459,0.063265
3261.135371,0.063265
3258.515284,0.061224
3255.895197,0.063265
3253.275109,0.063265
3250.655022,0.061224
3248.034934,0.061224
3245.414847,0.061224
3242.794760,0.059184
3240.174672,0.059184
3237.554585,0.059184
3234.934498,0.059184
3232.314410,0.057143
3229.694323,0.057143
3227.074236,0.057143
3224.454148,0.057143
3221.834061,0.057143
3219.213974,0.057143
3216.593886,0.055102
3213.973799,0.055102
3211.353712,0.053061
3208.733624,0.055102
3206.113537,0.055102
3203.493450,0.053061
3200.873362,0.053061
3198.253275,0.051020
3195.633188,0.051020
3193.013100,0.051020
3190.393013,0.051020
3187.772926,0.048980
3185.152838,0.048980
3182.532751,0.048980
3179.912664,0.048980
3177.292576,0.046939
3174.672489,0.046939
3172.052402,0.046939
3169.432314,0.044898
3166.812227,0.044898
3164.192140,0.044898
3161.572052,0.044898
3158.951965,0.044898
3156.331878,0.044898
3153.711790,0.042857
3151.091703,0.040816
3148.471616,0.040816
3145.851528,0.040816
3143.231441,0.040816
3140.611354,0.040816
3137.991266,0.040816
3135.371179,0.038776
3132.751092,0.038776
3130.131004,0.038776
3127.510917,0.038776
3124.890830,0.038776
3122.270742,0.038776
3119.650655,0.038776
3117.030568,0.036735
3114.410480,0.036735
3111.790393,0.036735
3109.170306,0.036735
3106.550218,0.036735
3103.930131,0.036735
3101.310044,0.036735
3098.689956,0.036735
3096.069869,0.036735
3093.449782,0.036735
3090.829694,0.034694
3088.209607,0.034694
3085.589520,0.034694
3082.969432,0.034694
3080.349345,0.034694
3077.729258,0.032653
3075.109170,0.032653
3072.489083,0.032653
3069.868996,0.032653
3067.248908,0.032653
3064.628821,0.032653
3062.008734,0.032653
3059.388646,0.032653
3056.768559,0.032653
3054.148472,0.032653
3051.528384,0.032653
3048.908297,0.032653
3046.288210,0.032653
3043.668122,0.032653
3041.048035,0.032653
3038.427948,0.032653
3035.807860,0.032653
3033.187773,0.030612
3030.567686,0.030612
3027.947598,0.030612
3025.327511,0.030612
3022.707424,0.030612
3020.087336,0.030612
3017.467249,0.030612
3014.847162,0.030612
3012.227074,0.030612
3009.606987,0.032653
3006.986900,0.032653
3004.366812,0.032653
3001.746725,0.032653
2999.126638,0.032653
2996.506550,0.032653
2993.886463,0.034694
2991.266376,0.036735
2988.646288,0.038776
2986.026201,0.040816
2983.406114,0.044898
2980.786026,0.048980
2978.165939,0.059184
2975.545852,0.071429
2972.925764,0.085714
2970.305677,0.110204
2967.685590,0.144898
2965.065502,0.181633
2962.445415,0.220408
2959.825328,0.248980
2957.205240,0.253061
2954.585153,0.253061
2951.965066,0.246939
2949.344978,0.216327
2946.724891,0.175510
2944.104803,0.142857
2941.484716,0.118367
2938.864629,0.106122
2936.244541,0.112245
2933.624454,0.126531
2931.004367,0.144898
2928.384279,0.159184
2925.764192,0.163265
2923.144105,0.165306
2920.524017,0.163265
2917.903930,0.157143
2915.283843,0.144898
2912.663755,0.130612
2910.043668,0.114286
2907.423581,0.106122
2904.803493,0.106122
2902.183406,0.114286
2899.563319,0.122449
2896.943231,0.132653
2894.323144,0.142857
2891.703057,0.146939
2889.082969,0.146939
2886.462882,0.144898
2883.842795,0.130612
2881.222707,0.110204
2878.602620,0.089796
2875.982533,0.071429
2873.362445,0.059184
2870.742358,0.048980
2868.122271,0.042857
2865.502183,0.040816
2862.882096,0.036735
2860.262009,0.034694
2857.641921,0.032653
2855.021834,0.030612
2852.401747,0.030612
2849.781659,0.030612
2847.161572,0.028571
2844.541485,0.028571
2841.921397,0.028571
2839.301310,0.026531
2836.681223,0.026531
2834.061135,0.026531
2831.441048,0.026531
2828.820961,0.026531
2826.200873,0.026531
2823.580786,0.026531
2820.960699,0.026531
2818.340611,0.028571
2815.720524,0.026531
2813.100437,0.026531
2810.480349,0.028571
2807.860262,0.028571
2805.240175,0.030612
2802.620087,0.030612
2800.000000,0.030612
2797.379913,0.030612
2794.759825,0.030612
2792.139738,0.028571
2789.519651,0.026531
2786.899563,0.024490
2784.279476,0.022449
2781.659389,0.022449
2779.039301,0.020408
2776.419214,0.018367
2773.799127,0.018367
2771.179039,0.016327
2768.558952,0.016327
2765.938865,0.014286
2763.318777,0.014286
2760.698690,0.014286
2758.078603,0.014286
2755.458515,0.014286
2752.838428,0.014286
2750.218341,0.014286
2747.598253,0.012245
2744.978166,0.012245
2742.358079,0.012245
2739.737991,0.012245
2737.117904,0.012245
2734.497817,0.012245
2731.877729,0.012245
2729.257642,0.010204
2726.637555,0.010204
2724.017467,0.010204
2721.397380,0.012245
2718.777293,0.012245
2716.157205,0.010204
2713.537118,0.012245
2710.917031,0.012245
2708.296943,0.012245
2705.676856,0.010204
2703.056769,0.012245
2700.436681,0.012245
2697.816594,0.010204
2695.196507,0.010204
2692.576419,0.010204
2689.956332,0.010204
2687.336245,0.010204
2684.716157,0.010204
2682.096070,0.010204
2679.475983,0.010204
2676.855895,0.010204
2674.235808,0.010204
2671.615721,0.010204
2668.995633,0.010204
2666.375546,0.010204
2663.755459,0.010204
2661.135371,0.010204
2658.515284,0.010204
2655.895197,0.010204
2653.275109,0.010204
2650.655022,0.010204
2648.034934,0.010204
2645.414847,0.010204
2642.794760,0.010204
2640.174672,0.010204
2637.554585,0.010204
2634.934498,0.012245
2632.314410,0.012245
2629.694323,0.010204
2627.074236,0.010204
2624.454148,0.010204
2621.834061,0.010204
2619.213974,0.010204
2616.593886,0.010204
2613.973799,0.010204
2611.353712,0.010204
2608.733624,0.010204
2606.113537,0.010204
2603.493450,0.008163
2600.873362,0.008163
2598.253275,0.008163
2595.633188,0.008163
2593.013100,0.010204
2590.393013,0.010204
2587.772926,0.008163
2585.152838,0.008163
2582.532751,0.010204
2579.912664,0.010204
2577.292576,0.008163
2574.672489,0.008163
2572.052402,0.008163
2569.432314,0.008163
2566.812227,0.008163
2564.192140,0.008163
2561.572052,0.008163
2558.951965,0.008163
2556.331878,0.008163
2553.711790,0.008163
2551.091703,0.008163
2548.471616,0.008163
2545.851528,0.008163
2543.231441,0.008163
2540.611354,0.008163
2537.991266,0.008163
2535.371179,0.008163
2532.751092,0.008163
2530.131004,0.008163
2527.510917,0.008163
2524.890830,0.008163
2522.270742,0.008163
2519.650655,0.008163
2517.030568,0.008163
2514.410480,0.008163
2511.790393,0.008163
2509.170306,0.008163
2506.550218,0.008163
2503.930131,0.008163
2501.310044,0.008163
2498.689956,0.008163
2496.069869,0.008163
2493.449782,0.008163
2490.829694,0.008163
2488.209607,0.010204
2485.589520,0.010204
2482.969432,0.010204
2480.349345,0.010204
2477.729258,0.010204
2475.109170,0.008163
2472.489083,0.008163
2469.868996,0.008163
2467.248908,0.008163
2464.628821,0.008163
2462.008734,0.008163
2459.388646,0.008163
2456.768559,0.010204
2454.148472,0.010204
2451.528384,0.008163
2448.908297,0.008163
2446.288210,0.008163
2443.668122,0.008163
2441.048035,0.008163
2438.427948,0.008163
2435.807860,0.008163
2433.187773,0.008163
2430.567686,0.008163
2427.947598,0.008163
2425.327511,0.008163
2422.707424,0.008163
2420.087336,0.008163
2417.467249,0.006122
2414.847162,0.008163
2412.227074,0.008163
2409.606987,0.008163
2406.986900,0.008163
2404.366812,0.008163
2401.746725,0.008163
2399.126638,0.008163
2396.506550,0.008163
2393.886463,0.008163
2391.266376,0.008163
2388.646288,0.008163
2386.026201,0.008163
2383.406114,0.008163
2380.786026,0.010204
2378.165939,0.010204
2375.545852,0.012245
2372.925764,0.012245
2370.305677,0.014286
2367.685590,0.014286
2365.065502,0.014286
2362.445415,0.014286
2359.825328,0.014286
2357.205240,0.012245
2354.585153,0.012245
2351.965066,0.010204
2349.344978,0.008163
2346.724891,0.012245
2344.104803,0.014286
2341.484716,0.014286
2338.864629,0.014286
2336.244541,0.012245
2333.624454,0.012245
2331.004367,0.012245
2328.384279,0.012245
2325.764192,0.010204
2323.144105,0.010204
2320.524017,0.010204
2317.903930,0.008163
2315.283843,0.008163
2312.663755,0.008163
2310.043668,0.008163
2307.423581,0.008163
2304.803493,0.008163
2302.183406,0.008163
2299.563319,0.008163
2296.943231,0.008163
2294.323144,0.008163
2291.703057,0.008163
2289.082969,0.008163
2286.462882,0.008163
2283.842795,0.008163
2281.222707,0.008163
2278.602620,0.008163
2275.982533,0.008163
2273.362445,0.008163
2270.742358,0.008163
2268.122271,0.008163
2265.502183,0.008163
2262.882096,0.008163
2260.262009,0.008163
2257.641921,0.008163
2255.021834,0.008163
2252.401747,0.008163
2249.781659,0.008163
2247.161572,0.008163
2244.541485,0.008163
2241.921397,0.008163
2239.301310,0.008163
2236.681223,0.008163
2234.061135,0.008163
2231.441048,0.008163
2228.820961,0.008163
2226.200873,0.008163
2223.580786,0.008163
2220.960699,0.008163
2218.340611,0.008163
2215.720524,0.008163
2213.100437,0.008163
2210.480349,0.008163
2207.860262,0.008163
2205.240175,0.008163
2202.620087,0.008163
2200.000000,0.008163
2197.379913,0.008163
2194.759825,0.008163
2192.139738,0.008163
2189.519651,0.008163
2186.899563,0.006122
2184.279476,0.006122
2181.659389,0.008163
2179.039301,0.008163
2176.419214,0.008163
2173.799127,0.008163
2171.179039,0.008163
2168.558952,0.008163
2165.938865,0.008163
2163.318777,0.008163
2160.698690,0.008163
2158.078603,0.008163
2155.458515,0.008163
2152.838428,0.008163
2150.218341,0.008163
2147.598253,0.008163
2144.978166,0.008163
2142.358079,0.008163
2139.737991,0.008163
2137.117904,0.008163
2134.497817,0.008163
2131.877729,0.008163
2129.257642,0.008163
2126.637555,0.008163
2124.017467,0.008163
2121.397380,0.008163
2118.777293,0.008163
2116.157205,0.008163
2113.537118,0.008163
2110.917031,0.008163
2108.296943,0.008163
2105.676856,0.008163
2103.056769,0.008163
2100.436681,0.008163
2097.816594,0.008163
2095.196507,0.008163
2092.576419,0.008163
2089.956332,0.008163
2087.336245,0.008163
2084.716157,0.008163
2082.096070,0.008163
2079.475983,0.008163
2076.855895,0.010204
2074.235808,0.010204
2071.615721,0.010204
2068.995633,0.010204
2066.375546,0.010204
2063.755459,0.010204
2061.135371,0.010204
2058.515284,0.008163
2055.895197,0.008163
2053.275109,0.008163
2050.655022,0.008163
2048.034934,0.008163
2045.414847,0.008163
2042.794760,0.008163
2040.174672,0.008163
2037.554585,0.006122
2034.934498,0.006122
2032.314410,0.006122
2029.694323,0.006122
2027.074236,0.008163
2024.454148,0.008163
2021.834061,0.006122
2019.213974,0.006122
2016.593886,0.006122
2013.973799,0.008163
2011.353712,0.006122
2008.733624,0.006122
2006.113537,0.008163
2003.493450,0.008163
2000.873362,0.006122
1998.253275,0.008163
1995.633188,0.010204
1993.013100,0.010204
1990.393013,0.008163
1987.772926,0.008163
1985.152838,0.008163
1982.532751,0.008163
1979.912664,0.008163
1977.292576,0.008163
1974.672489,0.008163
1972.052402,0.006122
1969.432314,0.006122
1966.812227,0.008163
1964.192140,0.008163
1961.572052,0.006122
1958.951965,0.006122
1956.331878,0.006122
1953.711790,0.008163
1951.091703,0.008163
1948.471616,0.008163
1945.851528,0.008163
1943.231441,0.008163
1940.611354,0.008163
1937.991266,0.008163
1935.371179,0.010204
1932.751092,0.010204
1930.131004,0.010204
1927.510917,0.008163
1924.890830,0.010204
1922.270742,0.010204
1919.650655,0.008163
1917.030568,0.008163
1914.410480,0.008163
1911.790393,0.008163
1909.170306,0.008163
1906.550218,0.008163
1903.930131,0.006122
1901.310044,0.006122
1898.689956,0.006122
1896.069869,0.006122
1893.449782,0.006122
1890.829694,0.008163
1888.209607,0.008163
1885.589520,0.006122
1882.969432,0.006122
1880.349345,0.006122
1877.729258,0.004082
1875.109170,0.004082
1872.489083,0.006122
1869.868996,0.006122
1867.248908,0.006122
1864.628821,0.006122
1862.008734,0.006122
1859.388646,0.006122
1856.768559,0.006122
1854.148472,0.006122
1851.528384,0.006122
1848.908297,0.006122
1846.288210,0.008163
1843.668122,0.008163
1841.048035,0.006122
1838.427948,0.004082
1835.807860,0.004082
1833.187773,0.004082
1830.567686,0.006122
1827.947598,0.006122
1825.327511,0.004082
1822.707424,0.004082
1820.087336,0.004082
1817.467249,0.006122
1814.847162,0.006122
1812.227074,0.006122
1809.606987,0.006122
1806.986900,0.006122
1804.366812,0.006122
1801.746725,0.006122
1799.126638,0.006122
1796.506550,0.006122
1793.886463,0.008163
1791.266376,0.010204
1788.646288,0.008163
1786.026201,0.006122
1783.406114,0.006122
1780.786026,0.006122
1778.165939,0.006122
1775.545852,0.006122
1772.925764,0.008163
1770.305677,0.008163
1767.685590,0.004082
1765.065502,0.004082
1762.445415,0.006122
1759.825328,0.006122
1757.205240,0.004082
1754.585153,0.006122
1751.965066,0.008163
1749.344978,0.008163
1746.724891,0.006122
1744.104803,0.006122
1741.484716,0.008163
1738.864629,0.008163
1736.244541,0.012245
1733.624454,0.014286
1731.004367,0.014286
1728.384279,0.012245
1725.764192,0.016327
1723.144105,0.018367
1720.524017,0.024490
1717.903930,0.026531
1715.283843,0.026531
1712.663755,0.022449
1710.043668,0.022449
1707.423581,0.024490
1704.803493,0.022449
1702.183406,0.020408
1699.563319,0.022449
1696.943231,0.018367
1694.323144,0.012245
1691.703057,0.010204
1689.082969,0.012245
1686.462882,0.018367
1683.842795,0.020408
1681.222707,0.018367
1678.602620,0.014286
1675.982533,0.018367
1673.362445,0.018367
1670.742358,0.018367
1668.122271,0.018367
1665.502183,0.020408
1662.882096,0.022449
1660.262009,0.022449
1657.641921,0.024490
1655.021834,0.032653
1652.401747,0.032653
1649.781659,0.030612
1647.161572,0.026531
1644.541485,0.026531
1641.921397,0.022449
1639.301310,0.024490
1636.681223,0.026531
1634.061135,0.026531
1631.441048,0.022449
1628.820961,0.022449
1626.200873,0.022449
1623.580786,0.020408
1620.960699,0.020408
1618.340611,0.022449
1615.720524,0.022449
1613.100437,0.020408
1610.480349,0.016327
1607.860262,0.016327
1605.240175,0.016327
1602.620087,0.014286
1600.000000,0.014286
1597.379913,0.016327
1594.759825,0.016327
1592.139738,0.016327
1589.519651,0.014286
1586.899563,0.014286
1584.279476,0.014286
1581.659389,0.016327
1579.039301,0.020408
1576.419214,0.020408
1573.799127,0.020408
1571.179039,0.016327
1568.558952,0.016327
1565.938865,0.014286
1563.318777,0.016327
1560.698690,0.022449
1558.078603,0.022449
1555.458515,0.020408
1552.838428,0.008163
1550.218341,0.010204
1547.598253,0.012245
1544.978166,0.016327
1542.358079,0.018367
1539.737991,0.018367
1537.117904,0.018367
1534.497817,0.014286
1531.877729,0.014286
1529.257642,0.016327
1526.637555,0.018367
1524.017467,0.020408
1521.397380,0.020408
1518.777293,0.018367
1516.157205,0.014286
1513.537118,0.012245
1510.917031,0.016327
1508.296943,0.020408
1505.676856,0.020408
1503.056769,0.016327
1500.436681,0.016327
1497.816594,0.018367
1495.196507,0.016327
1492.576419,0.014286
1489.956332,0.014286
1487.336245,0.014286
1484.716157,0.012245
1482.096070,0.014286
1479.475983,0.014286
1476.855895,0.016327
1474.235808,0.018367
1471.615721,0.018367
1468.995633,0.016327
1466.375546,0.018367
1463.755459,0.018367
1461.135371,0.020408
1458.515284,0.024490
1455.895197,0.024490
1453.275109,0.022449
1450.655022,0.024490
1448.034934,0.026531
1445.414847,0.028571
1442.794760,0.032653
1440.174672,0.036735
1437.554585,0.038776
1434.934498,0.038776
1432.314410,0.046939
1429.694323,0.048980
1427.074236,0.057143
1424.454148,0.067347
1421.834061,0.077551
1419.213974,0.077551
1416.593886,0.077551
1413.973799,0.067347
1411.353712,0.059184
1408.733624,0.057143
1406.113537,0.057143
1403.493450,0.057143
1400.873362,0.055102
1398.253275,0.053061
1395.633188,0.048980
1393.013100,0.042857
1390.393013,0.036735
1387.772926,0.032653
1385.152838,0.030612
1382.532751,0.026531
1379.912664,0.024490
1377.292576,0.024490
1374.672489,0.022449
1372.052402,0.022449
1369.432314,0.020408
1366.812227,0.020408
1364.192140,0.020408
1361.572052,0.020408
1358.951965,0.018367
1356.331878,0.016327
1353.711790,0.016327
1351.091703,0.016327
1348.471616,0.016327
1345.851528,0.014286
1343.231441,0.014286
1340.611354,0.014286
1337.991266,0.014286
1335.371179,0.012245
1332.751092,0.014286
1330.131004,0.014286
1327.510917,0.014286
1324.890830,0.014286
1322.270742,0.014286
1319.650655,0.016327
1317.030568,0.014286
1314.410480,0.014286
1311.790393,0.016327
1309.170306,0.016327
1306.550218,0.018367
1303.930131,0.020408
1301.310044,0.022449
1298.689956,0.024490
1296.069869,0.026531
1293.449782,0.028571
1290.829694,0.032653
1288.209607,0.034694
1285.589520,0.036735
1282.969432,0.038776
1280.349345,0.044898
1277.729258,0.048980
1275.109170,0.055102
1272.489083,0.065306
1269.868996,0.077551
1267.248908,0.102041
1264.628821,0.142857
1262.008734,0.220408
1259.388646,0.336735
1256.768559,0.475510
1254.148472,0.553061
1251.528384,0.555102
1248.908297,0.548980
1246.288210,0.428571
1243.668122,0.253061
1241.048035,0.138776
1238.427948,0.087755
1235.807860,0.063265
1233.187773,0.051020
1230.567686,0.046939
1227.947598,0.040816
1225.327511,0.032653
1222.707424,0.028571
1220.087336,0.026531
1217.467249,0.036735
1214.847162,0.046939
1212.227074,0.046939
1209.606987,0.044898
1206.986900,0.032653
1204.366812,0.020408
1201.746725,0.016327
1199.126638,0.012245
1196.506550,0.012245
1193.886463,0.012245
1191.266376,0.012245
1188.646288,0.010204
1186.026201,0.010204
1183.406114,0.012245
1180.786026,0.012245
1178.165939,0.012245
1175.545852,0.010204
1172.925764,0.010204
1170.305677,0.012245
1167.685590,0.012245
1165.065502,0.014286
1162.445415,0.014286
1159.825328,0.016327
1157.205240,0.016327
1154.585153,0.016327
1151.965066,0.018367
1149.344978,0.018367
1146.724891,0.020408
1144.104803,0.020408
1141.484716,0.020408
1138.864629,0.020408
1136.244541,0.022449
1133.624454,0.022449
1131.004367,0.022449
1128.384279,0.022449
1125.764192,0.022449
1123.144105,0.022449
1120.524017,0.022449
1117.903930,0.024490
1115.283843,0.024490
1112.663755,0.024490
1110.043668,0.024490
1107.423581,0.024490
1104.803493,0.026531
1102.183406,0.028571
1099.563319,0.028571
1096.943231,0.030612
1094.323144,0.030612
1091.703057,0.030612
1089.082969,0.032653
1086.462882,0.032653
1083.842795,0.034694
1081.222707,0.036735
1078.602620,0.042857
1075.982533,0.048980
1073.362445,0.055102
1070.742358,0.063265
1068.122271,0.067347
1065.502183,0.067347
1062.882096,0.067347
1060.262009,0.063265
1057.641921,0.053061
1055.021834,0.044898
1052.401747,0.040816
1049.781659,0.036735
1047.161572,0.036735
1044.541485,0.036735
1041.921397,0.040816
1039.301310,0.044898
1036.681223,0.055102
1034.061135,0.071429
1031.441048,0.100000
1028.820961,0.148980
1026.200873,0.179592
1023.580786,0.181633
1020.960699,0.181633
1018.340611,0.151020
1015.720524,0.097959
1013.100437,0.065306
1010.480349,0.048980
1007.860262,0.040816
1005.240175,0.034694
1002.620087,0.032653
1000.000000,0.030612
997.379913,0.032653
994.759825,0.032653
992.139738,0.032653
989.519651,0.034694
986.899563,0.036735
984.279476,0.038776
981.659389,0.040816
979.039301,0.042857
976.419214,0.042857
973.799127,0.044898
971.179039,0.046939
968.558952,0.051020
965.938865,0.055102
963.318777,0.063265
960.698690,0.069388
958.078603,0.079592
955.458515,0.095918
952.838428,0.114286
950.218341,0.140816
947.598253,0.179592
944.978166,0.238776
942.358079,0.320408
939.737991,0.422449
937.117904,0.536735
934.497817,0.646939
931.877729,0.755102
929.257642,0.859184
926.637555,0.955102
924.017467,0.995918
921.397380,1.000000
918.777293,0.997959
916.157205,0.934694
913.537118,0.748980
910.917031,0.536735
908.296943,0.371429
905.676856,0.257143
903.056769,0.191837
900.436681,0.153061
897.816594,0.126531
895.196507,0.116327
892.576419,0.132653
889.956332,0.161224
887.336245,0.206122
884.716157,0.277551
882.096070,0.359184
879.475983,0.414286
876.855895,0.426531
874.235808,0.426531
871.615721,0.412245
868.995633,0.359184
866.375546,0.304082
863.755459,0.267347
861.135371,0.300000
858.515284,0.338776
855.895197,0.369388
853.275109,0.373469
850.655022,0.373469
848.034934,0.365306
845.414847,0.324490
842.794760,0.275510
840.174672,0.230612
837.554585,0.191837
834.934498,0.173469
832.314410,0.175510
829.694323,0.185714
827.074236,0.189796
824.454148,0.189796
821.834061,0.187755
819.213974,0.191837
816.593886,0.220408
813.973799,0.269388
811.353712,0.322449
808.733624,0.355102
806.113537,0.369388
803.493450,0.400000
800.873362,0.479592
798.253275,0.587755
795.633188,0.673469
793.013100,0.687755
790.393013,0.687755
787.772926,0.646939
785.152838,0.508163
782.532751,0.353061
779.912664,0.234694
777.292576,0.167347
774.672489,0.124490
772.052402,0.097959
769.432314,0.083673
766.812227,0.073469
764.192140,0.065306
761.572052,0.061224
758.951965,0.059184
756.331878,0.057143
753.711790,0.063265
751.091703,0.063265
748.471616,0.063265
745.851528,0.061224
743.231441,0.063265
740.611354,0.063265
737.991266,0.061224
735.371179,0.063265
732.751092,0.067347
730.131004,0.069388
727.510917,0.069388
724.890830,0.069388
722.270742,0.067347
719.650655,0.071429
717.030568,0.073469
714.410480,0.073469
711.790393,0.077551
709.170306,0.083673
706.550218,0.093878
703.930131,0.104082
701.310044,0.118367
698.689956,0.128571
696.069869,0.134694
693.449782,0.138776
690.829694,0.142857
688.209607,0.148980
685.589520,0.157143
682.969432,0.171429
680.349345,0.187755
677.729258,0.212245
675.109170,0.242857
672.489083,0.255102
669.868996,0.257143
667.248908,0.255102
664.628821,0.244898
662.008734,0.244898
659.388646,0.283673
656.768559,0.314286
654.148472,0.316327
651.528384,0.314286
648.908297,0.291837
646.288210,0.257143
643.668122,0.236735
641.048035,0.232653
638.427948,0.238776
635.807860,0.246939
633.187773,0.257143
630.567686,0.271429
627.947598,0.279592
625.327511,0.291837
622.707424,0.306122
620.087336,0.316327
617.467249,0.340816
614.847162,0.357143
612.227074,0.375510
609.606987,0.402041
606.986900,0.428571
604.366812,0.448980
601.746725,0.455102
599.126638,0.457143
596.506550,0.455102
593.886463,0.451020
591.266376,0.432653
588.646288,0.400000
586.026201,0.355102
583.406114,0.304082
580.786026,0.253061
578.165939,0.200000
575.545852,0.155102
572.925764,0.116327
570.305677,0.081633
567.685590,0.057143
565.065502,0.038776
562.445415,0.024490
559.825328,0.016327
557.205240,0.010204
554.585153,0.006122
551.965066,0.004082
549.344978,0.004082
546.724891,0.004082
544.104803,0.002041
541.484716,0.002041
538.864629,0.002041
536.244541,0.002041
533.624454,0.002041
531.004367,0.002041
528.384279,0.002041
525.764192,0.002041
523.144105,0.002041
520.524017,0.002041
517.903930,0.002041
515.283843,0.002041
512.663755,0.002041
510.043668,0.002041
507.423581,0.002041
504.803493,0.002041
502.183406,0.002041
499.563319,0.002041
496.943231,0.002041
494.323144,0.002041
491.703057,0.002041
489.082969,0.002041
486.462882,0.002041
483.842795,0.002041
481.222707,0.002041
478.602620,0.002041
475.982533,0.002041
473.362445,0.002041
470.742358,0.002041
468.122271,0.002041
465.502183,0.002041
462.882096,0.002041
460.262009,0.002041
457.641921,0.002041
455.021834,0.002041
452.401747,0.002041
449.781659,0.002041
447.161572,nan
444.541485,nan
441.921397,nan
439.301310,nan
436.681223,nan
434.061135,nan
431.441048,nan
428.820961,nan
426.200873,nan
423.580786,nan
420.960699,nan
418.340611,nan
415.720524,nan
413.100437,nan
410.480349,nan
407.860262,nan
405.240175,nan
402.620087,nan
400.000000,nan
