4000.000000,0.010204
3997.379913,0.012245
3994.759825,0.012245
3992.139738,0.012245
3989.519651,0.012245
3986.899563,0.010204
3984.279476,0.010204
3981.659389,0.010204
3979.039301,0.010204
3976.419214,0.010204
3973.799127,0.010204
3971.179039,0.010204
3968.558952,0.010204
3965.938865,0.010204
3963.318777,0.010204
3960.698690,0.010204
3958.078603,0.010204
3955.458515,0.010204
3952.838428,0.010204
3950.218341,0.010204
3947.598253,0.010204
3944.978166,0.010204
3942.358079,0.008163
3939.737991,0.008163
3937.117904,0.008163
3934.497817,0.008163
3931.877729,0.010204
3929.257642,0.010204
3926.637555,0.008163
3924.017467,0.008163
3921.397380,0.008163
3918.777293,0.008163
3916.157205,0.008163
3913.537118,0.008163
3910.917031,0.008163
3908.296943,0.008163
3905.676856,0.008163
3903.056769,0.008163
3900.436681,0.008163
3897.816594,0.008163
3895.196507,0.006122
3892.576419,0.008163
3889.956332,0.008163
3887.336245,0.008163
3884.716157,0.008163
3882.096070,0.008163
3879.475983,0.006122
3876.855895,0.008163
3874.235808,0.006122
3871.615721,0.008163
3868.995633,0.008163
3866.375546,0.008163
3863.755459,0.006122
3861.135371,0.006122
3858.515284,0.006122
3855.895197,0.008163
3853.275109,0.010204
3850.655022,0.010204
3848.034934,0.008163
3845.414847,0.006122
3842.794760,0.006122
3840.174672,0.008163
3837.554585,0.008163
3834.934498,0.008163
3832.314410,0.006122
3829.694323,0.006122
3827.074236,0.006122
3824.454148,0.006122
3821.834061,0.008163
3819.213974,0.008163
3816.593886,0.006122
3813.973799,0.006122
3811.353712,0.006122
3808.733624,0.006122
3806.113537,0.006122
3803.493450,0.006122
3800.873362,0.006122
3798.253275,0.006122
3795.633188,0.006122
3793.013100,0.006122
3790.393013,0.006122
3787.772926,0.006122
3785.152838,0.006122
3782.532751,0.006122
3779.912664,0.008163
3777.292576,0.008163
3774.672489,0.006122
3772.052402,0.006122
3769.432314,0.008163
3766.812227,0.008163
3764.192140,0.006122
3761.572052,0.006122
3758.951965,0.006122
3756.331878,0.006122
3753.711790,0.008163
3751.091703,0.008163
3748.471616,0.008163
3745.851528,0.006122
3743.231441,0.006122
3740.611354,0.006122
3737.991266,0.006122
3735.371179,0.008163
3732.751092,0.008163
3730.131004,0.006122
3727.510917,0.006122
3724.890830,0.006122
3722.270742,0.006122
3719.650655,0.006122
3717.030568,0.006122
3714.410480,0.006122
3711.790393,0.008163
3709.170306,0.008163
3706.550218,0.006122
3703.930131,0.006122
3701.310044,0.006122
3698.689956,0.006122
3696.069869,0.006122
3693.449782,0.006122
3690.829694,0.008163
3688.209607,0.008163
3685.589520,0.008163
3682.969432,0.006122
3680.349345,0.006122
3677.729258,0.008163
3675.109170,0.008163
3672.489083,0.008163
3669.868996,0.006122
3667.248908,0.006122
3664.628821,0.006122
3662.008734,0.008163
3659.388646,0.008163
3656.768559,0.008163
3654.148472,0.008163
3651.528384,0.008163
3648.908297,0.008163
3646.288210,0.008163
3643.668122,0.008163
3641.048035,0.006122
3638.427948,0.008163
3635.807860,0.008163
3633.187773,0.008163
3630.567686,0.008163
3627.947598,0.008163
3625.327511,0.008163
3622.707424,0.006122
3620.087336,0.008163
3617.467249,0.008163
3614.847162,0.008163
3612.227074,0.008163
3609.606987,0.008163
3606.986900,0.008163
3604.366812,0.008163
3601.746725,0.008163
3599.126638,0.008163
3596.506550,0.008163
3593.886463,0.008163
3591.266376,0.008163
3588.646288,0.008163
3586.026201,0.010204
3583.406114,0.010204
3580.786026,0.010204
3578.165939,0.010204
3575.545852,0.010204
3572.925764,0.008163
3570.305677,0.008163
3567.685590,0.010204
3565.065502,0.010204
3562.445415,0.010204
3559.825328,0.008163
3557.205240,0.008163
3554.585153,0.008163
3551.965066,0.008163
3549.344978,0.010204
3546.724891,0.010204
3544.104803,0.010204
3541.484716,0.010204
3538.864629,0.010204
3536.244541,0.010204
3533.624454,0.010204
3531.004367,0.010204
3528.384279,0.010204
3525.764192,0.010204
3523.144105,0.010204
3520.524017,0.010204
3517.903930,0.010204
3515.283843,0.010204
3512.663755,0.010204
3510.043668,0.010204
3507.423581,0.010204
3504.803493,0.010204
3502.183406,0.010204
3499.563319,0.010204
3496.943231,0.010204
3494.323144,0.010204
3491.703057,0.010204
3489.082969,0.010204
3486.462882,0.012245
3483.842795,0.012245
3481.222707,0.012245
3478.602620,0.012245
3475.982533,0.012245
3473.362445,0.012245
3470.742358,0.012245
3468.122271,0.012245
3465.502183,0.012245
3462.882096,0.012245
3460.262009,0.012245
3457.641921,0.012245
3455.021834,0.012245
3452.401747,0.014286
3449.781659,0.014286
3447.161572,0.014286
3444.541485,0.014286
3441.921397,0.014286
3439.301310,0.014286
3436.681223,0.014286
3434.061135,0.014286
3431.441048,0.016327
3428.820961,0.016327
3426.200873,0.016327
3423.580786,0.018367
3420.960699,0.018367
3418.340611,0.018367
3415.720524,0.018367
3413.100437,0.020408
3410.480349,0.020408
3407.860262,0.022449
3405.240175,0.024490
3402.620087,0.026531
3400.000000,0.030612
3397.379913,0.034694
3394.759825,0.040816
3392.139738,0.046939
3389.519651,0.057143
3386.899563,0.071429
3384.279476,0.085714
3381.659389,0.104082
3379.039301,0.124490
3376.419214,0.142857
3373.799127,0.161224
3371.179039,0.175510
3368.558952,0.183673
3365.938865,0.185714
3363.318777,0.185714
3360.698690,0.185714
3358.078603,0.181633
3355.458515,0.173469
3352.838428,0.161224
3350.218341,0.148980
3347.598253,0.134694
3344.978166,0.120408
3342.358079,0.108163
3339.737991,0.095918
3337.117904,0.085714
3334.497817,0.077551
3331.877729,0.067347
3329.257642,0.061224
3326.637555,0.055102
3324.017467,0.048980
3321.397380,0.042857
3318.777293,0.038776
3316.157205,0.034694
3313.537118,0.032653
3310.917031,0.028571
3308.296943,0.026531
3305.676856,0.024490
3303.056769,0.022449
3300.436681,0.022449
3297.816594,0.020408
3295.196507,0.020408
3292.576419,0.018367
3289.956332,0.018367
3287.336245,0.016327
3284.716157,0.016327
3282.096070,0.016327
3279.475983,0.016327
3276.855895,0.014286
3274.235808,0.014286
3271.615721,0.014286
3268.995633,0.014286
3266.375546,0.014286
3263.755459,0.014286
3261.135371,0.012245
3258.515284,0.012245
3255.895197,0.012245
3253.275109,0.012245
3250.655022,0.012245
3248.034934,0.012245
3245.414847,0.014286
3242.794760,0.014286
3240.174672,0.014286
3237.554585,0.014286
3234.934498,0.014286
3232.314410,0.014286
3229.694323,0.014286
3227.074236,0.012245
3224.454148,0.012245
3221.834061,0.012245
3219.213974,0.012245
3216.593886,0.012245
3213.973799,0.012245
3211.353712,0.012245
3208.733624,0.014286
3206.113537,0.014286
3203.493450,0.012245
3200.873362,0.012245
3198.253275,0.012245
3195.633188,0.012245
3193.013100,0.012245
3190.393013,0.012245
3187.772926,0.012245
3185.152838,0.014286
3182.532751,0.014286
3179.912664,0.014286
3177.292576,0.014286
3174.672489,0.014286
3172.052402,0.014286
3169.432314,0.014286
3166.812227,0.014286
3164.192140,0.014286
3161.572052,0.014286
3158.951965,0.014286
3156.331878,0.014286
3153.711790,0.014286
3151.091703,0.014286
3148.471616,0.016327
3145.851528,0.016327
3143.231441,0.016327
3140.611354,0.016327
3137.991266,0.016327
3135.371179,0.018367
3132.751092,0.018367
3130.131004,0.020408
3127.510917,0.024490
3124.890830,0.028571
3122.270742,0.034694
3119.650655,0.040816
3117.030568,0.046939
3114.410480,0.051020
3111.790393,0.055102
3109.170306,0.057143
3106.550218,0.057143
3103.930131,0.057143
3101.310044,0.057143
3098.689956,0.055102
3096.069869,0.051020
3093.449782,0.048980
3090.829694,0.044898
3088.209607,0.040816
3085.589520,0.036735
3082.969432,0.034694
3080.349345,0.032653
3077.729258,0.030612
3075.109170,0.028571
3072.489083,0.026531
3069.868996,0.024490
3067.248908,0.022449
3064.628821,0.022449
3062.008734,0.022449
3059.388646,0.020408
3056.768559,0.020408
3054.148472,0.020408
3051.528384,0.020408
3048.908297,0.022449
3046.288210,0.022449
3043.668122,0.024490
3041.048035,0.024490
3038.427948,0.026531
3035.807860,0.026531
3033.187773,0.026531
3030.567686,0.026531
3027.947598,0.026531
3025.327511,0.028571
3022.707424,0.028571
3020.087336,0.028571
3017.467249,0.030612
3014.847162,0.032653
3012.227074,0.034694
3009.606987,0.038776
3006.986900,0.042857
3004.366812,0.048980
3001.746725,0.057143
2999.126638,0.067347
2996.506550,0.081633
2993.886463,0.100000
2991.266376,0.124490
2988.646288,0.155102
2986.026201,0.195918
2983.406114,0.238776
2980.786026,0.279592
2978.165939,0.312245
2975.545852,0.326531
2972.925764,0.328571
2970.305677,0.328571
2967.685590,0.312245
2965.065502,0.277551
2962.445415,0.234694
2959.825328,0.197959
2957.205240,0.169388
2954.585153,0.151020
2951.965066,0.140816
2949.344978,0.140816
2946.724891,0.148980
2944.104803,0.159184
2941.484716,0.173469
2938.864629,0.185714
2936.244541,0.193878
2933.624454,0.202041
2931.004367,0.210204
2928.384279,0.214286
2925.764192,0.216327
2923.144105,0.214286
2920.524017,0.210204
2917.903930,0.197959
2915.283843,0.185714
2912.663755,0.177551
2910.043668,0.171429
2907.423581,0.169388
2904.803493,0.173469
2902.183406,0.183673
2899.563319,0.193878
2896.943231,0.204082
2894.323144,0.214286
2891.703057,0.218367
2889.082969,0.222449
2886.462882,0.222449
2883.842795,0.222449
2881.222707,0.220408
2878.602620,0.214286
2875.982533,0.202041
2873.362445,0.187755
2870.742358,0.171429
2868.122271,0.159184
2865.502183,0.146939
2862.882096,0.134694
2860.262009,0.122449
2857.641921,0.108163
2855.021834,0.093878
2852.401747,0.081633
2849.781659,0.071429
2847.161572,0.063265
2844.541485,0.059184
2841.921397,0.055102
2839.301310,0.051020
2836.681223,0.046939
2834.061135,0.044898
2831.441048,0.040816
2828.820961,0.038776
2826.200873,0.036735
2823.580786,0.036735
2820.960699,0.034694
2818.340611,0.034694
2815.720524,0.034694
2813.100437,0.034694
2810.480349,0.034694
2807.860262,0.034694
2805.240175,0.032653
2802.620087,0.032653
2800.000000,0.030612
2797.379913,0.030612
2794.759825,0.028571
2792.139738,0.028571
2789.519651,0.026531
2786.899563,0.024490
2784.279476,0.024490
2781.659389,0.024490
2779.039301,0.024490
2776.419214,0.024490
2773.799127,0.024490
2771.179039,0.026531
2768.558952,0.026531
2765.938865,0.026531
2763.318777,0.028571
2760.698690,0.026531
2758.078603,0.026531
2755.458515,0.026531
2752.838428,0.024490
2750.218341,0.024490
2747.598253,0.024490
2744.978166,0.024490
2742.358079,0.026531
2739.737991,0.028571
2737.117904,0.028571
2734.497817,0.028571
2731.877729,0.028571
2729.257642,0.026531
2726.637555,0.024490
2724.017467,0.022449
2721.397380,0.022449
2718.777293,0.020408
2716.157205,0.020408
2713.537118,0.018367
2710.917031,0.018367
2708.296943,0.016327
2705.676856,0.016327
2703.056769,0.014286
2700.436681,0.014286
2697.816594,0.014286
2695.196507,0.014286
2692.576419,0.014286
2689.956332,0.014286
2687.336245,0.014286
2684.716157,0.014286
2682.096070,0.012245
2679.475983,0.012245
2676.855895,0.012245
2674.235808,0.014286
2671.615721,0.014286
2668.995633,0.012245
2666.375546,0.012245
2663.755459,0.012245
2661.135371,0.012245
2658.515284,0.012245
2655.895197,0.012245
2653.275109,0.012245
2650.655022,0.012245
2648.034934,0.014286
2645.414847,0.014286
2642.794760,0.014286
2640.174672,0.014286
2637.554585,0.014286
2634.934498,0.014286
2632.314410,0.014286
2629.694323,0.014286
2627.074236,0.014286
2624.454148,0.014286
2621.834061,0.014286
2619.213974,0.012245
2616.593886,0.012245
2613.973799,0.012245
2611.353712,0.012245
2608.733624,0.012245
2606.113537,0.012245
2603.493450,0.010204
2600.873362,0.010204
2598.253275,0.010204
2595.633188,0.010204
2593.013100,0.010204
2590.393013,0.010204
2587.772926,0.010204
2585.152838,0.010204
2582.532751,0.010204
2579.912664,0.010204
2577.292576,0.010204
2574.672489,0.010204
2572.052402,0.010204
2569.432314,0.010204
2566.812227,0.010204
2564.192140,0.010204
2561.572052,0.010204
2558.951965,0.010204
2556.331878,0.010204
2553.711790,0.010204
2551.091703,0.010204
2548.471616,0.008163
2545.851528,0.008163
2543.231441,0.008163
2540.611354,0.008163
2537.991266,0.008163
2535.371179,0.008163
2532.751092,0.008163
2530.131004,0.008163
2527.510917,0.008163
2524.890830,0.008163
2522.270742,0.006122
2519.650655,0.006122
2517.030568,0.006122
2514.410480,0.006122
2511.790393,0.008163
2509.170306,0.008163
2506.550218,0.008163
2503.930131,0.008163
2501.310044,0.008163
2498.689956,0.008163
2496.069869,0.008163
2493.449782,0.008163
2490.829694,0.008163
2488.209607,0.008163
2485.589520,0.008163
2482.969432,0.008163
2480.349345,0.008163
2477.729258,0.008163
2475.109170,0.008163
2472.489083,0.010204
2469.868996,0.010204
2467.248908,0.010204
2464.628821,0.010204
2462.008734,0.010204
2459.388646,0.012245
2456.768559,0.012245
2454.148472,0.012245
2451.528384,0.014286
2448.908297,0.014286
2446.288210,0.014286
2443.668122,0.014286
2441.048035,0.014286
2438.427948,0.014286
2435.807860,0.014286
2433.187773,0.014286
2430.567686,0.014286
2427.947598,0.014286
2425.327511,0.014286
2422.707424,0.012245
2420.087336,0.012245
2417.467249,0.012245
2414.847162,0.012245
2412.227074,0.012245
2409.606987,0.012245
2406.986900,0.010204
2404.366812,0.010204
2401.746725,0.010204
2399.126638,0.010204
2396.506550,0.010204
2393.886463,0.008163
2391.266376,0.008163
2388.646288,0.008163
2386.026201,0.008163
2383.406114,0.008163
2380.786026,0.008163
2378.165939,0.008163
2375.545852,0.008163
2372.925764,0.008163
2370.305677,0.008163
2367.685590,0.006122
2365.065502,0.006122
2362.445415,0.004082
2359.825328,0.004082
2357.205240,0.004082
2354.585153,0.002041
2351.965066,0.002041
2349.344978,0.004082
2346.724891,0.006122
2344.104803,0.006122
2341.484716,0.006122
2338.864629,0.006122
2336.244541,0.004082
2333.624454,0.004082
2331.004367,0.004082
2328.384279,0.004082
2325.764192,0.004082
2323.144105,0.004082
2320.524017,0.004082
2317.903930,0.004082
2315.283843,0.004082
2312.663755,0.004082
2310.043668,0.004082
2307.423581,0.006122
2304.803493,0.006122
2302.183406,0.006122
2299.563319,0.006122
2296.943231,0.006122
2294.323144,0.006122
2291.703057,0.006122
2289.082969,0.006122
2286.462882,0.006122
2283.842795,0.006122
2281.222707,0.006122
2278.602620,0.006122
2275.982533,0.006122
2273.362445,0.006122
2270.742358,0.006122
2268.122271,0.006122
2265.502183,0.008163
2262.882096,0.008163
2260.262009,0.008163
2257.641921,0.008163
2255.021834,0.008163
2252.401747,0.008163
2249.781659,0.008163
2247.161572,0.008163
2244.541485,0.006122
2241.921397,0.006122
2239.301310,0.006122
2236.681223,0.006122
2234.061135,0.006122
2231.441048,0.006122
2228.820961,0.006122
2226.200873,0.006122
2223.580786,0.006122
2220.960699,0.006122
2218.340611,0.006122
2215.720524,0.006122
2213.100437,0.006122
2210.480349,0.006122
2207.860262,0.006122
2205.240175,0.006122
2202.620087,0.006122
2200.000000,0.006122
2197.379913,0.008163
2194.759825,0.008163
2192.139738,0.008163
2189.519651,0.008163
2186.899563,0.008163
2184.279476,0.006122
2181.659389,0.006122
2179.039301,0.006122
2176.419214,0.006122
2173.799127,0.006122
2171.179039,0.006122
2168.558952,0.006122
2165.938865,0.006122
2163.318777,0.006122
2160.698690,0.006122
2158.078603,0.006122
2155.458515,0.004082
2152.838428,0.004082
2150.218341,0.004082
2147.598253,0.004082
2144.978166,0.004082
2142.358079,0.004082
2139.737991,0.004082
2137.117904,0.004082
2134.497817,0.004082
2131.877729,0.004082
2129.257642,0.004082
2126.637555,0.004082
2124.017467,0.004082
2121.397380,0.004082
2118.777293,0.004082
2116.157205,0.004082
2113.537118,0.004082
2110.917031,0.004082
2108.296943,0.004082
2105.676856,0.004082
2103.056769,0.004082
2100.436681,0.004082
2097.816594,0.004082
2095.196507,0.004082
2092.576419,0.004082
2089.956332,0.004082
2087.336245,0.004082
2084.716157,0.004082
2082.096070,0.004082
2079.475983,0.004082
2076.855895,0.004082
2074.235808,0.004082
2071.615721,0.004082
2068.995633,0.006122
2066.375546,0.006122
2063.755459,0.006122
2061.135371,0.006122
2058.515284,0.006122
2055.895197,0.006122
2053.275109,0.006122
2050.655022,0.006122
2048.034934,0.006122
2045.414847,0.006122
2042.794760,0.006122
2040.174672,0.006122
2037.554585,0.004082
2034.934498,0.004082
2032.314410,0.004082
2029.694323,0.004082
2027.074236,0.004082
2024.454148,0.004082
2021.834061,0.004082
2019.213974,0.004082
2016.593886,0.004082
2013.973799,0.004082
2011.353712,0.004082
2008.733624,0.004082
2006.113537,0.004082
2003.493450,0.004082
2000.873362,0.004082
1998.253275,0.004082
1995.633188,0.006122
1993.013100,0.006122
1990.393013,0.004082
1987.772926,0.006122
1985.152838,0.006122
1982.532751,0.006122
1979.912664,0.006122
1977.292576,0.006122
1974.672489,0.006122
1972.052402,0.006122
1969.432314,0.008163
1966.812227,0.008163
1964.192140,0.008163
1961.572052,0.008163
1958.951965,0.008163
1956.331878,0.008163
1953.711790,0.008163
1951.091703,0.008163
1948.471616,0.008163
1945.851528,0.008163
1943.231441,0.008163
1940.611354,0.008163
1937.991266,0.008163
1935.371179,0.008163
1932.751092,0.008163
1930.131004,0.008163
1927.510917,0.008163
1924.890830,0.008163
1922.270742,0.010204
1919.650655,0.008163
1917.030568,0.008163
1914.410480,0.008163
1911.790393,0.008163
1909.170306,0.008163
1906.550218,0.008163
1903.930131,0.008163
1901.310044,0.008163
1898.689956,0.010204
1896.069869,0.010204
1893.449782,0.010204
1890.829694,0.010204
1888.209607,0.010204
1885.589520,0.010204
1882.969432,0.010204
1880.349345,0.010204
1877.729258,0.010204
1875.109170,0.010204
1872.489083,0.010204
1869.868996,0.010204
1867.248908,0.010204
1864.628821,0.010204
1862.008734,0.012245
1859.388646,0.012245
1856.768559,0.012245
1854.148472,0.012245
1851.528384,0.012245
1848.908297,0.012245
1846.288210,0.012245
1843.668122,0.012245
1841.048035,0.012245
1838.427948,0.012245
1835.807860,0.012245
1833.187773,0.012245
1830.567686,0.010204
1827.947598,0.010204
1825.327511,0.008163
1822.707424,0.008163
1820.087336,0.008163
1817.467249,0.008163
1814.847162,0.008163
1812.227074,0.006122
1809.606987,0.006122
1806.986900,0.006122
1804.366812,0.008163
1801.746725,0.008163
1799.126638,0.006122
1796.506550,0.006122
1793.886463,0.008163
1791.266376,0.008163
1788.646288,0.006122
1786.026201,0.008163
1783.406114,0.008163
1780.786026,0.008163
1778.165939,0.008163
1775.545852,0.008163
1772.925764,0.008163
1770.305677,0.008163
1767.685590,0.008163
1765.065502,0.008163
1762.445415,0.010204
1759.825328,0.008163
1757.205240,0.008163
1754.585153,0.010204
1751.965066,0.010204
1749.344978,0.010204
1746.724891,0.010204
1744.104803,0.010204
1741.484716,0.010204
1738.864629,0.010204
1736.244541,0.012245
1733.624454,0.012245
1731.004367,0.010204
1728.384279,0.010204
1725.764192,0.010204
1723.144105,0.012245
1720.524017,0.012245
1717.903930,0.012245
1715.283843,0.010204
1712.663755,0.010204
1710.043668,0.010204
1707.423581,0.012245
1704.803493,0.012245
1702.183406,0.012245
1699.563319,0.012245
1696.943231,0.010204
1694.323144,0.012245
1691.703057,0.014286
1689.082969,0.014286
1686.462882,0.016327
1683.842795,0.016327
1681.222707,0.016327
1678.602620,0.018367
1675.982533,0.020408
1673.362445,0.020408
1670.742358,0.024490
1668.122271,0.026531
1665.502183,0.030612
1662.882096,0.032653
1660.262009,0.036735
1657.641921,0.040816
1655.021834,0.044898
1652.401747,0.048980
1649.781659,0.057143
1647.161572,0.067347
1644.541485,0.083673
1641.921397,0.106122
1639.301310,0.138776
1636.681223,0.200000
1634.061135,0.302041
1631.441048,0.459184
1628.820961,0.679592
1626.200873,0.891837
1623.580786,0.995918
1620.960699,0.997959
1618.340611,0.995918
1615.720524,0.897959
1613.100437,0.720408
1610.480349,0.561224
1607.860262,0.453061
1605.240175,0.377551
1602.620087,0.322449
1600.000000,0.338776
1597.379913,0.440816
1594.759825,0.561224
1592.139738,0.612245
1589.519651,0.612245
1586.899563,0.606122
1584.279476,0.532653
1581.659389,0.412245
1579.039301,0.300000
1576.419214,0.226531
1573.799127,0.183673
1571.179039,0.148980
1568.558952,0.124490
1565.938865,0.106122
1563.318777,0.093878
1560.698690,0.085714
1558.078603,0.081633
1555.458515,0.095918
1552.838428,0.116327
1550.218341,0.142857
1547.598253,0.165306
1544.978166,0.183673
1542.358079,0.191837
1539.737991,0.197959
1537.117904,0.210204
1534.497817,0.255102
1531.877729,0.355102
1529.257642,0.477551
1526.637555,0.548980
1524.017467,0.548980
1521.397380,0.546939
1518.777293,0.467347
1516.157205,0.344898
1513.537118,0.273469
1510.917031,0.251020
1508.296943,0.265306
1505.676856,0.275510
1503.056769,0.277551
1500.436681,0.275510
1497.816594,0.263265
1495.196507,0.232653
1492.576419,0.189796
1489.956332,0.155102
1487.336245,0.130612
1484.716157,0.118367
1482.096070,0.118367
1479.475983,0.118367
1476.855895,0.124490
1474.235808,0.134694
1471.615721,0.138776
1468.995633,0.140816
1466.375546,0.138776
1463.755459,0.134694
1461.135371,0.124490
1458.515284,0.124490
1455.895197,0.130612
1453.275109,0.136735
1450.655022,0.148980
1448.034934,0.169388
1445.414847,0.193878
1442.794760,0.222449
1440.174672,0.251020
1437.554585,0.283673
1434.934498,0.312245
1432.314410,0.338776
1429.694323,0.353061
1427.074236,0.355102
1424.454148,0.353061
1421.834061,0.340816
1419.213974,0.297959
1416.593886,0.236735
1413.973799,0.185714
1411.353712,0.155102
1408.733624,0.130612
1406.113537,0.112245
1403.493450,0.100000
1400.873362,0.104082
1398.253275,0.126531
1395.633188,0.155102
1393.013100,0.175510
1390.393013,0.177551
1387.772926,0.177551
1385.152838,0.169388
1382.532751,0.148980
1379.912664,0.132653
1377.292576,0.136735
1374.672489,0.153061
1372.052402,0.179592
1369.432314,0.208163
1366.812227,0.224490
1364.192140,0.226531
1361.572052,0.224490
1358.951965,0.212245
1356.331878,0.195918
1353.711790,0.232653
1351.091703,0.308163
1348.471616,0.446939
1345.851528,0.638776
1343.231441,0.840816
1340.611354,0.977551
1337.991266,1.000000
1335.371179,1.000000
1332.751092,0.977551
1330.131004,0.857143
1327.510917,0.689796
1324.890830,0.534694
1322.270742,0.440816
1319.650655,0.495918
1317.030568,0.571429
1314.410480,0.608163
1311.790393,0.610204
1309.170306,0.610204
1306.550218,0.581633
1303.930131,0.524490
1301.310044,0.465306
1298.689956,0.448980
1296.069869,0.457143
1293.449782,0.457143
1290.829694,0.453061
1288.209607,0.426531
1285.589520,0.400000
1282.969432,0.381633
1280.349345,0.369388
1277.729258,0.357143
1275.109170,0.342857
1272.489083,0.338776
1269.868996,0.342857
1267.248908,0.342857
1264.628821,0.342857
1262.008734,0.336735
1259.388646,0.324490
1256.768559,0.302041
1254.148472,0.273469
1251.528384,0.240816
1248.908297,0.212245
1246.288210,0.200000
1243.668122,0.222449
1241.048035,0.234694
1238.427948,0.234694
1235.807860,0.232653
1233.187773,0.216327
1230.567686,0.181633
1227.947598,0.146939
1225.327511,0.120408
1222.707424,0.102041
1220.087336,0.089796
1217.467249,0.079592
1214.847162,0.075510
1212.227074,0.081633
1209.606987,0.091837
1206.986900,0.110204
1204.366812,0.132653
1201.746725,0.155102
1199.126638,0.169388
1196.506550,0.177551
1193.886463,0.177551
1191.266376,0.175510
1188.646288,0.169388
1186.026201,0.155102
1183.406114,0.140816
1180.786026,0.146939
1178.165939,0.173469
1175.545852,0.212245
1172.925764,0.263265
1170.305677,0.312245
1167.685590,0.326531
1165.065502,0.326531
1162.445415,0.322449
1159.825328,0.293878
1157.205240,0.255102
1154.585153,0.228571
1151.965066,0.257143
1149.344978,0.300000
1146.724891,0.351020
1144.104803,0.385714
1141.484716,0.389796
1138.864629,0.389796
1136.244541,0.391837
1133.624454,0.436735
1131.004367,0.493878
1128.384279,0.557143
1125.764192,0.606122
1123.144105,0.622449
1120.524017,0.624490
1117.903930,0.624490
1115.283843,0.616327
1112.663755,0.626531
1110.043668,0.653061
1107.423581,0.685714
1104.803493,0.704082
1102.183406,0.704082
1099.563319,0.702041
1096.943231,0.675510
1094.323144,0.626531
1091.703057,0.667347
1089.082969,0.734694
1086.462882,0.795918
1083.842795,0.840816
1081.222707,0.857143
1078.602620,0.857143
1075.982533,0.857143
1073.362445,0.828571
1070.742358,0.763265
1068.122271,0.667347
1065.502183,0.565306
1062.882096,0.479592
1060.262009,0.412245
1057.641921,0.359184
1055.021834,0.318367
1052.401747,0.281633
1049.781659,0.248980
1047.161572,0.220408
1044.541485,0.193878
1041.921397,0.167347
1039.301310,0.142857
1036.681223,0.124490
1034.061135,0.110204
1031.441048,0.102041
1028.820961,0.093878
1026.200873,0.091837
1023.580786,0.089796
1020.960699,0.087755
1018.340611,0.085714
1015.720524,0.083673
1013.100437,0.077551
1010.480349,0.073469
1007.860262,0.069388
1005.240175,0.065306
1002.620087,0.063265
1000.000000,0.061224
997.379913,0.065306
994.759825,0.067347
992.139738,0.069388
989.519651,0.071429
986.899563,0.069388
984.279476,0.067347
981.659389,0.067347
979.039301,0.077551
976.419214,0.097959
973.799127,0.128571
971.179039,0.167347
968.558952,0.212245
965.938865,0.253061
963.318777,0.281633
960.698690,0.293878
958.078603,0.295918
955.458515,0.293878
952.838428,0.287755
950.218341,0.271429
947.598253,0.246939
944.978166,0.224490
942.358079,0.204082
939.737991,0.185714
937.117904,0.169388
934.497817,0.157143
931.877729,0.142857
929.257642,0.171429
926.637555,0.200000
924.017467,0.202041
921.397380,0.200000
918.777293,0.175510
916.157205,0.126531
913.537118,0.083673
910.917031,0.059184
908.296943,0.042857
905.676856,0.034694
903.056769,0.030612
900.436681,0.028571
897.816594,0.026531
895.196507,0.026531
892.576419,0.028571
889.956332,0.030612
887.336245,0.032653
884.716157,0.032653
882.096070,0.030612
879.475983,0.028571
876.855895,0.026531
874.235808,0.022449
871.615721,0.022449
868.995633,0.020408
866.375546,0.020408
863.755459,0.020408
861.135371,0.018367
858.515284,0.018367
855.895197,0.020408
853.275109,0.020408
850.655022,0.020408
848.034934,0.022449
845.414847,0.028571
842.794760,0.036735
840.174672,0.057143
837.554585,0.104082
834.934498,0.155102
832.314410,0.157143
829.694323,0.155102
827.074236,0.142857
824.454148,0.146939
821.834061,0.148980
819.213974,0.148980
816.593886,0.148980
813.973799,0.148980
811.353712,0.146939
808.733624,0.144898
806.113537,0.161224
803.493450,0.189796
800.873362,0.218367
798.253275,0.240816
795.633188,0.255102
793.013100,0.267347
790.393013,0.269388
787.772926,0.267347
785.152838,0.263265
782.532751,0.253061
779.912664,0.244898
777.292576,0.242857
774.672489,0.240816
772.052402,0.232653
769.432314,0.220408
766.812227,0.220408
764.192140,0.220408
761.572052,0.216327
758.951965,0.189796
756.331878,0.165306
753.711790,0.163265
751.091703,0.214286
748.471616,0.289796
745.851528,0.300000
743.231441,0.300000
740.611354,0.253061
737.991266,0.148980
735.371179,0.100000
732.751092,0.077551
730.131004,0.061224
727.510917,0.053061
724.890830,0.048980
722.270742,0.059184
719.650655,0.083673
717.030568,0.114286
714.410480,0.118367
711.790393,0.118367
709.170306,0.112245
706.550218,0.100000
703.930131,0.102041
701.310044,0.100000
698.689956,0.093878
696.069869,0.085714
693.449782,0.081633
690.829694,0.083673
688.209607,0.083673
685.589520,0.083673
682.969432,0.085714
680.349345,0.087755
677.729258,0.085714
675.109170,0.085714
672.489083,0.085714
669.868996,0.087755
667.248908,0.091837
664.628821,0.097959
662.008734,0.104082
659.388646,0.114286
656.768559,0.126531
654.148472,0.136735
651.528384,0.140816
648.908297,0.142857
646.288210,0.146939
643.668122,0.157143
641.048035,0.163265
638.427948,0.165306
635.807860,0.165306
633.187773,0.165306
630.567686,0.165306
627.947598,0.169388
625.327511,0.175510
622.707424,0.181633
620.087336,0.185714
617.467249,0.189796
614.847162,0.195918
612.227074,0.197959
609.606987,0.202041
606.986900,0.210204
604.366812,0.214286
601.746725,0.224490
599.126638,0.224490
596.506550,0.224490
593.886463,0.220408
591.266376,0.212245
588.646288,0.195918
586.026201,0.173469
583.406114,0.148980
580.786026,0.124490
578.165939,0.097959
575.545852,0.075510
572.925764,0.057143
570.305677,0.040816
567.685590,0.028571
565.065502,0.020408
562.445415,0.012245
559.825328,0.008163
557.205240,0.006122
554.585153,0.004082
551.965066,0.004082
549.344978,0.004082
546.724891,0.002041
544.104803,0.002041
541.484716,0.002041
538.864629,0.002041
536.244541,0.002041
533.624454,0.002041
531.004367,0.002041
528.384279,0.002041
525.764192,0.002041
523.144105,0.002041
520.524017,0.002041
517.903930,0.002041
515.283843,0.002041
512.663755,0.002041
510.043668,0.002041
507.423581,0.002041
504.803493,0.002041
502.183406,0.002041
499.563319,0.002041
496.943231,0.002041
494.323144,0.002041
491.703057,0.002041
489.082969,0.002041
486.462882,0.002041
483.842795,0.002041
481.222707,0.002041
478.602620,0.002041
475.982533,0.002041
473.362445,0.002041
470.742358,0.002041
468.122271,0.002041
465.502183,0.002041
462.882096,0.002041
460.262009,0.002041
457.641921,0.002041
455.021834,0.002041
452.401747,0.002041
449.781659,0.002041
447.161572,nan
444.541485,nan
441.921397,nan
439.301310,nan
436.681223,nan
434.061135,nan
431.441048,nan
428.820961,nan
426.200873,nan
423.580786,nan
420.960699,nan
418.340611,nan
415.720524,nan
413.100437,nan
410.480349,nan
407.860262,nan
405.240175,nan
402.620087,nan
400.000000,nan
