4000.000000,0.010204
3997.379913,0.012245
3994.759825,0.012245
3992.139738,0.012245
3989.519651,0.012245
3986.899563,0.012245
3984.279476,0.012245
3981.659389,0.012245
3979.039301,0.012245
3976.419214,0.012245
3973.799127,0.012245
3971.179039,0.012245
3968.558952,0.012245
3965.938865,0.012245
3963.318777,0.012245
3960.698690,0.012245
3958.078603,0.012245
3955.458515,0.012245
3952.838428,0.012245
3950.218341,0.012245
3947.598253,0.012245
3944.978166,0.012245
3942.358079,0.012245
3939.737991,0.012245
3937.117904,0.012245
3934.497817,0.014286
3931.877729,0.014286
3929.257642,0.014286
3926.637555,0.014286
3924.017467,0.014286
3921.397380,0.014286
3918.777293,0.016327
3916.157205,0.016327
3913.537118,0.014286
3910.917031,0.016327
3908.296943,0.016327
3905.676856,0.016327
3903.056769,0.016327
3900.436681,0.016327
3897.816594,0.016327
3895.196507,0.014286
3892.576419,0.016327
3889.956332,0.016327
3887.336245,0.016327
3884.716157,0.016327
3882.096070,0.016327
3879.475983,0.016327
3876.855895,0.016327
3874.235808,0.016327
3871.615721,0.016327
3868.995633,0.016327
3866.375546,0.016327
3863.755459,0.016327
3861.135371,0.016327
3858.515284,0.016327
3855.895197,0.016327
3853.275109,0.018367
3850.655022,0.018367
3848.034934,0.016327
3845.414847,0.016327
3842.794760,0.016327
3840.174672,0.016327
3837.554585,0.016327
3834.934498,0.016327
3832.314410,0.016327
3829.694323,0.014286
3827.074236,0.014286
3824.454148,0.014286
3821.834061,0.014286
3819.213974,0.012245
3816.593886,0.012245
3813.973799,0.012245
3811.353712,0.012245
3808.733624,0.012245
3806.113537,0.012245
3803.493450,0.012245
3800.873362,0.012245
3798.253275,0.010204
3795.633188,0.010204
3793.013100,0.010204
3790.393013,0.010204
3787.772926,0.010204
3785.152838,0.010204
3782.532751,0.010204
3779.912664,0.012245
3777.292576,0.012245
3774.672489,0.012245
3772.052402,0.010204
3769.432314,0.010204
3766.812227,0.010204
3764.192140,0.010204
3761.572052,0.010204
3758.951965,0.010204
3756.331878,0.012245
3753.711790,0.010204
3751.091703,0.010204
3748.471616,0.010204
3745.851528,0.010204
3743.231441,0.010204
3740.611354,0.010204
3737.991266,0.010204
3735.371179,0.010204
3732.751092,0.010204
3730.131004,0.010204
3727.510917,0.010204
3724.890830,0.010204
3722.270742,0.010204
3719.650655,0.010204
3717.030568,0.012245
3714.410480,0.010204
3711.790393,0.012245
3709.170306,0.012245
3706.550218,0.012245
3703.930131,0.010204
3701.310044,0.012245
3698.689956,0.012245
3696.069869,0.012245
3693.449782,0.012245
3690.829694,0.012245
3688.209607,0.012245
3685.589520,0.012245
3682.969432,0.010204
3680.349345,0.010204
3677.729258,0.010204
3675.109170,0.012245
3672.489083,0.012245
3669.868996,0.010204
3667.248908,0.010204
3664.628821,0.010204
3662.008734,0.010204
3659.388646,0.010204
3656.768559,0.012245
3654.148472,0.012245
3651.528384,0.010204
3648.908297,0.010204
3646.288210,0.010204
3643.668122,0.010204
3641.048035,0.010204
3638.427948,0.012245
3635.807860,0.012245
3633.187773,0.012245
3630.567686,0.012245
3627.947598,0.012245
3625.327511,0.012245
3622.707424,0.012245
3620.087336,0.012245
3617.467249,0.012245
3614.847162,0.012245
3612.227074,0.014286
3609.606987,0.014286
3606.986900,0.014286
3604.366812,0.014286
3601.746725,0.014286
3599.126638,0.014286
3596.506550,0.014286
3593.886463,0.014286
3591.266376,0.014286
3588.646288,0.014286
3586.026201,0.014286
3583.406114,0.014286
3580.786026,0.014286
3578.165939,0.014286
3575.545852,0.014286
3572.925764,0.014286
3570.305677,0.014286
3567.685590,0.016327
3565.065502,0.016327
3562.445415,0.016327
3559.825328,0.016327
3557.205240,0.016327
3554.585153,0.016327
3551.965066,0.016327
3549.344978,0.016327
3546.724891,0.016327
3544.104803,0.016327
3541.484716,0.016327
3538.864629,0.016327
3536.244541,0.018367
3533.624454,0.018367
3531.004367,0.016327
3528.384279,0.018367
3525.764192,0.018367
3523.144105,0.018367
3520.524017,0.018367
3517.903930,0.018367
3515.283843,0.018367
3512.663755,0.018367
3510.043668,0.018367
3507.423581,0.018367
3504.803493,0.018367
3502.183406,0.020408
3499.563319,0.020408
3496.943231,0.020408
3494.323144,0.020408
3491.703057,0.020408
3489.082969,0.020408
3486.462882,0.020408
3483.842795,0.020408
3481.222707,0.020408
3478.602620,0.020408
3475.982533,0.020408
3473.362445,0.020408
3470.742358,0.020408
3468.122271,0.020408
3465.502183,0.022449
3462.882096,0.022449
3460.262009,0.022449
3457.641921,0.020408
3455.021834,0.020408
3452.401747,0.020408
3449.781659,0.022449
3447.161572,0.022449
3444.541485,0.022449
3441.921397,0.022449
3439.301310,0.022449
3436.681223,0.022449
3434.061135,0.022449
3431.441048,0.022449
3428.820961,0.022449
3426.200873,0.022449
3423.580786,0.024490
3420.960699,0.024490
3418.340611,0.022449
3415.720524,0.022449
3413.100437,0.022449
3410.480349,0.022449
3407.860262,0.024490
3405.240175,0.024490
3402.620087,0.024490
3400.000000,0.024490
3397.379913,0.024490
3394.759825,0.024490
3392.139738,0.024490
3389.519651,0.024490
3386.899563,0.024490
3384.279476,0.024490
3381.659389,0.024490
3379.039301,0.024490
3376.419214,0.024490
3373.799127,0.024490
3371.179039,0.024490
3368.558952,0.024490
3365.938865,0.024490
3363.318777,0.024490
3360.698690,0.024490
3358.078603,0.024490
3355.458515,0.024490
3352.838428,0.024490
3350.218341,0.024490
3347.598253,0.024490
3344.978166,0.024490
3342.358079,0.024490
3339.737991,0.024490
3337.117904,0.024490
3334.497817,0.024490
3331.877729,0.024490
3329.257642,0.024490
3326.637555,0.024490
3324.017467,0.024490
3321.397380,0.024490
3318.777293,0.024490
3316.157205,0.024490
3313.537118,0.024490
3310.917031,0.022449
3308.296943,0.022449
3305.676856,0.022449
3303.056769,0.022449
3300.436681,0.022449
3297.816594,0.024490
3295.196507,0.022449
3292.576419,0.022449
3289.956332,0.024490
3287.336245,0.024490
3284.716157,0.022449
3282.096070,0.024490
3279.475983,0.024490
3276.855895,0.024490
3274.235808,0.022449
3271.615721,0.022449
3268.995633,0.024490
3266.375546,0.024490
3263.755459,0.024490
3261.135371,0.024490
3258.515284,0.024490
3255.895197,0.024490
3253.275109,0.024490
3250.655022,0.024490
3248.034934,0.024490
3245.414847,0.024490
3242.794760,0.024490
3240.174672,0.024490
3237.554585,0.024490
3234.934498,0.024490
3232.314410,0.024490
3229.694323,0.024490
3227.074236,0.024490
3224.454148,0.024490
3221.834061,0.024490
3219.213974,0.024490
3216.593886,0.024490
3213.973799,0.024490
3211.353712,0.026531
3208.733624,0.026531
3206.113537,0.026531
3203.493450,0.026531
3200.873362,0.026531
3198.253275,0.026531
3195.633188,0.026531
3193.013100,0.026531
3190.393013,0.026531
3187.772926,0.026531
3185.152838,0.026531
3182.532751,0.028571
3179.912664,0.028571
3177.292576,0.028571
3174.672489,0.028571
3172.052402,0.028571
3169.432314,0.030612
3166.812227,0.030612
3164.192140,0.030612
3161.572052,0.030612
3158.951965,0.030612
3156.331878,0.030612
3153.711790,0.030612
3151.091703,0.030612
3148.471616,0.030612
3145.851528,0.030612
3143.231441,0.030612
3140.611354,0.030612
3137.991266,0.030612
3135.371179,0.032653
3132.751092,0.032653
3130.131004,0.032653
3127.510917,0.032653
3124.890830,0.034694
3122.270742,0.034694
3119.650655,0.034694
3117.030568,0.034694
3114.410480,0.036735
3111.790393,0.036735
3109.170306,0.036735
3106.550218,0.036735
3103.930131,0.038776
3101.310044,0.038776
3098.689956,0.038776
3096.069869,0.036735
3093.449782,0.038776
3090.829694,0.038776
3088.209607,0.036735
3085.589520,0.036735
3082.969432,0.036735
3080.349345,0.038776
3077.729258,0.038776
3075.109170,0.036735
3072.489083,0.038776
3069.868996,0.038776
3067.248908,0.038776
3064.628821,0.038776
3062.008734,0.038776
3059.388646,0.038776
3056.768559,0.038776
3054.148472,0.038776
3051.528384,0.040816
3048.908297,0.040816
3046.288210,0.040816
3043.668122,0.040816
3041.048035,0.040816
3038.427948,0.042857
3035.807860,0.042857
3033.187773,0.042857
3030.567686,0.044898
3027.947598,0.044898
3025.327511,0.046939
3022.707424,0.048980
3020.087336,0.048980
3017.467249,0.051020
3014.847162,0.053061
3012.227074,0.053061
3009.606987,0.055102
3006.986900,0.059184
3004.366812,0.061224
3001.746725,0.065306
2999.126638,0.069388
2996.506550,0.073469
2993.886463,0.079592
2991.266376,0.085714
2988.646288,0.093878
2986.026201,0.106122
2983.406114,0.118367
2980.786026,0.136735
2978.165939,0.157143
2975.545852,0.189796
2972.925764,0.228571
2970.305677,0.285714
2967.685590,0.369388
2965.065502,0.479592
2962.445415,0.620408
2959.825328,0.783673
2957.205240,0.897959
2954.585153,0.922449
2951.965066,0.922449
2949.344978,0.906122
2946.724891,0.802041
2944.104803,0.665306
2941.484716,0.553061
2938.864629,0.487755
2936.244541,0.475510
2933.624454,0.475510
2931.004367,0.465306
2928.384279,0.426531
2925.764192,0.385714
2923.144105,0.375510
2920.524017,0.422449
2917.903930,0.497959
2915.283843,0.565306
2912.663755,0.591837
2910.043668,0.591837
2907.423581,0.589796
2904.803493,0.555102
2902.183406,0.491837
2899.563319,0.432653
2896.943231,0.389796
2894.323144,0.420408
2891.703057,0.451020
2889.082969,0.459184
2886.462882,0.459184
2883.842795,0.457143
2881.222707,0.489796
2878.602620,0.573469
2875.982533,0.624490
2873.362445,0.624490
2870.742358,0.618367
2868.122271,0.524490
2865.502183,0.387755
2862.882096,0.275510
2860.262009,0.204082
2857.641921,0.159184
2855.021834,0.130612
2852.401747,0.110204
2849.781659,0.095918
2847.161572,0.087755
2844.541485,0.079592
2841.921397,0.073469
2839.301310,0.071429
2836.681223,0.071429
2834.061135,0.071429
2831.441048,0.073469
2828.820961,0.075510
2826.200873,0.075510
2823.580786,0.073469
2820.960699,0.069388
2818.340611,0.069388
2815.720524,0.073469
2813.100437,0.079592
2810.480349,0.085714
2807.860262,0.087755
2805.240175,0.087755
2802.620087,0.087755
2800.000000,0.083673
2797.379913,0.077551
2794.759825,0.067347
2792.139738,0.061224
2789.519651,0.055102
2786.899563,0.048980
2784.279476,0.042857
2781.659389,0.038776
2779.039301,0.032653
2776.419214,0.030612
2773.799127,0.026531
2771.179039,0.024490
2768.558952,0.022449
2765.938865,0.022449
2763.318777,0.022449
2760.698690,0.020408
2758.078603,0.020408
2755.458515,0.020408
2752.838428,0.020408
2750.218341,0.020408
2747.598253,0.020408
2744.978166,0.020408
2742.358079,0.024490
2739.737991,0.028571
2737.117904,0.036735
2734.497817,0.040816
2731.877729,0.040816
2729.257642,0.040816
2726.637555,0.034694
2724.017467,0.026531
2721.397380,0.020408
2718.777293,0.018367
2716.157205,0.016327
2713.537118,0.014286
2710.917031,0.014286
2708.296943,0.016327
2705.676856,0.016327
2703.056769,0.016327
2700.436681,0.016327
2697.816594,0.018367
2695.196507,0.018367
2692.576419,0.018367
2689.956332,0.018367
2687.336245,0.018367
2684.716157,0.018367
2682.096070,0.016327
2679.475983,0.016327
2676.855895,0.014286
2674.235808,0.012245
2671.615721,0.012245
2668.995633,0.012245
2666.375546,0.012245
2663.755459,0.012245
2661.135371,0.012245
2658.515284,0.012245
2655.895197,0.012245
2653.275109,0.012245
2650.655022,0.012245
2648.034934,0.014286
2645.414847,0.014286
2642.794760,0.014286
2640.174672,0.014286
2637.554585,0.014286
2634.934498,0.014286
2632.314410,0.012245
2629.694323,0.012245
2627.074236,0.012245
2624.454148,0.010204
2621.834061,0.010204
2619.213974,0.010204
2616.593886,0.010204
2613.973799,0.010204
2611.353712,0.008163
2608.733624,0.010204
2606.113537,0.010204
2603.493450,0.010204
2600.873362,0.008163
2598.253275,0.008163
2595.633188,0.008163
2593.013100,0.008163
2590.393013,0.006122
2587.772926,0.008163
2585.152838,0.006122
2582.532751,0.006122
2579.912664,0.006122
2577.292576,0.006122
2574.672489,0.006122
2572.052402,0.006122
2569.432314,0.006122
2566.812227,0.006122
2564.192140,0.006122
2561.572052,0.006122
2558.951965,0.006122
2556.331878,0.006122
2553.711790,0.006122
2551.091703,0.006122
2548.471616,0.006122
2545.851528,0.006122
2543.231441,0.006122
2540.611354,0.006122
2537.991266,0.006122
2535.371179,0.006122
2532.751092,0.006122
2530.131004,0.006122
2527.510917,0.006122
2524.890830,0.006122
2522.270742,0.006122
2519.650655,0.006122
2517.030568,0.004082
2514.410480,0.004082
2511.790393,0.004082
2509.170306,0.004082
2506.550218,0.006122
2503.930131,0.006122
2501.310044,0.004082
2498.689956,0.004082
2496.069869,0.004082
2493.449782,0.004082
2490.829694,0.004082
2488.209607,0.006122
2485.589520,0.006122
2482.969432,0.004082
2480.349345,0.004082
2477.729258,0.004082
2475.109170,0.006122
2472.489083,0.006122
2469.868996,0.006122
2467.248908,0.006122
2464.628821,0.006122
2462.008734,0.006122
2459.388646,0.006122
2456.768559,0.006122
2454.148472,0.006122
2451.528384,0.006122
2448.908297,0.006122
2446.288210,0.006122
2443.668122,0.006122
2441.048035,0.006122
2438.427948,0.006122
2435.807860,0.006122
2433.187773,0.006122
2430.567686,0.006122
2427.947598,0.006122
2425.327511,0.006122
2422.707424,0.006122
2420.087336,0.006122
2417.467249,0.006122
2414.847162,0.006122
2412.227074,0.006122
2409.606987,0.006122
2406.986900,0.006122
2404.366812,0.006122
2401.746725,0.006122
2399.126638,0.006122
2396.506550,0.006122
2393.886463,0.008163
2391.266376,0.008163
2388.646288,0.008163
2386.026201,0.008163
2383.406114,0.008163
2380.786026,0.008163
2378.165939,0.008163
2375.545852,0.008163
2372.925764,0.006122
2370.305677,0.006122
2367.685590,0.006122
2365.065502,0.006122
2362.445415,0.004082
2359.825328,0.006122
2357.205240,0.006122
2354.585153,0.006122
2351.965066,0.006122
2349.344978,0.006122
2346.724891,0.006122
2344.104803,0.006122
2341.484716,0.006122
2338.864629,0.006122
2336.244541,0.006122
2333.624454,0.006122
2331.004367,0.004082
2328.384279,0.004082
2325.764192,0.004082
2323.144105,0.004082
2320.524017,0.004082
2317.903930,0.004082
2315.283843,0.004082
2312.663755,0.004082
2310.043668,0.004082
2307.423581,0.004082
2304.803493,0.004082
2302.183406,0.004082
2299.563319,0.004082
2296.943231,0.004082
2294.323144,0.004082
2291.703057,0.004082
2289.082969,0.004082
2286.462882,0.004082
2283.842795,0.004082
2281.222707,0.004082
2278.602620,0.004082
2275.982533,0.004082
2273.362445,0.006122
2270.742358,0.006122
2268.122271,0.006122
2265.502183,0.006122
2262.882096,0.006122
2260.262009,0.006122
2257.641921,0.006122
2255.021834,0.006122
2252.401747,0.006122
2249.781659,0.006122
2247.161572,0.006122
2244.541485,0.006122
2241.921397,0.006122
2239.301310,0.008163
2236.681223,0.008163
2234.061135,0.008163
2231.441048,0.008163
2228.820961,0.008163
2226.200873,0.008163
2223.580786,0.008163
2220.960699,0.008163
2218.340611,0.008163
2215.720524,0.008163
2213.100437,0.010204
2210.480349,0.010204
2207.860262,0.010204
2205.240175,0.012245
2202.620087,0.012245
2200.000000,0.014286
2197.379913,0.014286
2194.759825,0.014286
2192.139738,0.014286
2189.519651,0.016327
2186.899563,0.016327
2184.279476,0.016327
2181.659389,0.016327
2179.039301,0.016327
2176.419214,0.018367
2173.799127,0.018367
2171.179039,0.020408
2168.558952,0.020408
2165.938865,0.022449
2163.318777,0.024490
2160.698690,0.026531
2158.078603,0.030612
2155.458515,0.032653
2152.838428,0.036735
2150.218341,0.040816
2147.598253,0.044898
2144.978166,0.053061
2142.358079,0.059184
2139.737991,0.067347
2137.117904,0.077551
2134.497817,0.091837
2131.877729,0.108163
2129.257642,0.128571
2126.637555,0.155102
2124.017467,0.187755
2121.397380,0.228571
2118.777293,0.285714
2116.157205,0.355102
2113.537118,0.438776
2110.917031,0.540816
2108.296943,0.634694
2105.676856,0.714286
2103.056769,0.753061
2100.436681,0.755102
2097.816594,0.755102
2095.196507,0.736735
2092.576419,0.675510
2089.956332,0.579592
2087.336245,0.475510
2084.716157,0.377551
2082.096070,0.289796
2079.475983,0.222449
2076.855895,0.171429
2074.235808,0.134694
2071.615721,0.108163
2068.995633,0.087755
2066.375546,0.073469
2063.755459,0.061224
2061.135371,0.053061
2058.515284,0.046939
2055.895197,0.040816
2053.275109,0.036735
2050.655022,0.034694
2048.034934,0.032653
2045.414847,0.030612
2042.794760,0.028571
2040.174672,0.024490
2037.554585,0.022449
2034.934498,0.020408
2032.314410,0.018367
2029.694323,0.016327
2027.074236,0.014286
2024.454148,0.012245
2021.834061,0.012245
2019.213974,0.010204
2016.593886,0.010204
2013.973799,0.008163
2011.353712,0.008163
2008.733624,0.006122
2006.113537,0.006122
2003.493450,0.006122
2000.873362,0.006122
1998.253275,0.006122
1995.633188,0.006122
1993.013100,0.006122
1990.393013,0.006122
1987.772926,0.006122
1985.152838,0.006122
1982.532751,0.006122
1979.912664,0.006122
1977.292576,0.004082
1974.672489,0.004082
1972.052402,0.004082
1969.432314,0.004082
1966.812227,0.004082
1964.192140,0.004082
1961.572052,0.004082
1958.951965,0.006122
1956.331878,0.006122
1953.711790,0.006122
1951.091703,0.006122
1948.471616,0.006122
1945.851528,0.006122
1943.231441,0.006122
1940.611354,0.006122
1937.991266,0.006122
1935.371179,0.006122
1932.751092,0.006122
1930.131004,0.006122
1927.510917,0.006122
1924.890830,0.006122
1922.270742,0.006122
1919.650655,0.004082
1917.030568,0.004082
1914.410480,0.004082
1911.790393,0.004082
1909.170306,0.004082
1906.550218,0.004082
1903.930131,0.004082
1901.310044,0.004082
1898.689956,0.004082
1896.069869,0.004082
1893.449782,0.004082
1890.829694,0.004082
1888.209607,0.004082
1885.589520,0.004082
1882.969432,0.004082
1880.349345,0.004082
1877.729258,0.004082
1875.109170,0.004082
1872.489083,0.004082
1869.868996,0.004082
1867.248908,0.004082
1864.628821,0.004082
1862.008734,0.004082
1859.388646,0.004082
1856.768559,0.004082
1854.148472,0.002041
1851.528384,0.004082
1848.908297,0.004082
1846.288210,0.004082
1843.668122,0.004082
1841.048035,0.004082
1838.427948,0.004082
1835.807860,0.004082
1833.187773,0.004082
1830.567686,0.004082
1827.947598,0.006122
1825.327511,0.006122
1822.707424,0.006122
1820.087336,0.006122
1817.467249,0.006122
1814.847162,0.006122
1812.227074,0.006122
1809.606987,0.006122
1806.986900,0.006122
1804.366812,0.006122
1801.746725,0.006122
1799.126638,0.006122
1796.506550,0.006122
1793.886463,0.006122
1791.266376,0.006122
1788.646288,0.004082
1786.026201,0.004082
1783.406114,0.004082
1780.786026,0.004082
1778.165939,0.004082
1775.545852,0.004082
1772.925764,0.004082
1770.305677,0.004082
1767.685590,0.004082
1765.065502,0.002041
1762.445415,0.002041
1759.825328,0.002041
1757.205240,0.002041
1754.585153,0.002041
1751.965066,0.004082
1749.344978,0.002041
1746.724891,0.004082
1744.104803,0.004082
1741.484716,0.004082
1738.864629,0.004082
1736.244541,0.004082
1733.624454,0.004082
1731.004367,0.004082
1728.384279,0.004082
1725.764192,0.004082
1723.144105,0.004082
1720.524017,0.006122
1717.903930,0.006122
1715.283843,0.004082
1712.663755,0.004082
1710.043668,0.004082
1707.423581,0.004082
1704.803493,0.004082
1702.183406,0.004082
1699.563319,0.004082
1696.943231,0.004082
1694.323144,0.004082
1691.703057,0.004082
1689.082969,0.006122
1686.462882,0.006122
1683.842795,0.006122
1681.222707,0.006122
1678.602620,0.006122
1675.982533,0.006122
1673.362445,0.008163
1670.742358,0.008163
1668.122271,0.008163
1665.502183,0.008163
1662.882096,0.008163
1660.262009,0.008163
1657.641921,0.008163
1655.021834,0.008163
1652.401747,0.008163
1649.781659,0.008163
1647.161572,0.010204
1644.541485,0.010204
1641.921397,0.010204
1639.301310,0.010204
1636.681223,0.012245
1634.061135,0.012245
1631.441048,0.012245
1628.820961,0.012245
1626.200873,0.012245
1623.580786,0.012245
1620.960699,0.014286
1618.340611,0.014286
1615.720524,0.014286
1613.100437,0.014286
1610.480349,0.014286
1607.860262,0.014286
1605.240175,0.014286
1602.620087,0.014286
1600.000000,0.014286
1597.379913,0.012245
1594.759825,0.012245
1592.139738,0.012245
1589.519651,0.010204
1586.899563,0.010204
1584.279476,0.010204
1581.659389,0.010204
1579.039301,0.008163
1576.419214,0.008163
1573.799127,0.008163
1571.179039,0.008163
1568.558952,0.008163
1565.938865,0.008163
1563.318777,0.008163
1560.698690,0.008163
1558.078603,0.008163
1555.458515,0.008163
1552.838428,0.010204
1550.218341,0.010204
1547.598253,0.010204
1544.978166,0.010204
1542.358079,0.010204
1539.737991,0.012245
1537.117904,0.010204
1534.497817,0.012245
1531.877729,0.012245
1529.257642,0.012245
1526.637555,0.012245
1524.017467,0.014286
1521.397380,0.014286
1518.777293,0.014286
1516.157205,0.014286
1513.537118,0.016327
1510.917031,0.016327
1508.296943,0.016327
1505.676856,0.018367
1503.056769,0.018367
1500.436681,0.020408
1497.816594,0.022449
1495.196507,0.024490
1492.576419,0.026531
1489.956332,0.028571
1487.336245,0.034694
1484.716157,0.040816
1482.096070,0.048980
1479.475983,0.061224
1476.855895,0.081633
1474.235808,0.112245
1471.615721,0.155102
1468.995633,0.195918
1466.375546,0.214286
1463.755459,0.216327
1461.135371,0.220408
1458.515284,0.222449
1455.895197,0.222449
1453.275109,0.212245
1450.655022,0.165306
1448.034934,0.120408
1445.414847,0.089796
1442.794760,0.071429
1440.174672,0.061224
1437.554585,0.055102
1434.934498,0.051020
1432.314410,0.053061
1429.694323,0.059184
1427.074236,0.071429
1424.454148,0.091837
1421.834061,0.128571
1419.213974,0.165306
1416.593886,0.185714
1413.973799,0.185714
1411.353712,0.183673
1408.733624,0.159184
1406.113537,0.122449
1403.493450,0.089796
1400.873362,0.067347
1398.253275,0.055102
1395.633188,0.046939
1393.013100,0.044898
1390.393013,0.042857
1387.772926,0.044898
1385.152838,0.055102
1382.532751,0.069388
1379.912664,0.077551
1377.292576,0.077551
1374.672489,0.073469
1372.052402,0.057143
1369.432314,0.036735
1366.812227,0.026531
1364.192140,0.020408
1361.572052,0.018367
1358.951965,0.016327
1356.331878,0.016327
1353.711790,0.014286
1351.091703,0.014286
1348.471616,0.012245
1345.851528,0.012245
1343.231441,0.012245
1340.611354,0.012245
1337.991266,0.012245
1335.371179,0.012245
1332.751092,0.012245
1330.131004,0.012245
1327.510917,0.012245
1324.890830,0.012245
1322.270742,0.012245
1319.650655,0.012245
1317.030568,0.012245
1314.410480,0.012245
1311.790393,0.012245
1309.170306,0.014286
1306.550218,0.014286
1303.930131,0.014286
1301.310044,0.016327
1298.689956,0.016327
1296.069869,0.016327
1293.449782,0.018367
1290.829694,0.018367
1288.209607,0.018367
1285.589520,0.018367
1282.969432,0.018367
1280.349345,0.018367
1277.729258,0.018367
1275.109170,0.018367
1272.489083,0.018367
1269.868996,0.020408
1267.248908,0.022449
1264.628821,0.024490
1262.008734,0.028571
1259.388646,0.032653
1256.768559,0.036735
1254.148472,0.044898
1251.528384,0.055102
1248.908297,0.069388
1246.288210,0.087755
1243.668122,0.110204
1241.048035,0.132653
1238.427948,0.153061
1235.807860,0.159184
1233.187773,0.159184
1230.567686,0.157143
1227.947598,0.138776
1225.327511,0.112245
1222.707424,0.089796
1220.087336,0.069388
1217.467249,0.051020
1214.847162,0.040816
1212.227074,0.032653
1209.606987,0.026531
1206.986900,0.022449
1204.366812,0.020408
1201.746725,0.018367
1199.126638,0.016327
1196.506550,0.016327
1193.886463,0.016327
1191.266376,0.016327
1188.646288,0.016327
1186.026201,0.016327
1183.406114,0.016327
1180.786026,0.016327
1178.165939,0.016327
1175.545852,0.016327
1172.925764,0.016327
1170.305677,0.018367
1167.685590,0.018367
1165.065502,0.020408
1162.445415,0.020408
1159.825328,0.020408
1157.205240,0.022449
1154.585153,0.024490
1151.965066,0.024490
1149.344978,0.024490
1146.724891,0.024490
1144.104803,0.024490
1141.484716,0.024490
1138.864629,0.026531
1136.244541,0.026531
1133.624454,0.028571
1131.004367,0.028571
1128.384279,0.030612
1125.764192,0.030612
1123.144105,0.030612
1120.524017,0.030612
1117.903930,0.032653
1115.283843,0.032653
1112.663755,0.030612
1110.043668,0.032653
1107.423581,0.032653
1104.803493,0.032653
1102.183406,0.032653
1099.563319,0.032653
1096.943231,0.032653
1094.323144,0.032653
1091.703057,0.032653
1089.082969,0.034694
1086.462882,0.034694
1083.842795,0.036735
1081.222707,0.036735
1078.602620,0.036735
1075.982533,0.036735
1073.362445,0.036735
1070.742358,0.038776
1068.122271,0.038776
1065.502183,0.038776
1062.882096,0.040816
1060.262009,0.040816
1057.641921,0.042857
1055.021834,0.042857
1052.401747,0.044898
1049.781659,0.046939
1047.161572,0.051020
1044.541485,0.053061
1041.921397,0.057143
1039.301310,0.063265
1036.681223,0.073469
1034.061135,0.085714
1031.441048,0.108163
1028.820961,0.144898
1026.200873,0.208163
1023.580786,0.304082
1020.960699,0.404082
1018.340611,0.444898
1015.720524,0.446939
1013.100437,0.446939
1010.480349,0.422449
1007.860262,0.377551
1005.240175,0.346939
1002.620087,0.326531
1000.000000,0.283673
997.379913,0.218367
994.759825,0.169388
992.139738,0.138776
989.519651,0.132653
986.899563,0.161224
984.279476,0.212245
981.659389,0.285714
979.039301,0.357143
976.419214,0.381633
973.799127,0.383673
971.179039,0.381633
968.558952,0.357143
965.938865,0.328571
963.318777,0.295918
960.698690,0.232653
958.078603,0.161224
955.458515,0.110204
952.838428,0.081633
950.218341,0.065306
947.598253,0.055102
944.978166,0.048980
942.358079,0.044898
939.737991,0.044898
937.117904,0.042857
934.497817,0.038776
931.877729,0.030612
929.257642,0.026531
926.637555,0.022449
924.017467,0.020408
921.397380,0.020408
918.777293,0.018367
916.157205,0.018367
913.537118,0.016327
910.917031,0.018367
908.296943,0.016327
905.676856,0.016327
903.056769,0.016327
900.436681,0.018367
897.816594,0.018367
895.196507,0.018367
892.576419,0.018367
889.956332,0.018367
887.336245,0.018367
884.716157,0.018367
882.096070,0.018367
879.475983,0.020408
876.855895,0.020408
874.235808,0.020408
871.615721,0.022449
868.995633,0.022449
866.375546,0.024490
863.755459,0.028571
861.135371,0.030612
858.515284,0.032653
855.895197,0.038776
853.275109,0.042857
850.655022,0.048980
848.034934,0.057143
845.414847,0.067347
842.794760,0.081633
840.174672,0.100000
837.554585,0.126531
834.934498,0.167347
832.314410,0.226531
829.694323,0.312245
827.074236,0.444898
824.454148,0.612245
821.834061,0.783673
819.213974,0.924490
816.593886,0.985714
813.973799,0.997959
811.353712,1.000000
808.733624,0.995918
806.113537,0.971429
803.493450,0.889796
800.873362,0.759184
798.253275,0.593878
795.633188,0.432653
793.013100,0.318367
790.393013,0.236735
787.772926,0.175510
785.152838,0.136735
782.532751,0.110204
779.912664,0.089796
777.292576,0.075510
774.672489,0.065306
772.052402,0.057143
769.432314,0.051020
766.812227,0.044898
764.192140,0.042857
761.572052,0.040816
758.951965,0.038776
756.331878,0.038776
753.711790,0.038776
751.091703,0.040816
748.471616,0.044898
745.851528,0.051020
743.231441,0.059184
740.611354,0.073469
737.991266,0.095918
735.371179,0.134694
732.751092,0.195918
730.131004,0.277551
727.510917,0.351020
724.890830,0.373469
722.270742,0.373469
719.650655,0.371429
717.030568,0.348980
714.410480,0.320408
711.790393,0.342857
709.170306,0.357143
706.550218,0.357143
703.930131,0.357143
701.310044,0.334694
698.689956,0.273469
696.069869,0.206122
693.449782,0.159184
690.829694,0.130612
688.209607,0.112245
685.589520,0.106122
682.969432,0.100000
680.349345,0.091837
677.729258,0.081633
675.109170,0.073469
672.489083,0.067347
669.868996,0.071429
667.248908,0.071429
664.628821,0.071429
662.008734,0.071429
659.388646,0.065306
656.768559,0.057143
654.148472,0.044898
651.528384,0.038776
648.908297,0.032653
646.288210,0.034694
643.668122,0.034694
641.048035,0.034694
638.427948,0.032653
635.807860,0.030612
633.187773,0.028571
630.567686,0.024490
627.947598,0.024490
625.327511,0.026531
622.707424,0.032653
620.087336,0.038776
617.467249,0.040816
614.847162,0.044898
612.227074,0.046939
609.606987,0.048980
606.986900,0.048980
604.366812,0.044898
601.746725,0.042857
599.126638,0.042857
596.506550,0.042857
593.886463,0.040816
591.266376,0.038776
588.646288,0.036735
586.026201,0.032653
583.406114,0.028571
580.786026,0.024490
578.165939,0.018367
575.545852,0.014286
572.925764,0.012245
570.305677,0.008163
567.685590,0.006122
565.065502,0.006122
562.445415,0.004082
559.825328,0.004082
557.205240,0.004082
554.585153,0.002041
551.965066,0.002041
549.344978,0.002041
546.724891,0.002041
544.104803,0.002041
541.484716,0.002041
538.864629,0.002041
536.244541,0.002041
533.624454,0.002041
531.004367,0.002041
528.384279,0.002041
525.764192,0.002041
523.144105,0.002041
520.524017,0.002041
517.903930,0.002041
515.283843,0.002041
512.663755,0.002041
510.043668,0.002041
507.423581,0.002041
504.803493,0.002041
502.183406,0.002041
499.563319,0.002041
496.943231,0.002041
494.323144,0.002041
491.703057,0.002041
489.082969,0.002041
486.462882,0.002041
483.842795,0.002041
481.222707,0.002041
478.602620,0.002041
475.982533,0.002041
473.362445,0.002041
470.742358,0.002041
468.122271,0.002041
465.502183,0.002041
462.882096,0.002041
460.262009,0.002041
457.641921,0.002041
455.021834,0.002041
452.401747,0.002041
449.781659,0.002041
447.161572,nan
444.541485,nan
441.921397,nan
439.301310,nan
436.681223,nan
434.061135,nan
431.441048,nan
428.820961,nan
426.200873,nan
423.580786,nan
420.960699,nan
418.340611,nan
415.720524,nan
413.100437,nan
410.480349,nan
407.860262,nan
405.240175,nan
402.620087,nan
400.000000,nan
