4000.000000,0.010204
3997.379913,0.010204
3994.759825,0.010204
3992.139738,0.010204
3989.519651,0.010204
3986.899563,0.012245
3984.279476,0.012245
3981.659389,0.012245
3979.039301,0.012245
3976.419214,0.010204
3973.799127,0.010204
3971.179039,0.012245
3968.558952,0.010204
3965.938865,0.010204
3963.318777,0.010204
3960.698690,0.010204
3958.078603,0.010204
3955.458515,0.010204
3952.838428,0.012245
3950.218341,0.012245
3947.598253,0.012245
3944.978166,0.012245
3942.358079,0.012245
3939.737991,0.010204
3937.117904,0.010204
3934.497817,0.010204
3931.877729,0.010204
3929.257642,0.010204
3926.637555,0.010204
3924.017467,0.010204
3921.397380,0.010204
3918.777293,0.010204
3916.157205,0.010204
3913.537118,0.010204
3910.917031,0.008163
3908.296943,0.010204
3905.676856,0.012245
3903.056769,0.014286
3900.436681,0.014286
3897.816594,0.012245
3895.196507,0.010204
3892.576419,0.010204
3889.956332,0.012245
3887.336245,0.010204
3884.716157,0.012245
3882.096070,0.012245
3879.475983,0.010204
3876.855895,0.010204
3874.235808,0.010204
3871.615721,0.010204
3868.995633,0.012245
3866.375546,0.012245
3863.755459,0.010204
3861.135371,0.010204
3858.515284,0.010204
3855.895197,0.014286
3853.275109,0.020408
3850.655022,0.020408
3848.034934,0.016327
3845.414847,0.006122
3842.794760,0.010204
3840.174672,0.012245
3837.554585,0.012245
3834.934498,0.012245
3832.314410,0.010204
3829.694323,0.010204
3827.074236,0.010204
3824.454148,0.012245
3821.834061,0.014286
3819.213974,0.014286
3816.593886,0.014286
3813.973799,0.012245
3811.353712,0.010204
3808.733624,0.012245
3806.113537,0.014286
3803.493450,0.014286
3800.873362,0.014286
3798.253275,0.014286
3795.633188,0.012245
3793.013100,0.008163
3790.393013,0.010204
3787.772926,0.010204
3785.152838,0.012245
3782.532751,0.012245
3779.912664,0.012245
3777.292576,0.012245
3774.672489,0.012245
3772.052402,0.012245
3769.432314,0.014286
3766.812227,0.014286
3764.192140,0.012245
3761.572052,0.012245
3758.951965,0.014286
3756.331878,0.014286
3753.711790,0.014286
3751.091703,0.018367
3748.471616,0.018367
3745.851528,0.016327
3743.231441,0.014286
3740.611354,0.014286
3737.991266,0.010204
3735.371179,0.014286
3732.751092,0.016327
3730.131004,0.014286
3727.510917,0.010204
3724.890830,0.012245
3722.270742,0.012245
3719.650655,0.012245
3717.030568,0.010204
3714.410480,0.012245
3711.790393,0.016327
3709.170306,0.016327
3706.550218,0.014286
3703.930131,0.012245
3701.310044,0.014286
3698.689956,0.014286
3696.069869,0.012245
3693.449782,0.014286
3690.829694,0.016327
3688.209607,0.016327
3685.589520,0.016327
3682.969432,0.012245
3680.349345,0.010204
3677.729258,0.014286
3675.109170,0.016327
3672.489083,0.016327
3669.868996,0.014286
3667.248908,0.012245
3664.628821,0.010204
3662.008734,0.010204
3659.388646,0.012245
3656.768559,0.014286
3654.148472,0.016327
3651.528384,0.014286
3648.908297,0.016327
3646.288210,0.016327
3643.668122,0.014286
3641.048035,0.008163
3638.427948,0.010204
3635.807860,0.012245
3633.187773,0.012245
3630.567686,0.014286
3627.947598,0.016327
3625.327511,0.016327
3622.707424,0.012245
3620.087336,0.012245
3617.467249,0.014286
3614.847162,0.012245
3612.227074,0.012245
3609.606987,0.012245
3606.986900,0.010204
3604.366812,0.010204
3601.746725,0.010204
3599.126638,0.012245
3596.506550,0.012245
3593.886463,0.012245
3591.266376,0.012245
3588.646288,0.014286
3586.026201,0.014286
3583.406114,0.014286
3580.786026,0.012245
3578.165939,0.012245
3575.545852,0.012245
3572.925764,0.012245
3570.305677,0.012245
3567.685590,0.014286
3565.065502,0.014286
3562.445415,0.014286
3559.825328,0.010204
3557.205240,0.010204
3554.585153,0.012245
3551.965066,0.012245
3549.344978,0.012245
3546.724891,0.012245
3544.104803,0.012245
3541.484716,0.012245
3538.864629,0.010204
3536.244541,0.012245
3533.624454,0.012245
3531.004367,0.012245
3528.384279,0.012245
3525.764192,0.012245
3523.144105,0.012245
3520.524017,0.012245
3517.903930,0.012245
3515.283843,0.012245
3512.663755,0.012245
3510.043668,0.012245
3507.423581,0.012245
3504.803493,0.012245
3502.183406,0.012245
3499.563319,0.012245
3496.943231,0.010204
3494.323144,0.012245
3491.703057,0.012245
3489.082969,0.012245
3486.462882,0.012245
3483.842795,0.012245
3481.222707,0.012245
3478.602620,0.012245
3475.982533,0.012245
3473.362445,0.012245
3470.742358,0.012245
3468.122271,0.012245
3465.502183,0.012245
3462.882096,0.012245
3460.262009,0.012245
3457.641921,0.012245
3455.021834,0.012245
3452.401747,0.012245
3449.781659,0.012245
3447.161572,0.012245
3444.541485,0.012245
3441.921397,0.012245
3439.301310,0.012245
3436.681223,0.012245
3434.061135,0.012245
3431.441048,0.012245
3428.820961,0.012245
3426.200873,0.012245
3423.580786,0.014286
3420.960699,0.014286
3418.340611,0.014286
3415.720524,0.012245
3413.100437,0.012245
3410.480349,0.014286
3407.860262,0.014286
3405.240175,0.012245
3402.620087,0.012245
3400.000000,0.012245
3397.379913,0.012245
3394.759825,0.012245
3392.139738,0.012245
3389.519651,0.012245
3386.899563,0.014286
3384.279476,0.014286
3381.659389,0.012245
3379.039301,0.014286
3376.419214,0.014286
3373.799127,0.014286
3371.179039,0.014286
3368.558952,0.014286
3365.938865,0.014286
3363.318777,0.012245
3360.698690,0.014286
3358.078603,0.014286
3355.458515,0.014286
3352.838428,0.014286
3350.218341,0.014286
3347.598253,0.014286
3344.978166,0.014286
3342.358079,0.014286
3339.737991,0.014286
3337.117904,0.014286
3334.497817,0.014286
3331.877729,0.014286
3329.257642,0.014286
3326.637555,0.014286
3324.017467,0.014286
3321.397380,0.014286
3318.777293,0.014286
3316.157205,0.014286
3313.537118,0.014286
3310.917031,0.014286
3308.296943,0.014286
3305.676856,0.014286
3303.056769,0.014286
3300.436681,0.014286
3297.816594,0.014286
3295.196507,0.014286
3292.576419,0.014286
3289.956332,0.014286
3287.336245,0.014286
3284.716157,0.014286
3282.096070,0.014286
3279.475983,0.014286
3276.855895,0.014286
3274.235808,0.014286
3271.615721,0.014286
3268.995633,0.014286
3266.375546,0.014286
3263.755459,0.014286
3261.135371,0.014286
3258.515284,0.014286
3255.895197,0.014286
3253.275109,0.014286
3250.655022,0.014286
3248.034934,0.014286
3245.414847,0.014286
3242.794760,0.014286
3240.174672,0.014286
3237.554585,0.014286
3234.934498,0.014286
3232.314410,0.014286
3229.694323,0.014286
3227.074236,0.016327
3224.454148,0.016327
3221.834061,0.016327
3219.213974,0.014286
3216.593886,0.014286
3213.973799,0.014286
3211.353712,0.016327
3208.733624,0.016327
3206.113537,0.016327
3203.493450,0.016327
3200.873362,0.016327
3198.253275,0.014286
3195.633188,0.014286
3193.013100,0.016327
3190.393013,0.016327
3187.772926,0.016327
3185.152838,0.016327
3182.532751,0.016327
3179.912664,0.016327
3177.292576,0.016327
3174.672489,0.016327
3172.052402,0.016327
3169.432314,0.016327
3166.812227,0.016327
3164.192140,0.016327
3161.572052,0.016327
3158.951965,0.016327
3156.331878,0.016327
3153.711790,0.016327
3151.091703,0.016327
3148.471616,0.016327
3145.851528,0.016327
3143.231441,0.016327
3140.611354,0.016327
3137.991266,0.016327
3135.371179,0.016327
3132.751092,0.018367
3130.131004,0.018367
3127.510917,0.016327
3124.890830,0.018367
3122.270742,0.018367
3119.650655,0.016327
3117.030568,0.016327
3114.410480,0.016327
3111.790393,0.016327
3109.170306,0.016327
3106.550218,0.016327
3103.930131,0.018367
3101.310044,0.018367
3098.689956,0.018367
3096.069869,0.018367
3093.449782,0.018367
3090.829694,0.018367
3088.209607,0.018367
3085.589520,0.018367
3082.969432,0.018367
3080.349345,0.016327
3077.729258,0.018367
3075.109170,0.018367
3072.489083,0.018367
3069.868996,0.018367
3067.248908,0.018367
3064.628821,0.018367
3062.008734,0.018367
3059.388646,0.018367
3056.768559,0.018367
3054.148472,0.018367
3051.528384,0.018367
3048.908297,0.018367
3046.288210,0.018367
3043.668122,0.018367
3041.048035,0.018367
3038.427948,0.018367
3035.807860,0.018367
3033.187773,0.018367
3030.567686,0.020408
3027.947598,0.018367
3025.327511,0.018367
3022.707424,0.020408
3020.087336,0.020408
3017.467249,0.020408
3014.847162,0.020408
3012.227074,0.020408
3009.606987,0.020408
3006.986900,0.020408
3004.366812,0.020408
3001.746725,0.022449
2999.126638,0.022449
2996.506550,0.024490
2993.886463,0.026531
2991.266376,0.030612
2988.646288,0.036735
2986.026201,0.042857
2983.406114,0.053061
2980.786026,0.065306
2978.165939,0.077551
2975.545852,0.089796
2972.925764,0.097959
2970.305677,0.102041
2967.685590,0.104082
2965.065502,0.104082
2962.445415,0.102041
2959.825328,0.100000
2957.205240,0.095918
2954.585153,0.087755
2951.965066,0.083673
2949.344978,0.083673
2946.724891,0.081633
2944.104803,0.079592
2941.484716,0.075510
2938.864629,0.069388
2936.244541,0.063265
2933.624454,0.059184
2931.004367,0.059184
2928.384279,0.057143
2925.764192,0.057143
2923.144105,0.055102
2920.524017,0.053061
2917.903930,0.051020
2915.283843,0.053061
2912.663755,0.055102
2910.043668,0.059184
2907.423581,0.061224
2904.803493,0.063265
2902.183406,0.061224
2899.563319,0.059184
2896.943231,0.055102
2894.323144,0.046939
2891.703057,0.040816
2889.082969,0.034694
2886.462882,0.032653
2883.842795,0.030612
2881.222707,0.028571
2878.602620,0.028571
2875.982533,0.026531
2873.362445,0.028571
2870.742358,0.028571
2868.122271,0.028571
2865.502183,0.028571
2862.882096,0.028571
2860.262009,0.028571
2857.641921,0.028571
2855.021834,0.030612
2852.401747,0.030612
2849.781659,0.030612
2847.161572,0.030612
2844.541485,0.026531
2841.921397,0.024490
2839.301310,0.022449
2836.681223,0.020408
2834.061135,0.020408
2831.441048,0.020408
2828.820961,0.020408
2826.200873,0.020408
2823.580786,0.018367
2820.960699,0.018367
2818.340611,0.018367
2815.720524,0.018367
2813.100437,0.018367
2810.480349,0.018367
2807.860262,0.018367
2805.240175,0.018367
2802.620087,0.018367
2800.000000,0.018367
2797.379913,0.018367
2794.759825,0.018367
2792.139738,0.018367
2789.519651,0.018367
2786.899563,0.016327
2784.279476,0.016327
2781.659389,0.016327
2779.039301,0.016327
2776.419214,0.016327
2773.799127,0.016327
2771.179039,0.014286
2768.558952,0.014286
2765.938865,0.014286
2763.318777,0.014286
2760.698690,0.014286
2758.078603,0.014286
2755.458515,0.014286
2752.838428,0.014286
2750.218341,0.014286
2747.598253,0.014286
2744.978166,0.014286
2742.358079,0.014286
2739.737991,0.014286
2737.117904,0.012245
2734.497817,0.012245
2731.877729,0.014286
2729.257642,0.014286
2726.637555,0.014286
2724.017467,0.014286
2721.397380,0.014286
2718.777293,0.014286
2716.157205,0.014286
2713.537118,0.014286
2710.917031,0.014286
2708.296943,0.014286
2705.676856,0.014286
2703.056769,0.014286
2700.436681,0.014286
2697.816594,0.014286
2695.196507,0.014286
2692.576419,0.014286
2689.956332,0.014286
2687.336245,0.012245
2684.716157,0.014286
2682.096070,0.012245
2679.475983,0.012245
2676.855895,0.012245
2674.235808,0.012245
2671.615721,0.014286
2668.995633,0.014286
2666.375546,0.014286
2663.755459,0.014286
2661.135371,0.014286
2658.515284,0.014286
2655.895197,0.014286
2653.275109,0.014286
2650.655022,0.014286
2648.034934,0.014286
2645.414847,0.012245
2642.794760,0.012245
2640.174672,0.012245
2637.554585,0.012245
2634.934498,0.012245
2632.314410,0.012245
2629.694323,0.012245
2627.074236,0.014286
2624.454148,0.012245
2621.834061,0.012245
2619.213974,0.012245
2616.593886,0.012245
2613.973799,0.012245
2611.353712,0.012245
2608.733624,0.012245
2606.113537,0.012245
2603.493450,0.012245
2600.873362,0.012245
2598.253275,0.012245
2595.633188,0.012245
2593.013100,0.012245
2590.393013,0.012245
2587.772926,0.012245
2585.152838,0.012245
2582.532751,0.012245
2579.912664,0.012245
2577.292576,0.012245
2574.672489,0.012245
2572.052402,0.012245
2569.432314,0.012245
2566.812227,0.012245
2564.192140,0.012245
2561.572052,0.012245
2558.951965,0.012245
2556.331878,0.012245
2553.711790,0.010204
2551.091703,0.012245
2548.471616,0.012245
2545.851528,0.012245
2543.231441,0.012245
2540.611354,0.012245
2537.991266,0.012245
2535.371179,0.012245
2532.751092,0.010204
2530.131004,0.012245
2527.510917,0.012245
2524.890830,0.012245
2522.270742,0.010204
2519.650655,0.012245
2517.030568,0.012245
2514.410480,0.010204
2511.790393,0.010204
2509.170306,0.012245
2506.550218,0.012245
2503.930131,0.012245
2501.310044,0.012245
2498.689956,0.012245
2496.069869,0.012245
2493.449782,0.012245
2490.829694,0.012245
2488.209607,0.012245
2485.589520,0.012245
2482.969432,0.012245
2480.349345,0.012245
2477.729258,0.012245
2475.109170,0.012245
2472.489083,0.012245
2469.868996,0.012245
2467.248908,0.010204
2464.628821,0.010204
2462.008734,0.012245
2459.388646,0.012245
2456.768559,0.010204
2454.148472,0.010204
2451.528384,0.010204
2448.908297,0.010204
2446.288210,0.010204
2443.668122,0.010204
2441.048035,0.010204
2438.427948,0.010204
2435.807860,0.010204
2433.187773,0.010204
2430.567686,0.010204
2427.947598,0.010204
2425.327511,0.010204
2422.707424,0.010204
2420.087336,0.010204
2417.467249,0.010204
2414.847162,0.010204
2412.227074,0.010204
2409.606987,0.010204
2406.986900,0.010204
2404.366812,0.010204
2401.746725,0.010204
2399.126638,0.010204
2396.506550,0.010204
2393.886463,0.010204
2391.266376,0.010204
2388.646288,0.010204
2386.026201,0.010204
2383.406114,0.010204
2380.786026,0.010204
2378.165939,0.012245
2375.545852,0.012245
2372.925764,0.012245
2370.305677,0.012245
2367.685590,0.010204
2365.065502,0.010204
2362.445415,0.010204
2359.825328,0.008163
2357.205240,0.008163
2354.585153,0.008163
2351.965066,0.008163
2349.344978,0.008163
2346.724891,0.012245
2344.104803,0.012245
2341.484716,0.012245
2338.864629,0.010204
2336.244541,0.010204
2333.624454,0.010204
2331.004367,0.010204
2328.384279,0.010204
2325.764192,0.010204
2323.144105,0.010204
2320.524017,0.008163
2317.903930,0.010204
2315.283843,0.010204
2312.663755,0.010204
2310.043668,0.010204
2307.423581,0.010204
2304.803493,0.010204
2302.183406,0.010204
2299.563319,0.010204
2296.943231,0.010204
2294.323144,0.010204
2291.703057,0.010204
2289.082969,0.012245
2286.462882,0.012245
2283.842795,0.012245
2281.222707,0.012245
2278.602620,0.012245
2275.982533,0.012245
2273.362445,0.012245
2270.742358,0.012245
2268.122271,0.012245
2265.502183,0.012245
2262.882096,0.012245
2260.262009,0.012245
2257.641921,0.012245
2255.021834,0.012245
2252.401747,0.012245
2249.781659,0.012245
2247.161572,0.012245
2244.541485,0.012245
2241.921397,0.012245
2239.301310,0.012245
2236.681223,0.012245
2234.061135,0.012245
2231.441048,0.012245
2228.820961,0.012245
2226.200873,0.012245
2223.580786,0.012245
2220.960699,0.012245
2218.340611,0.012245
2215.720524,0.012245
2213.100437,0.012245
2210.480349,0.012245
2207.860262,0.012245
2205.240175,0.012245
2202.620087,0.012245
2200.000000,0.012245
2197.379913,0.012245
2194.759825,0.012245
2192.139738,0.012245
2189.519651,0.012245
2186.899563,0.012245
2184.279476,0.012245
2181.659389,0.012245
2179.039301,0.012245
2176.419214,0.012245
2173.799127,0.012245
2171.179039,0.012245
2168.558952,0.012245
2165.938865,0.012245
2163.318777,0.012245
2160.698690,0.012245
2158.078603,0.012245
2155.458515,0.012245
2152.838428,0.012245
2150.218341,0.012245
2147.598253,0.012245
2144.978166,0.012245
2142.358079,0.012245
2139.737991,0.012245
2137.117904,0.012245
2134.497817,0.012245
2131.877729,0.012245
2129.257642,0.012245
2126.637555,0.012245
2124.017467,0.012245
2121.397380,0.012245
2118.777293,0.012245
2116.157205,0.014286
2113.537118,0.014286
2110.917031,0.014286
2108.296943,0.014286
2105.676856,0.014286
2103.056769,0.014286
2100.436681,0.014286
2097.816594,0.014286
2095.196507,0.014286
2092.576419,0.014286
2089.956332,0.012245
2087.336245,0.012245
2084.716157,0.012245
2082.096070,0.012245
2079.475983,0.012245
2076.855895,0.012245
2074.235808,0.012245
2071.615721,0.012245
2068.995633,0.012245
2066.375546,0.014286
2063.755459,0.014286
2061.135371,0.014286
2058.515284,0.014286
2055.895197,0.014286
2053.275109,0.014286
2050.655022,0.014286
2048.034934,0.014286
2045.414847,0.014286
2042.794760,0.014286
2040.174672,0.012245
2037.554585,0.012245
2034.934498,0.012245
2032.314410,0.012245
2029.694323,0.012245
2027.074236,0.012245
2024.454148,0.012245
2021.834061,0.012245
2019.213974,0.012245
2016.593886,0.012245
2013.973799,0.012245
2011.353712,0.012245
2008.733624,0.012245
2006.113537,0.012245
2003.493450,0.012245
2000.873362,0.012245
1998.253275,0.012245
1995.633188,0.014286
1993.013100,0.014286
1990.393013,0.014286
1987.772926,0.012245
1985.152838,0.012245
1982.532751,0.014286
1979.912664,0.014286
1977.292576,0.014286
1974.672489,0.014286
1972.052402,0.014286
1969.432314,0.014286
1966.812227,0.014286
1964.192140,0.014286
1961.572052,0.014286
1958.951965,0.014286
1956.331878,0.014286
1953.711790,0.014286
1951.091703,0.014286
1948.471616,0.014286
1945.851528,0.014286
1943.231441,0.014286
1940.611354,0.012245
1937.991266,0.012245
1935.371179,0.012245
1932.751092,0.012245
1930.131004,0.012245
1927.510917,0.012245
1924.890830,0.014286
1922.270742,0.014286
1919.650655,0.014286
1917.030568,0.014286
1914.410480,0.014286
1911.790393,0.014286
1909.170306,0.014286
1906.550218,0.014286
1903.930131,0.014286
1901.310044,0.014286
1898.689956,0.012245
1896.069869,0.012245
1893.449782,0.012245
1890.829694,0.012245
1888.209607,0.012245
1885.589520,0.012245
1882.969432,0.012245
1880.349345,0.012245
1877.729258,0.012245
1875.109170,0.012245
1872.489083,0.012245
1869.868996,0.012245
1867.248908,0.012245
1864.628821,0.010204
1862.008734,0.012245
1859.388646,0.012245
1856.768559,0.010204
1854.148472,0.010204
1851.528384,0.010204
1848.908297,0.012245
1846.288210,0.012245
1843.668122,0.012245
1841.048035,0.010204
1838.427948,0.010204
1835.807860,0.012245
1833.187773,0.012245
1830.567686,0.012245
1827.947598,0.012245
1825.327511,0.010204
1822.707424,0.010204
1820.087336,0.010204
1817.467249,0.010204
1814.847162,0.010204
1812.227074,0.012245
1809.606987,0.012245
1806.986900,0.010204
1804.366812,0.010204
1801.746725,0.012245
1799.126638,0.010204
1796.506550,0.010204
1793.886463,0.012245
1791.266376,0.012245
1788.646288,0.010204
1786.026201,0.010204
1783.406114,0.010204
1780.786026,0.010204
1778.165939,0.010204
1775.545852,0.012245
1772.925764,0.012245
1770.305677,0.012245
1767.685590,0.010204
1765.065502,0.010204
1762.445415,0.012245
1759.825328,0.012245
1757.205240,0.012245
1754.585153,0.012245
1751.965066,0.014286
1749.344978,0.014286
1746.724891,0.010204
1744.104803,0.012245
1741.484716,0.012245
1738.864629,0.012245
1736.244541,0.014286
1733.624454,0.016327
1731.004367,0.014286
1728.384279,0.010204
1725.764192,0.012245
1723.144105,0.012245
1720.524017,0.016327
1717.903930,0.018367
1715.283843,0.016327
1712.663755,0.018367
1710.043668,0.024490
1707.423581,0.026531
1704.803493,0.028571
1702.183406,0.034694
1699.563319,0.034694
1696.943231,0.032653
1694.323144,0.030612
1691.703057,0.028571
1689.082969,0.028571
1686.462882,0.026531
1683.842795,0.026531
1681.222707,0.022449
1678.602620,0.016327
1675.982533,0.016327
1673.362445,0.016327
1670.742358,0.014286
1668.122271,0.014286
1665.502183,0.012245
1662.882096,0.014286
1660.262009,0.012245
1657.641921,0.014286
1655.021834,0.018367
1652.401747,0.018367
1649.781659,0.014286
1647.161572,0.012245
1644.541485,0.010204
1641.921397,0.010204
1639.301310,0.014286
1636.681223,0.014286
1634.061135,0.014286
1631.441048,0.010204
1628.820961,0.012245
1626.200873,0.012245
1623.580786,0.012245
1620.960699,0.010204
1618.340611,0.014286
1615.720524,0.014286
1613.100437,0.010204
1610.480349,0.012245
1607.860262,0.012245
1605.240175,0.012245
1602.620087,0.012245
1600.000000,0.012245
1597.379913,0.012245
1594.759825,0.012245
1592.139738,0.012245
1589.519651,0.012245
1586.899563,0.012245
1584.279476,0.012245
1581.659389,0.014286
1579.039301,0.016327
1576.419214,0.016327
1573.799127,0.014286
1571.179039,0.014286
1568.558952,0.014286
1565.938865,0.012245
1563.318777,0.016327
1560.698690,0.018367
1558.078603,0.018367
1555.458515,0.012245
1552.838428,0.010204
1550.218341,0.010204
1547.598253,0.012245
1544.978166,0.014286
1542.358079,0.014286
1539.737991,0.014286
1537.117904,0.010204
1534.497817,0.012245
1531.877729,0.012245
1529.257642,0.012245
1526.637555,0.012245
1524.017467,0.012245
1521.397380,0.012245
1518.777293,0.012245
1516.157205,0.012245
1513.537118,0.012245
1510.917031,0.014286
1508.296943,0.016327
1505.676856,0.016327
1503.056769,0.014286
1500.436681,0.016327
1497.816594,0.018367
1495.196507,0.016327
1492.576419,0.014286
1489.956332,0.016327
1487.336245,0.014286
1484.716157,0.016327
1482.096070,0.018367
1479.475983,0.020408
1476.855895,0.024490
1474.235808,0.028571
1471.615721,0.032653
1468.995633,0.040816
1466.375546,0.044898
1463.755459,0.044898
1461.135371,0.048980
1458.515284,0.053061
1455.895197,0.063265
1453.275109,0.091837
1450.655022,0.126531
1448.034934,0.136735
1445.414847,0.136735
1442.794760,0.132653
1440.174672,0.120408
1437.554585,0.112245
1434.934498,0.104082
1432.314410,0.083673
1429.694323,0.071429
1427.074236,0.075510
1424.454148,0.089796
1421.834061,0.100000
1419.213974,0.100000
1416.593886,0.097959
1413.973799,0.081633
1411.353712,0.071429
1408.733624,0.069388
1406.113537,0.067347
1403.493450,0.067347
1400.873362,0.065306
1398.253275,0.063265
1395.633188,0.063265
1393.013100,0.063265
1390.393013,0.067347
1387.772926,0.071429
1385.152838,0.083673
1382.532751,0.100000
1379.912664,0.122449
1377.292576,0.157143
1374.672489,0.208163
1372.052402,0.248980
1369.432314,0.253061
1366.812227,0.253061
1364.192140,0.238776
1361.572052,0.191837
1358.951965,0.132653
1356.331878,0.097959
1353.711790,0.077551
1351.091703,0.067347
1348.471616,0.061224
1345.851528,0.057143
1343.231441,0.059184
1340.611354,0.061224
1337.991266,0.065306
1335.371179,0.073469
1332.751092,0.085714
1330.131004,0.104082
1327.510917,0.130612
1324.890830,0.167347
1322.270742,0.206122
1319.650655,0.220408
1317.030568,0.222449
1314.410480,0.220408
1311.790393,0.204082
1309.170306,0.179592
1306.550218,0.159184
1303.930131,0.142857
1301.310044,0.128571
1298.689956,0.122449
1296.069869,0.116327
1293.449782,0.116327
1290.829694,0.126531
1288.209607,0.146939
1285.589520,0.175510
1282.969432,0.222449
1280.349345,0.306122
1277.729258,0.432653
1275.109170,0.606122
1272.489083,0.789796
1269.868996,0.926531
1267.248908,0.993878
1264.628821,1.000000
1262.008734,0.997959
1259.388646,0.967347
1256.768559,0.859184
1254.148472,0.653061
1251.528384,0.442857
1248.908297,0.304082
1246.288210,0.232653
1243.668122,0.187755
1241.048035,0.155102
1238.427948,0.138776
1235.807860,0.146939
1233.187773,0.157143
1230.567686,0.169388
1227.947598,0.191837
1225.327511,0.240816
1222.707424,0.332653
1220.087336,0.493878
1217.467249,0.704082
1214.847162,0.879592
1212.227074,0.961224
1209.606987,0.963265
1206.986900,0.963265
1204.366812,0.904082
1201.746725,0.738776
1199.126638,0.518367
1196.506550,0.361224
1193.886463,0.259184
1191.266376,0.187755
1188.646288,0.142857
1186.026201,0.114286
1183.406114,0.091837
1180.786026,0.077551
1178.165939,0.069388
1175.545852,0.063265
1172.925764,0.057143
1170.305677,0.055102
1167.685590,0.057143
1165.065502,0.057143
1162.445415,0.063265
1159.825328,0.067347
1157.205240,0.075510
1154.585153,0.089796
1151.965066,0.110204
1149.344978,0.142857
1146.724891,0.191837
1144.104803,0.265306
1141.484716,0.359184
1138.864629,0.467347
1136.244541,0.565306
1133.624454,0.626531
1131.004367,0.644898
1128.384279,0.646939
1125.764192,0.642857
1123.144105,0.591837
1120.524017,0.512245
1117.903930,0.418367
1115.283843,0.330612
1112.663755,0.263265
1110.043668,0.210204
1107.423581,0.171429
1104.803493,0.146939
1102.183406,0.132653
1099.563319,0.124490
1096.943231,0.126531
1094.323144,0.134694
1091.703057,0.148980
1089.082969,0.165306
1086.462882,0.185714
1083.842795,0.212245
1081.222707,0.251020
1078.602620,0.312245
1075.982533,0.395918
1073.362445,0.479592
1070.742358,0.526531
1068.122271,0.526531
1065.502183,0.522449
1062.882096,0.461224
1060.262009,0.348980
1057.641921,0.248980
1055.021834,0.185714
1052.401747,0.151020
1049.781659,0.130612
1047.161572,0.114286
1044.541485,0.106122
1041.921397,0.122449
1039.301310,0.159184
1036.681223,0.197959
1034.061135,0.202041
1031.441048,0.202041
1028.820961,0.187755
1026.200873,0.155102
1023.580786,0.130612
1020.960699,0.112245
1018.340611,0.093878
1015.720524,0.075510
1013.100437,0.061224
1010.480349,0.051020
1007.860262,0.042857
1005.240175,0.036735
1002.620087,0.032653
1000.000000,0.028571
997.379913,0.026531
994.759825,0.026531
992.139738,0.024490
989.519651,0.022449
986.899563,0.022449
984.279476,0.020408
981.659389,0.020408
979.039301,0.020408
976.419214,0.020408
973.799127,0.020408
971.179039,0.020408
968.558952,0.020408
965.938865,0.020408
963.318777,0.022449
960.698690,0.022449
958.078603,0.022449
955.458515,0.024490
952.838428,0.024490
950.218341,0.026531
947.598253,0.026531
944.978166,0.028571
942.358079,0.030612
939.737991,0.030612
937.117904,0.032653
934.497817,0.036735
931.877729,0.040816
929.257642,0.046939
926.637555,0.055102
924.017467,0.065306
921.397380,0.079592
918.777293,0.106122
916.157205,0.146939
913.537118,0.208163
910.917031,0.295918
908.296943,0.397959
905.676856,0.491837
903.056769,0.504082
900.436681,0.504082
897.816594,0.446939
895.196507,0.318367
892.576419,0.216327
889.956332,0.155102
887.336245,0.120408
884.716157,0.102041
882.096070,0.095918
879.475983,0.100000
876.855895,0.106122
874.235808,0.118367
871.615721,0.136735
868.995633,0.165306
866.375546,0.204082
863.755459,0.259184
861.135371,0.342857
858.515284,0.440816
855.895197,0.528571
853.275109,0.573469
850.655022,0.577551
848.034934,0.577551
845.414847,0.565306
842.794760,0.557143
840.174672,0.553061
837.554585,0.477551
834.934498,0.340816
832.314410,0.238776
829.694323,0.179592
827.074236,0.167347
824.454148,0.202041
821.834061,0.257143
819.213974,0.324490
816.593886,0.351020
813.973799,0.351020
811.353712,0.348980
808.733624,0.316327
806.113537,0.271429
803.493450,0.240816
800.873362,0.263265
798.253275,0.340816
795.633188,0.424490
793.013100,0.446939
790.393013,0.446939
787.772926,0.422449
785.152838,0.326531
782.532751,0.232653
779.912664,0.159184
777.292576,0.116327
774.672489,0.087755
772.052402,0.069388
769.432314,0.059184
766.812227,0.053061
764.192140,0.048980
761.572052,0.048980
758.951965,0.055102
756.331878,0.061224
753.711790,0.063265
751.091703,0.063265
748.471616,0.059184
745.851528,0.055102
743.231441,0.051020
740.611354,0.046939
737.991266,0.042857
735.371179,0.044898
732.751092,0.046939
730.131004,0.053061
727.510917,0.061224
724.890830,0.067347
722.270742,0.069388
719.650655,0.069388
717.030568,0.067347
714.410480,0.061224
711.790393,0.061224
709.170306,0.063265
706.550218,0.067347
703.930131,0.069388
701.310044,0.071429
698.689956,0.075510
696.069869,0.081633
693.449782,0.091837
690.829694,0.108163
688.209607,0.124490
685.589520,0.130612
682.969432,0.130612
680.349345,0.128571
677.729258,0.118367
675.109170,0.104082
672.489083,0.091837
669.868996,0.081633
667.248908,0.079592
664.628821,0.085714
662.008734,0.087755
659.388646,0.089796
656.768559,0.089796
654.148472,0.089796
651.528384,0.089796
648.908297,0.089796
646.288210,0.087755
643.668122,0.089796
641.048035,0.091837
638.427948,0.100000
635.807860,0.112245
633.187773,0.132653
630.567686,0.171429
627.947598,0.222449
625.327511,0.228571
622.707424,0.226531
620.087336,0.197959
617.467249,0.161224
614.847162,0.144898
612.227074,0.140816
609.606987,0.148980
606.986900,0.157143
604.366812,0.161224
601.746725,0.167347
599.126638,0.167347
596.506550,0.167347
593.886463,0.165306
591.266376,0.157143
588.646288,0.146939
586.026201,0.130612
583.406114,0.112245
580.786026,0.093878
578.165939,0.073469
575.545852,0.057143
572.925764,0.042857
570.305677,0.030612
567.685590,0.022449
565.065502,0.014286
562.445415,0.010204
559.825328,0.006122
557.205240,0.006122
554.585153,0.004082
551.965066,0.004082
549.344978,0.004082
546.724891,0.004082
544.104803,0.002041
541.484716,0.002041
538.864629,0.002041
536.244541,0.002041
533.624454,0.002041
531.004367,0.002041
528.384279,0.002041
525.764192,0.002041
523.144105,0.002041
520.524017,0.002041
517.903930,0.002041
515.283843,0.002041
512.663755,0.002041
510.043668,0.002041
507.423581,0.002041
504.803493,0.002041
502.183406,0.002041
499.563319,0.002041
496.943231,0.002041
494.323144,0.002041
491.703057,0.002041
489.082969,0.002041
486.462882,0.002041
483.842795,0.002041
481.222707,0.002041
478.602620,0.002041
475.982533,0.002041
473.362445,0.002041
470.742358,0.002041
468.122271,0.002041
465.502183,0.002041
462.882096,0.002041
460.262009,0.002041
457.641921,0.002041
455.021834,0.002041
452.401747,0.002041
449.781659,0.002041
447.161572,nan
444.541485,nan
441.921397,nan
439.301310,nan
436.681223,nan
434.061135,nan
431.441048,nan
428.820961,nan
426.200873,nan
423.580786,nan
420.960699,nan
418.340611,nan
415.720524,nan
413.100437,nan
410.480349,nan
407.860262,nan
405.240175,nan
402.620087,nan
400.000000,nan
