4000.000000,0.010204
3997.379913,0.012245
3994.759825,0.010204
3992.139738,0.012245
3989.519651,0.012245
3986.899563,0.012245
3984.279476,0.012245
3981.659389,0.012245
3979.039301,0.012245
3976.419214,0.012245
3973.799127,0.012245
3971.179039,0.012245
3968.558952,0.012245
3965.938865,0.012245
3963.318777,0.012245
3960.698690,0.010204
3958.078603,0.012245
3955.458515,0.012245
3952.838428,0.012245
3950.218341,0.012245
3947.598253,0.010204
3944.978166,0.010204
3942.358079,0.010204
3939.737991,0.010204
3937.117904,0.012245
3934.497817,0.012245
3931.877729,0.012245
3929.257642,0.010204
3926.637555,0.012245
3924.017467,0.012245
3921.397380,0.012245
3918.777293,0.012245
3916.157205,0.012245
3913.537118,0.010204
3910.917031,0.012245
3908.296943,0.012245
3905.676856,0.012245
3903.056769,0.012245
3900.436681,0.012245
3897.816594,0.010204
3895.196507,0.010204
3892.576419,0.010204
3889.956332,0.010204
3887.336245,0.010204
3884.716157,0.010204
3882.096070,0.010204
3879.475983,0.010204
3876.855895,0.008163
3874.235808,0.010204
3871.615721,0.010204
3868.995633,0.010204
3866.375546,0.008163
3863.755459,0.008163
3861.135371,0.008163
3858.515284,0.010204
3855.895197,0.010204
3853.275109,0.010204
3850.655022,0.008163
3848.034934,0.006122
3845.414847,0.010204
3842.794760,0.012245
3840.174672,0.012245
3837.554585,0.010204
3834.934498,0.008163
3832.314410,0.008163
3829.694323,0.010204
3827.074236,0.012245
3824.454148,0.012245
3821.834061,0.012245
3819.213974,0.012245
3816.593886,0.012245
3813.973799,0.010204
3811.353712,0.012245
3808.733624,0.014286
3806.113537,0.014286
3803.493450,0.012245
3800.873362,0.012245
3798.253275,0.010204
3795.633188,0.010204
3793.013100,0.012245
3790.393013,0.014286
3787.772926,0.014286
3785.152838,0.014286
3782.532751,0.014286
3779.912664,0.014286
3777.292576,0.014286
3774.672489,0.012245
3772.052402,0.012245
3769.432314,0.014286
3766.812227,0.014286
3764.192140,0.014286
3761.572052,0.014286
3758.951965,0.014286
3756.331878,0.014286
3753.711790,0.014286
3751.091703,0.014286
3748.471616,0.012245
3745.851528,0.008163
3743.231441,0.008163
3740.611354,0.008163
3737.991266,0.010204
3735.371179,0.012245
3732.751092,0.012245
3730.131004,0.010204
3727.510917,0.012245
3724.890830,0.014286
3722.270742,0.014286
3719.650655,0.014286
3717.030568,0.014286
3714.410480,0.016327
3711.790393,0.016327
3709.170306,0.012245
3706.550218,0.012245
3703.930131,0.012245
3701.310044,0.012245
3698.689956,0.012245
3696.069869,0.014286
3693.449782,0.014286
3690.829694,0.014286
3688.209607,0.012245
3685.589520,0.010204
3682.969432,0.012245
3680.349345,0.014286
3677.729258,0.014286
3675.109170,0.012245
3672.489083,0.010204
3669.868996,0.008163
3667.248908,0.010204
3664.628821,0.014286
3662.008734,0.016327
3659.388646,0.018367
3656.768559,0.018367
3654.148472,0.016327
3651.528384,0.014286
3648.908297,0.014286
3646.288210,0.012245
3643.668122,0.012245
3641.048035,0.014286
3638.427948,0.014286
3635.807860,0.014286
3633.187773,0.014286
3630.567686,0.014286
3627.947598,0.012245
3625.327511,0.010204
3622.707424,0.012245
3620.087336,0.012245
3617.467249,0.012245
3614.847162,0.012245
3612.227074,0.012245
3609.606987,0.012245
3606.986900,0.012245
3604.366812,0.012245
3601.746725,0.014286
3599.126638,0.014286
3596.506550,0.014286
3593.886463,0.014286
3591.266376,0.014286
3588.646288,0.014286
3586.026201,0.014286
3583.406114,0.016327
3580.786026,0.016327
3578.165939,0.016327
3575.545852,0.016327
3572.925764,0.016327
3570.305677,0.016327
3567.685590,0.014286
3565.065502,0.012245
3562.445415,0.014286
3559.825328,0.014286
3557.205240,0.014286
3554.585153,0.014286
3551.965066,0.014286
3549.344978,0.014286
3546.724891,0.014286
3544.104803,0.014286
3541.484716,0.014286
3538.864629,0.014286
3536.244541,0.016327
3533.624454,0.016327
3531.004367,0.016327
3528.384279,0.014286
3525.764192,0.014286
3523.144105,0.014286
3520.524017,0.014286
3517.903930,0.016327
3515.283843,0.016327
3512.663755,0.016327
3510.043668,0.014286
3507.423581,0.014286
3504.803493,0.014286
3502.183406,0.014286
3499.563319,0.014286
3496.943231,0.016327
3494.323144,0.016327
3491.703057,0.016327
3489.082969,0.016327
3486.462882,0.016327
3483.842795,0.016327
3481.222707,0.016327
3478.602620,0.016327
3475.982533,0.016327
3473.362445,0.016327
3470.742358,0.016327
3468.122271,0.016327
3465.502183,0.016327
3462.882096,0.016327
3460.262009,0.016327
3457.641921,0.016327
3455.021834,0.016327
3452.401747,0.016327
3449.781659,0.016327
3447.161572,0.016327
3444.541485,0.016327
3441.921397,0.016327
3439.301310,0.016327
3436.681223,0.016327
3434.061135,0.016327
3431.441048,0.016327
3428.820961,0.016327
3426.200873,0.016327
3423.580786,0.016327
3420.960699,0.016327
3418.340611,0.016327
3415.720524,0.016327
3413.100437,0.018367
3410.480349,0.018367
3407.860262,0.018367
3405.240175,0.018367
3402.620087,0.018367
3400.000000,0.016327
3397.379913,0.016327
3394.759825,0.018367
3392.139738,0.018367
3389.519651,0.016327
3386.899563,0.016327
3384.279476,0.016327
3381.659389,0.016327
3379.039301,0.016327
3376.419214,0.016327
3373.799127,0.016327
3371.179039,0.018367
3368.558952,0.018367
3365.938865,0.016327
3363.318777,0.016327
3360.698690,0.018367
3358.078603,0.018367
3355.458515,0.018367
3352.838428,0.018367
3350.218341,0.018367
3347.598253,0.018367
3344.978166,0.018367
3342.358079,0.018367
3339.737991,0.016327
3337.117904,0.018367
3334.497817,0.018367
3331.877729,0.018367
3329.257642,0.018367
3326.637555,0.018367
3324.017467,0.018367
3321.397380,0.018367
3318.777293,0.018367
3316.157205,0.018367
3313.537118,0.018367
3310.917031,0.018367
3308.296943,0.018367
3305.676856,0.018367
3303.056769,0.018367
3300.436681,0.018367
3297.816594,0.018367
3295.196507,0.018367
3292.576419,0.018367
3289.956332,0.018367
3287.336245,0.018367
3284.716157,0.018367
3282.096070,0.018367
3279.475983,0.018367
3276.855895,0.018367
3274.235808,0.018367
3271.615721,0.018367
3268.995633,0.018367
3266.375546,0.018367
3263.755459,0.018367
3261.135371,0.018367
3258.515284,0.018367
3255.895197,0.018367
3253.275109,0.018367
3250.655022,0.018367
3248.034934,0.018367
3245.414847,0.018367
3242.794760,0.018367
3240.174672,0.018367
3237.554585,0.018367
3234.934498,0.018367
3232.314410,0.018367
3229.694323,0.018367
3227.074236,0.020408
3224.454148,0.020408
3221.834061,0.020408
3219.213974,0.020408
3216.593886,0.020408
3213.973799,0.020408
3211.353712,0.020408
3208.733624,0.020408
3206.113537,0.020408
3203.493450,0.020408
3200.873362,0.020408
3198.253275,0.020408
3195.633188,0.020408
3193.013100,0.020408
3190.393013,0.020408
3187.772926,0.020408
3185.152838,0.020408
3182.532751,0.018367
3179.912664,0.018367
3177.292576,0.018367
3174.672489,0.018367
3172.052402,0.018367
3169.432314,0.020408
3166.812227,0.020408
3164.192140,0.020408
3161.572052,0.020408
3158.951965,0.020408
3156.331878,0.020408
3153.711790,0.020408
3151.091703,0.020408
3148.471616,0.020408
3145.851528,0.022449
3143.231441,0.022449
3140.611354,0.020408
3137.991266,0.020408
3135.371179,0.020408
3132.751092,0.022449
3130.131004,0.022449
3127.510917,0.020408
3124.890830,0.020408
3122.270742,0.020408
3119.650655,0.020408
3117.030568,0.020408
3114.410480,0.020408
3111.790393,0.020408
3109.170306,0.020408
3106.550218,0.020408
3103.930131,0.020408
3101.310044,0.020408
3098.689956,0.020408
3096.069869,0.020408
3093.449782,0.020408
3090.829694,0.020408
3088.209607,0.020408
3085.589520,0.020408
3082.969432,0.020408
3080.349345,0.020408
3077.729258,0.020408
3075.109170,0.020408
3072.489083,0.022449
3069.868996,0.022449
3067.248908,0.022449
3064.628821,0.020408
3062.008734,0.020408
3059.388646,0.020408
3056.768559,0.022449
3054.148472,0.022449
3051.528384,0.022449
3048.908297,0.020408
3046.288210,0.020408
3043.668122,0.020408
3041.048035,0.022449
3038.427948,0.022449
3035.807860,0.022449
3033.187773,0.020408
3030.567686,0.022449
3027.947598,0.022449
3025.327511,0.022449
3022.707424,0.022449
3020.087336,0.022449
3017.467249,0.022449
3014.847162,0.022449
3012.227074,0.022449
3009.606987,0.022449
3006.986900,0.024490
3004.366812,0.024490
3001.746725,0.026531
2999.126638,0.026531
2996.506550,0.028571
2993.886463,0.030612
2991.266376,0.032653
2988.646288,0.036735
2986.026201,0.042857
2983.406114,0.053061
2980.786026,0.067347
2978.165939,0.087755
2975.545852,0.112245
2972.925764,0.128571
2970.305677,0.136735
2967.685590,0.140816
2965.065502,0.142857
2962.445415,0.142857
2959.825328,0.140816
2957.205240,0.130612
2954.585153,0.112245
2951.965066,0.091837
2949.344978,0.073469
2946.724891,0.061224
2944.104803,0.053061
2941.484716,0.046939
2938.864629,0.040816
2936.244541,0.038776
2933.624454,0.036735
2931.004367,0.036735
2928.384279,0.034694
2925.764192,0.034694
2923.144105,0.032653
2920.524017,0.032653
2917.903930,0.032653
2915.283843,0.034694
2912.663755,0.036735
2910.043668,0.040816
2907.423581,0.044898
2904.803493,0.048980
2902.183406,0.048980
2899.563319,0.051020
2896.943231,0.048980
2894.323144,0.044898
2891.703057,0.038776
2889.082969,0.034694
2886.462882,0.032653
2883.842795,0.030612
2881.222707,0.028571
2878.602620,0.026531
2875.982533,0.026531
2873.362445,0.026531
2870.742358,0.026531
2868.122271,0.026531
2865.502183,0.026531
2862.882096,0.026531
2860.262009,0.024490
2857.641921,0.026531
2855.021834,0.024490
2852.401747,0.024490
2849.781659,0.022449
2847.161572,0.022449
2844.541485,0.022449
2841.921397,0.022449
2839.301310,0.022449
2836.681223,0.022449
2834.061135,0.020408
2831.441048,0.022449
2828.820961,0.022449
2826.200873,0.022449
2823.580786,0.022449
2820.960699,0.022449
2818.340611,0.022449
2815.720524,0.022449
2813.100437,0.020408
2810.480349,0.022449
2807.860262,0.022449
2805.240175,0.022449
2802.620087,0.022449
2800.000000,0.022449
2797.379913,0.022449
2794.759825,0.022449
2792.139738,0.024490
2789.519651,0.024490
2786.899563,0.022449
2784.279476,0.022449
2781.659389,0.022449
2779.039301,0.022449
2776.419214,0.020408
2773.799127,0.020408
2771.179039,0.020408
2768.558952,0.020408
2765.938865,0.020408
2763.318777,0.020408
2760.698690,0.020408
2758.078603,0.018367
2755.458515,0.018367
2752.838428,0.018367
2750.218341,0.018367
2747.598253,0.018367
2744.978166,0.018367
2742.358079,0.018367
2739.737991,0.018367
2737.117904,0.018367
2734.497817,0.018367
2731.877729,0.018367
2729.257642,0.018367
2726.637555,0.018367
2724.017467,0.018367
2721.397380,0.018367
2718.777293,0.020408
2716.157205,0.020408
2713.537118,0.018367
2710.917031,0.018367
2708.296943,0.018367
2705.676856,0.018367
2703.056769,0.018367
2700.436681,0.018367
2697.816594,0.018367
2695.196507,0.018367
2692.576419,0.018367
2689.956332,0.018367
2687.336245,0.018367
2684.716157,0.018367
2682.096070,0.018367
2679.475983,0.018367
2676.855895,0.018367
2674.235808,0.018367
2671.615721,0.018367
2668.995633,0.020408
2666.375546,0.020408
2663.755459,0.020408
2661.135371,0.018367
2658.515284,0.018367
2655.895197,0.018367
2653.275109,0.018367
2650.655022,0.018367
2648.034934,0.018367
2645.414847,0.018367
2642.794760,0.018367
2640.174672,0.018367
2637.554585,0.018367
2634.934498,0.018367
2632.314410,0.018367
2629.694323,0.018367
2627.074236,0.018367
2624.454148,0.018367
2621.834061,0.018367
2619.213974,0.018367
2616.593886,0.018367
2613.973799,0.018367
2611.353712,0.018367
2608.733624,0.018367
2606.113537,0.018367
2603.493450,0.018367
2600.873362,0.018367
2598.253275,0.018367
2595.633188,0.018367
2593.013100,0.018367
2590.393013,0.018367
2587.772926,0.018367
2585.152838,0.018367
2582.532751,0.018367
2579.912664,0.018367
2577.292576,0.018367
2574.672489,0.018367
2572.052402,0.018367
2569.432314,0.018367
2566.812227,0.018367
2564.192140,0.018367
2561.572052,0.018367
2558.951965,0.018367
2556.331878,0.018367
2553.711790,0.018367
2551.091703,0.018367
2548.471616,0.018367
2545.851528,0.018367
2543.231441,0.018367
2540.611354,0.018367
2537.991266,0.018367
2535.371179,0.018367
2532.751092,0.018367
2530.131004,0.018367
2527.510917,0.018367
2524.890830,0.018367
2522.270742,0.018367
2519.650655,0.018367
2517.030568,0.018367
2514.410480,0.018367
2511.790393,0.018367
2509.170306,0.018367
2506.550218,0.018367
2503.930131,0.018367
2501.310044,0.020408
2498.689956,0.020408
2496.069869,0.020408
2493.449782,0.020408
2490.829694,0.020408
2488.209607,0.020408
2485.589520,0.018367
2482.969432,0.020408
2480.349345,0.020408
2477.729258,0.018367
2475.109170,0.018367
2472.489083,0.020408
2469.868996,0.020408
2467.248908,0.020408
2464.628821,0.020408
2462.008734,0.020408
2459.388646,0.018367
2456.768559,0.018367
2454.148472,0.018367
2451.528384,0.018367
2448.908297,0.018367
2446.288210,0.018367
2443.668122,0.020408
2441.048035,0.020408
2438.427948,0.018367
2435.807860,0.018367
2433.187773,0.018367
2430.567686,0.018367
2427.947598,0.018367
2425.327511,0.018367
2422.707424,0.018367
2420.087336,0.020408
2417.467249,0.020408
2414.847162,0.018367
2412.227074,0.018367
2409.606987,0.018367
2406.986900,0.018367
2404.366812,0.020408
2401.746725,0.020408
2399.126638,0.018367
2396.506550,0.018367
2393.886463,0.018367
2391.266376,0.018367
2388.646288,0.018367
2386.026201,0.018367
2383.406114,0.018367
2380.786026,0.018367
2378.165939,0.018367
2375.545852,0.018367
2372.925764,0.018367
2370.305677,0.018367
2367.685590,0.018367
2365.065502,0.018367
2362.445415,0.018367
2359.825328,0.018367
2357.205240,0.018367
2354.585153,0.018367
2351.965066,0.018367
2349.344978,0.018367
2346.724891,0.018367
2344.104803,0.018367
2341.484716,0.018367
2338.864629,0.020408
2336.244541,0.020408
2333.624454,0.020408
2331.004367,0.020408
2328.384279,0.020408
2325.764192,0.020408
2323.144105,0.020408
2320.524017,0.020408
2317.903930,0.020408
2315.283843,0.020408
2312.663755,0.020408
2310.043668,0.020408
2307.423581,0.020408
2304.803493,0.020408
2302.183406,0.020408
2299.563319,0.020408
2296.943231,0.020408
2294.323144,0.020408
2291.703057,0.020408
2289.082969,0.020408
2286.462882,0.020408
2283.842795,0.020408
2281.222707,0.020408
2278.602620,0.020408
2275.982533,0.022449
2273.362445,0.022449
2270.742358,0.022449
2268.122271,0.022449
2265.502183,0.022449
2262.882096,0.022449
2260.262009,0.022449
2257.641921,0.022449
2255.021834,0.022449
2252.401747,0.024490
2249.781659,0.022449
2247.161572,0.022449
2244.541485,0.022449
2241.921397,0.024490
2239.301310,0.024490
2236.681223,0.022449
2234.061135,0.022449
2231.441048,0.022449
2228.820961,0.022449
2226.200873,0.022449
2223.580786,0.020408
2220.960699,0.020408
2218.340611,0.020408
2215.720524,0.020408
2213.100437,0.020408
2210.480349,0.020408
2207.860262,0.020408
2205.240175,0.020408
2202.620087,0.020408
2200.000000,0.020408
2197.379913,0.020408
2194.759825,0.018367
2192.139738,0.020408
2189.519651,0.020408
2186.899563,0.020408
2184.279476,0.020408
2181.659389,0.020408
2179.039301,0.020408
2176.419214,0.020408
2173.799127,0.020408
2171.179039,0.020408
2168.558952,0.020408
2165.938865,0.020408
2163.318777,0.020408
2160.698690,0.020408
2158.078603,0.020408
2155.458515,0.020408
2152.838428,0.020408
2150.218341,0.020408
2147.598253,0.020408
2144.978166,0.020408
2142.358079,0.020408
2139.737991,0.020408
2137.117904,0.020408
2134.497817,0.020408
2131.877729,0.020408
2129.257642,0.022449
2126.637555,0.022449
2124.017467,0.022449
2121.397380,0.022449
2118.777293,0.022449
2116.157205,0.022449
2113.537118,0.022449
2110.917031,0.022449
2108.296943,0.022449
2105.676856,0.022449
2103.056769,0.022449
2100.436681,0.022449
2097.816594,0.022449
2095.196507,0.022449
2092.576419,0.022449
2089.956332,0.022449
2087.336245,0.022449
2084.716157,0.022449
2082.096070,0.022449
2079.475983,0.022449
2076.855895,0.020408
2074.235808,0.020408
2071.615721,0.020408
2068.995633,0.020408
2066.375546,0.022449
2063.755459,0.020408
2061.135371,0.020408
2058.515284,0.022449
2055.895197,0.022449
2053.275109,0.022449
2050.655022,0.020408
2048.034934,0.020408
2045.414847,0.020408
2042.794760,0.020408
2040.174672,0.022449
2037.554585,0.022449
2034.934498,0.022449
2032.314410,0.020408
2029.694323,0.022449
2027.074236,0.022449
2024.454148,0.022449
2021.834061,0.022449
2019.213974,0.024490
2016.593886,0.024490
2013.973799,0.024490
2011.353712,0.024490
2008.733624,0.024490
2006.113537,0.022449
2003.493450,0.022449
2000.873362,0.022449
1998.253275,0.022449
1995.633188,0.022449
1993.013100,0.022449
1990.393013,0.022449
1987.772926,0.022449
1985.152838,0.022449
1982.532751,0.020408
1979.912664,0.022449
1977.292576,0.022449
1974.672489,0.022449
1972.052402,0.022449
1969.432314,0.024490
1966.812227,0.024490
1964.192140,0.022449
1961.572052,0.024490
1958.951965,0.024490
1956.331878,0.024490
1953.711790,0.026531
1951.091703,0.024490
1948.471616,0.024490
1945.851528,0.024490
1943.231441,0.024490
1940.611354,0.022449
1937.991266,0.022449
1935.371179,0.022449
1932.751092,0.022449
1930.131004,0.022449
1927.510917,0.022449
1924.890830,0.022449
1922.270742,0.020408
1919.650655,0.020408
1917.030568,0.020408
1914.410480,0.020408
1911.790393,0.022449
1909.170306,0.022449
1906.550218,0.022449
1903.930131,0.022449
1901.310044,0.022449
1898.689956,0.024490
1896.069869,0.024490
1893.449782,0.026531
1890.829694,0.028571
1888.209607,0.028571
1885.589520,0.026531
1882.969432,0.024490
1880.349345,0.024490
1877.729258,0.022449
1875.109170,0.022449
1872.489083,0.022449
1869.868996,0.022449
1867.248908,0.020408
1864.628821,0.020408
1862.008734,0.020408
1859.388646,0.020408
1856.768559,0.020408
1854.148472,0.022449
1851.528384,0.022449
1848.908297,0.022449
1846.288210,0.020408
1843.668122,0.020408
1841.048035,0.020408
1838.427948,0.022449
1835.807860,0.022449
1833.187773,0.022449
1830.567686,0.022449
1827.947598,0.020408
1825.327511,0.020408
1822.707424,0.020408
1820.087336,0.022449
1817.467249,0.022449
1814.847162,0.022449
1812.227074,0.022449
1809.606987,0.020408
1806.986900,0.020408
1804.366812,0.020408
1801.746725,0.020408
1799.126638,0.020408
1796.506550,0.020408
1793.886463,0.020408
1791.266376,0.018367
1788.646288,0.020408
1786.026201,0.020408
1783.406114,0.020408
1780.786026,0.020408
1778.165939,0.022449
1775.545852,0.022449
1772.925764,0.020408
1770.305677,0.018367
1767.685590,0.018367
1765.065502,0.020408
1762.445415,0.020408
1759.825328,0.020408
1757.205240,0.020408
1754.585153,0.020408
1751.965066,0.020408
1749.344978,0.018367
1746.724891,0.020408
1744.104803,0.020408
1741.484716,0.020408
1738.864629,0.020408
1736.244541,0.020408
1733.624454,0.018367
1731.004367,0.018367
1728.384279,0.022449
1725.764192,0.022449
1723.144105,0.022449
1720.524017,0.022449
1717.903930,0.020408
1715.283843,0.016327
1712.663755,0.020408
1710.043668,0.022449
1707.423581,0.022449
1704.803493,0.022449
1702.183406,0.020408
1699.563319,0.018367
1696.943231,0.014286
1694.323144,0.020408
1691.703057,0.022449
1689.082969,0.024490
1686.462882,0.024490
1683.842795,0.022449
1681.222707,0.020408
1678.602620,0.022449
1675.982533,0.022449
1673.362445,0.020408
1670.742358,0.020408
1668.122271,0.020408
1665.502183,0.022449
1662.882096,0.022449
1660.262009,0.022449
1657.641921,0.024490
1655.021834,0.022449
1652.401747,0.020408
1649.781659,0.018367
1647.161572,0.018367
1644.541485,0.020408
1641.921397,0.024490
1639.301310,0.024490
1636.681223,0.024490
1634.061135,0.020408
1631.441048,0.024490
1628.820961,0.024490
1626.200873,0.024490
1623.580786,0.022449
1620.960699,0.022449
1618.340611,0.022449
1615.720524,0.022449
1613.100437,0.024490
1610.480349,0.024490
1607.860262,0.024490
1605.240175,0.024490
1602.620087,0.024490
1600.000000,0.024490
1597.379913,0.024490
1594.759825,0.024490
1592.139738,0.024490
1589.519651,0.024490
1586.899563,0.024490
1584.279476,0.024490
1581.659389,0.024490
1579.039301,0.024490
1576.419214,0.022449
1573.799127,0.020408
1571.179039,0.022449
1568.558952,0.022449
1565.938865,0.022449
1563.318777,0.022449
1560.698690,0.022449
1558.078603,0.018367
1555.458515,0.016327
1552.838428,0.020408
1550.218341,0.022449
1547.598253,0.022449
1544.978166,0.022449
1542.358079,0.020408
1539.737991,0.014286
1537.117904,0.018367
1534.497817,0.018367
1531.877729,0.020408
1529.257642,0.022449
1526.637555,0.020408
1524.017467,0.020408
1521.397380,0.018367
1518.777293,0.016327
1516.157205,0.018367
1513.537118,0.020408
1510.917031,0.020408
1508.296943,0.020408
1505.676856,0.016327
1503.056769,0.022449
1500.436681,0.022449
1497.816594,0.022449
1495.196507,0.020408
1492.576419,0.020408
1489.956332,0.020408
1487.336245,0.018367
1484.716157,0.022449
1482.096070,0.024490
1479.475983,0.024490
1476.855895,0.024490
1474.235808,0.024490
1471.615721,0.026531
1468.995633,0.030612
1466.375546,0.032653
1463.755459,0.032653
1461.135371,0.034694
1458.515284,0.034694
1455.895197,0.032653
1453.275109,0.034694
1450.655022,0.034694
1448.034934,0.034694
1445.414847,0.032653
1442.794760,0.032653
1440.174672,0.032653
1437.554585,0.032653
1434.934498,0.032653
1432.314410,0.034694
1429.694323,0.038776
1427.074236,0.044898
1424.454148,0.048980
1421.834061,0.048980
1419.213974,0.048980
1416.593886,0.055102
1413.973799,0.059184
1411.353712,0.059184
1408.733624,0.059184
1406.113537,0.057143
1403.493450,0.051020
1400.873362,0.046939
1398.253275,0.042857
1395.633188,0.038776
1393.013100,0.036735
1390.393013,0.036735
1387.772926,0.034694
1385.152838,0.032653
1382.532751,0.032653
1379.912664,0.032653
1377.292576,0.030612
1374.672489,0.030612
1372.052402,0.028571
1369.432314,0.028571
1366.812227,0.026531
1364.192140,0.026531
1361.572052,0.024490
1358.951965,0.024490
1356.331878,0.024490
1353.711790,0.024490
1351.091703,0.024490
1348.471616,0.024490
1345.851528,0.024490
1343.231441,0.026531
1340.611354,0.028571
1337.991266,0.030612
1335.371179,0.032653
1332.751092,0.032653
1330.131004,0.032653
1327.510917,0.030612
1324.890830,0.028571
1322.270742,0.026531
1319.650655,0.024490
1317.030568,0.024490
1314.410480,0.022449
1311.790393,0.022449
1309.170306,0.022449
1306.550218,0.024490
1303.930131,0.024490
1301.310044,0.024490
1298.689956,0.024490
1296.069869,0.026531
1293.449782,0.026531
1290.829694,0.030612
1288.209607,0.032653
1285.589520,0.036735
1282.969432,0.042857
1280.349345,0.051020
1277.729258,0.061224
1275.109170,0.067347
1272.489083,0.075510
1269.868996,0.093878
1267.248908,0.126531
1264.628821,0.197959
1262.008734,0.340816
1259.388646,0.510204
1256.768559,0.551020
1254.148472,0.551020
1251.528384,0.495918
1248.908297,0.308163
1246.288210,0.175510
1243.668122,0.110204
1241.048035,0.075510
1238.427948,0.055102
1235.807860,0.044898
1233.187773,0.038776
1230.567686,0.032653
1227.947598,0.028571
1225.327511,0.026531
1222.707424,0.024490
1220.087336,0.024490
1217.467249,0.022449
1214.847162,0.022449
1212.227074,0.022449
1209.606987,0.022449
1206.986900,0.022449
1204.366812,0.022449
1201.746725,0.020408
1199.126638,0.020408
1196.506550,0.020408
1193.886463,0.020408
1191.266376,0.018367
1188.646288,0.020408
1186.026201,0.020408
1183.406114,0.020408
1180.786026,0.020408
1178.165939,0.020408
1175.545852,0.020408
1172.925764,0.020408
1170.305677,0.022449
1167.685590,0.024490
1165.065502,0.024490
1162.445415,0.024490
1159.825328,0.024490
1157.205240,0.024490
1154.585153,0.026531
1151.965066,0.026531
1149.344978,0.026531
1146.724891,0.026531
1144.104803,0.026531
1141.484716,0.026531
1138.864629,0.024490
1136.244541,0.024490
1133.624454,0.024490
1131.004367,0.024490
1128.384279,0.026531
1125.764192,0.026531
1123.144105,0.026531
1120.524017,0.026531
1117.903930,0.026531
1115.283843,0.028571
1112.663755,0.028571
1110.043668,0.028571
1107.423581,0.028571
1104.803493,0.028571
1102.183406,0.028571
1099.563319,0.030612
1096.943231,0.030612
1094.323144,0.030612
1091.703057,0.028571
1089.082969,0.028571
1086.462882,0.028571
1083.842795,0.028571
1081.222707,0.030612
1078.602620,0.030612
1075.982533,0.032653
1073.362445,0.032653
1070.742358,0.034694
1068.122271,0.034694
1065.502183,0.034694
1062.882096,0.034694
1060.262009,0.034694
1057.641921,0.034694
1055.021834,0.034694
1052.401747,0.032653
1049.781659,0.032653
1047.161572,0.030612
1044.541485,0.026531
1041.921397,0.026531
1039.301310,0.026531
1036.681223,0.024490
1034.061135,0.024490
1031.441048,0.024490
1028.820961,0.024490
1026.200873,0.022449
1023.580786,0.022449
1020.960699,0.022449
1018.340611,0.022449
1015.720524,0.020408
1013.100437,0.020408
1010.480349,0.018367
1007.860262,0.018367
1005.240175,0.016327
1002.620087,0.016327
1000.000000,0.016327
997.379913,0.016327
994.759825,0.016327
992.139738,0.016327
989.519651,0.014286
986.899563,0.014286
984.279476,0.014286
981.659389,0.014286
979.039301,0.014286
976.419214,0.014286
973.799127,0.014286
971.179039,0.014286
968.558952,0.014286
965.938865,0.014286
963.318777,0.016327
960.698690,0.016327
958.078603,0.018367
955.458515,0.020408
952.838428,0.022449
950.218341,0.022449
947.598253,0.022449
944.978166,0.024490
942.358079,0.026531
939.737991,0.028571
937.117904,0.028571
934.497817,0.028571
931.877729,0.030612
929.257642,0.030612
926.637555,0.030612
924.017467,0.032653
921.397380,0.034694
918.777293,0.034694
916.157205,0.036735
913.537118,0.038776
910.917031,0.040816
908.296943,0.044898
905.676856,0.046939
903.056769,0.053061
900.436681,0.059184
897.816594,0.065306
895.196507,0.073469
892.576419,0.081633
889.956332,0.091837
887.336245,0.104082
884.716157,0.118367
882.096070,0.132653
879.475983,0.151020
876.855895,0.175510
874.235808,0.206122
871.615721,0.244898
868.995633,0.300000
866.375546,0.373469
863.755459,0.465306
861.135371,0.585714
858.515284,0.722449
855.895197,0.867347
853.275109,0.971429
850.655022,0.997959
848.034934,1.000000
845.414847,0.991837
842.794760,0.928571
840.174672,0.808163
837.554585,0.661224
834.934498,0.534694
832.314410,0.430612
829.694323,0.336735
827.074236,0.271429
824.454148,0.218367
821.834061,0.175510
819.213974,0.140816
816.593886,0.112245
813.973799,0.087755
811.353712,0.075510
808.733624,0.063265
806.113537,0.053061
803.493450,0.046939
800.873362,0.042857
798.253275,0.038776
795.633188,0.036735
793.013100,0.032653
790.393013,0.032653
787.772926,0.034694
785.152838,0.034694
782.532751,0.038776
779.912664,0.042857
777.292576,0.048980
774.672489,0.061224
772.052402,0.079592
769.432314,0.116327
766.812227,0.175510
764.192140,0.228571
761.572052,0.238776
758.951965,0.236735
756.331878,0.218367
753.711790,0.151020
751.091703,0.100000
748.471616,0.069388
745.851528,0.053061
743.231441,0.042857
740.611354,0.038776
737.991266,0.036735
735.371179,0.034694
732.751092,0.034694
730.131004,0.036735
727.510917,0.038776
724.890830,0.038776
722.270742,0.040816
719.650655,0.044898
717.030568,0.048980
714.410480,0.053061
711.790393,0.057143
709.170306,0.059184
706.550218,0.063265
703.930131,0.071429
701.310044,0.077551
698.689956,0.079592
696.069869,0.079592
693.449782,0.075510
690.829694,0.065306
688.209607,0.059184
685.589520,0.055102
682.969432,0.057143
680.349345,0.057143
677.729258,0.059184
675.109170,0.063265
672.489083,0.065306
669.868996,0.065306
667.248908,0.069388
664.628821,0.075510
662.008734,0.083673
659.388646,0.089796
656.768559,0.093878
654.148472,0.102041
651.528384,0.110204
648.908297,0.116327
646.288210,0.144898
643.668122,0.202041
641.048035,0.293878
638.427948,0.348980
635.807860,0.348980
633.187773,0.344898
630.567686,0.271429
627.947598,0.200000
625.327511,0.173469
622.707424,0.165306
620.087336,0.171429
617.467249,0.175510
614.847162,0.181633
612.227074,0.189796
609.606987,0.193878
606.986900,0.208163
604.366812,0.220408
601.746725,0.228571
599.126638,0.230612
596.506550,0.228571
593.886463,0.226531
591.266376,0.216327
588.646288,0.202041
586.026201,0.177551
583.406114,0.153061
580.786026,0.128571
578.165939,0.102041
575.545852,0.077551
572.925764,0.059184
570.305677,0.040816
567.685590,0.028571
565.065502,0.020408
562.445415,0.014286
559.825328,0.008163
557.205240,0.006122
554.585153,0.004082
551.965066,0.004082
549.344978,0.004082
546.724891,0.002041
544.104803,0.002041
541.484716,0.002041
538.864629,0.002041
536.244541,0.002041
533.624454,0.002041
531.004367,0.002041
528.384279,0.002041
525.764192,0.002041
523.144105,0.002041
520.524017,0.002041
517.903930,0.002041
515.283843,0.002041
512.663755,0.002041
510.043668,0.002041
507.423581,0.002041
504.803493,0.002041
502.183406,0.002041
499.563319,0.002041
496.943231,0.002041
494.323144,0.002041
491.703057,0.002041
489.082969,0.002041
486.462882,0.002041
483.842795,0.002041
481.222707,0.002041
478.602620,0.002041
475.982533,0.002041
473.362445,0.002041
470.742358,0.002041
468.122271,0.002041
465.502183,0.002041
462.882096,0.002041
460.262009,0.002041
457.641921,0.002041
455.021834,0.002041
452.401747,0.002041
449.781659,0.002041
447.161572,nan
444.541485,nan
441.921397,nan
439.301310,nan
436.681223,nan
434.061135,nan
431.441048,nan
428.820961,nan
426.200873,nan
423.580786,nan
420.960699,nan
418.340611,nan
415.720524,nan
413.100437,nan
410.480349,nan
407.860262,nan
405.240175,nan
402.620087,nan
400.000000,nan
