4000.000000,0.012245
3997.379913,0.012245
3994.759825,0.012245
3992.139738,0.012245
3989.519651,0.012245
3986.899563,0.012245
3984.279476,0.012245
3981.659389,0.012245
3979.039301,0.012245
3976.419214,0.012245
3973.799127,0.012245
3971.179039,0.012245
3968.558952,0.012245
3965.938865,0.012245
3963.318777,0.012245
3960.698690,0.012245
3958.078603,0.012245
3955.458515,0.012245
3952.838428,0.012245
3950.218341,0.012245
3947.598253,0.012245
3944.978166,0.012245
3942.358079,0.012245
3939.737991,0.012245
3937.117904,0.012245
3934.497817,0.012245
3931.877729,0.012245
3929.257642,0.012245
3926.637555,0.012245
3924.017467,0.012245
3921.397380,0.012245
3918.777293,0.012245
3916.157205,0.012245
3913.537118,0.012245
3910.917031,0.010204
3908.296943,0.012245
3905.676856,0.012245
3903.056769,0.012245
3900.436681,0.012245
3897.816594,0.010204
3895.196507,0.010204
3892.576419,0.010204
3889.956332,0.012245
3887.336245,0.012245
3884.716157,0.010204
3882.096070,0.010204
3879.475983,0.010204
3876.855895,0.010204
3874.235808,0.010204
3871.615721,0.010204
3868.995633,0.010204
3866.375546,0.010204
3863.755459,0.010204
3861.135371,0.010204
3858.515284,0.010204
3855.895197,0.010204
3853.275109,0.012245
3850.655022,0.012245
3848.034934,0.010204
3845.414847,0.010204
3842.794760,0.012245
3840.174672,0.012245
3837.554585,0.012245
3834.934498,0.012245
3832.314410,0.012245
3829.694323,0.012245
3827.074236,0.012245
3824.454148,0.012245
3821.834061,0.012245
3819.213974,0.012245
3816.593886,0.012245
3813.973799,0.012245
3811.353712,0.012245
3808.733624,0.012245
3806.113537,0.012245
3803.493450,0.012245
3800.873362,0.012245
3798.253275,0.012245
3795.633188,0.012245
3793.013100,0.012245
3790.393013,0.012245
3787.772926,0.012245
3785.152838,0.012245
3782.532751,0.012245
3779.912664,0.012245
3777.292576,0.012245
3774.672489,0.012245
3772.052402,0.012245
3769.432314,0.012245
3766.812227,0.012245
3764.192140,0.014286
3761.572052,0.014286
3758.951965,0.014286
3756.331878,0.014286
3753.711790,0.014286
3751.091703,0.014286
3748.471616,0.014286
3745.851528,0.012245
3743.231441,0.012245
3740.611354,0.012245
3737.991266,0.012245
3735.371179,0.012245
3732.751092,0.012245
3730.131004,0.012245
3727.510917,0.012245
3724.890830,0.012245
3722.270742,0.012245
3719.650655,0.012245
3717.030568,0.012245
3714.410480,0.012245
3711.790393,0.012245
3709.170306,0.012245
3706.550218,0.012245
3703.930131,0.012245
3701.310044,0.012245
3698.689956,0.012245
3696.069869,0.012245
3693.449782,0.012245
3690.829694,0.012245
3688.209607,0.012245
3685.589520,0.012245
3682.969432,0.012245
3680.349345,0.012245
3677.729258,0.012245
3675.109170,0.014286
3672.489083,0.014286
3669.868996,0.012245
3667.248908,0.012245
3664.628821,0.012245
3662.008734,0.014286
3659.388646,0.014286
3656.768559,0.014286
3654.148472,0.014286
3651.528384,0.014286
3648.908297,0.014286
3646.288210,0.014286
3643.668122,0.012245
3641.048035,0.014286
3638.427948,0.014286
3635.807860,0.014286
3633.187773,0.014286
3630.567686,0.014286
3627.947598,0.014286
3625.327511,0.014286
3622.707424,0.014286
3620.087336,0.014286
3617.467249,0.014286
3614.847162,0.014286
3612.227074,0.014286
3609.606987,0.014286
3606.986900,0.014286
3604.366812,0.014286
3601.746725,0.014286
3599.126638,0.014286
3596.506550,0.016327
3593.886463,0.016327
3591.266376,0.016327
3588.646288,0.016327
3586.026201,0.016327
3583.406114,0.016327
3580.786026,0.016327
3578.165939,0.016327
3575.545852,0.016327
3572.925764,0.016327
3570.305677,0.016327
3567.685590,0.016327
3565.065502,0.016327
3562.445415,0.016327
3559.825328,0.016327
3557.205240,0.016327
3554.585153,0.018367
3551.965066,0.018367
3549.344978,0.016327
3546.724891,0.016327
3544.104803,0.016327
3541.484716,0.016327
3538.864629,0.016327
3536.244541,0.016327
3533.624454,0.016327
3531.004367,0.016327
3528.384279,0.016327
3525.764192,0.016327
3523.144105,0.016327
3520.524017,0.016327
3517.903930,0.016327
3515.283843,0.016327
3512.663755,0.016327
3510.043668,0.016327
3507.423581,0.016327
3504.803493,0.018367
3502.183406,0.018367
3499.563319,0.018367
3496.943231,0.018367
3494.323144,0.018367
3491.703057,0.018367
3489.082969,0.016327
3486.462882,0.016327
3483.842795,0.016327
3481.222707,0.018367
3478.602620,0.018367
3475.982533,0.016327
3473.362445,0.016327
3470.742358,0.016327
3468.122271,0.018367
3465.502183,0.018367
3462.882096,0.016327
3460.262009,0.018367
3457.641921,0.018367
3455.021834,0.018367
3452.401747,0.018367
3449.781659,0.018367
3447.161572,0.018367
3444.541485,0.018367
3441.921397,0.020408
3439.301310,0.020408
3436.681223,0.020408
3434.061135,0.022449
3431.441048,0.024490
3428.820961,0.024490
3426.200873,0.024490
3423.580786,0.024490
3420.960699,0.024490
3418.340611,0.024490
3415.720524,0.024490
3413.100437,0.022449
3410.480349,0.022449
3407.860262,0.022449
3405.240175,0.020408
3402.620087,0.020408
3400.000000,0.020408
3397.379913,0.020408
3394.759825,0.020408
3392.139738,0.020408
3389.519651,0.020408
3386.899563,0.020408
3384.279476,0.020408
3381.659389,0.020408
3379.039301,0.020408
3376.419214,0.020408
3373.799127,0.020408
3371.179039,0.020408
3368.558952,0.020408
3365.938865,0.020408
3363.318777,0.020408
3360.698690,0.020408
3358.078603,0.020408
3355.458515,0.020408
3352.838428,0.020408
3350.218341,0.020408
3347.598253,0.020408
3344.978166,0.020408
3342.358079,0.020408
3339.737991,0.020408
3337.117904,0.020408
3334.497817,0.020408
3331.877729,0.020408
3329.257642,0.020408
3326.637555,0.020408
3324.017467,0.020408
3321.397380,0.020408
3318.777293,0.020408
3316.157205,0.020408
3313.537118,0.020408
3310.917031,0.020408
3308.296943,0.020408
3305.676856,0.020408
3303.056769,0.018367
3300.436681,0.020408
3297.816594,0.020408
3295.196507,0.020408
3292.576419,0.020408
3289.956332,0.018367
3287.336245,0.018367
3284.716157,0.018367
3282.096070,0.018367
3279.475983,0.018367
3276.855895,0.018367
3274.235808,0.018367
3271.615721,0.018367
3268.995633,0.018367
3266.375546,0.020408
3263.755459,0.020408
3261.135371,0.020408
3258.515284,0.020408
3255.895197,0.020408
3253.275109,0.020408
3250.655022,0.020408
3248.034934,0.020408
3245.414847,0.020408
3242.794760,0.020408
3240.174672,0.020408
3237.554585,0.020408
3234.934498,0.020408
3232.314410,0.018367
3229.694323,0.018367
3227.074236,0.018367
3224.454148,0.018367
3221.834061,0.018367
3219.213974,0.018367
3216.593886,0.018367
3213.973799,0.018367
3211.353712,0.018367
3208.733624,0.018367
3206.113537,0.018367
3203.493450,0.018367
3200.873362,0.018367
3198.253275,0.018367
3195.633188,0.018367
3193.013100,0.018367
3190.393013,0.018367
3187.772926,0.020408
3185.152838,0.020408
3182.532751,0.020408
3179.912664,0.018367
3177.292576,0.018367
3174.672489,0.018367
3172.052402,0.018367
3169.432314,0.018367
3166.812227,0.018367
3164.192140,0.018367
3161.572052,0.018367
3158.951965,0.018367
3156.331878,0.018367
3153.711790,0.018367
3151.091703,0.018367
3148.471616,0.018367
3145.851528,0.018367
3143.231441,0.018367
3140.611354,0.018367
3137.991266,0.018367
3135.371179,0.018367
3132.751092,0.018367
3130.131004,0.018367
3127.510917,0.018367
3124.890830,0.018367
3122.270742,0.020408
3119.650655,0.020408
3117.030568,0.020408
3114.410480,0.020408
3111.790393,0.020408
3109.170306,0.020408
3106.550218,0.020408
3103.930131,0.020408
3101.310044,0.020408
3098.689956,0.020408
3096.069869,0.020408
3093.449782,0.020408
3090.829694,0.020408
3088.209607,0.020408
3085.589520,0.020408
3082.969432,0.022449
3080.349345,0.020408
3077.729258,0.020408
3075.109170,0.022449
3072.489083,0.022449
3069.868996,0.022449
3067.248908,0.022449
3064.628821,0.022449
3062.008734,0.022449
3059.388646,0.022449
3056.768559,0.022449
3054.148472,0.022449
3051.528384,0.022449
3048.908297,0.022449
3046.288210,0.022449
3043.668122,0.022449
3041.048035,0.024490
3038.427948,0.024490
3035.807860,0.024490
3033.187773,0.026531
3030.567686,0.026531
3027.947598,0.028571
3025.327511,0.028571
3022.707424,0.030612
3020.087336,0.030612
3017.467249,0.030612
3014.847162,0.030612
3012.227074,0.030612
3009.606987,0.028571
3006.986900,0.028571
3004.366812,0.028571
3001.746725,0.030612
2999.126638,0.030612
2996.506550,0.032653
2993.886463,0.034694
2991.266376,0.038776
2988.646288,0.044898
2986.026201,0.051020
2983.406114,0.061224
2980.786026,0.071429
2978.165939,0.079592
2975.545852,0.087755
2972.925764,0.095918
2970.305677,0.106122
2967.685590,0.118367
2965.065502,0.126531
2962.445415,0.130612
2959.825328,0.130612
2957.205240,0.128571
2954.585153,0.120408
2951.965066,0.106122
2949.344978,0.089796
2946.724891,0.073469
2944.104803,0.063265
2941.484716,0.055102
2938.864629,0.051020
2936.244541,0.048980
2933.624454,0.044898
2931.004367,0.042857
2928.384279,0.038776
2925.764192,0.036735
2923.144105,0.036735
2920.524017,0.034694
2917.903930,0.034694
2915.283843,0.036735
2912.663755,0.040816
2910.043668,0.046939
2907.423581,0.051020
2904.803493,0.053061
2902.183406,0.053061
2899.563319,0.051020
2896.943231,0.048980
2894.323144,0.042857
2891.703057,0.036735
2889.082969,0.032653
2886.462882,0.028571
2883.842795,0.026531
2881.222707,0.024490
2878.602620,0.024490
2875.982533,0.022449
2873.362445,0.022449
2870.742358,0.022449
2868.122271,0.022449
2865.502183,0.020408
2862.882096,0.020408
2860.262009,0.020408
2857.641921,0.020408
2855.021834,0.018367
2852.401747,0.018367
2849.781659,0.018367
2847.161572,0.018367
2844.541485,0.016327
2841.921397,0.016327
2839.301310,0.016327
2836.681223,0.014286
2834.061135,0.014286
2831.441048,0.014286
2828.820961,0.014286
2826.200873,0.014286
2823.580786,0.014286
2820.960699,0.014286
2818.340611,0.014286
2815.720524,0.014286
2813.100437,0.012245
2810.480349,0.014286
2807.860262,0.012245
2805.240175,0.014286
2802.620087,0.012245
2800.000000,0.012245
2797.379913,0.012245
2794.759825,0.012245
2792.139738,0.012245
2789.519651,0.012245
2786.899563,0.012245
2784.279476,0.012245
2781.659389,0.012245
2779.039301,0.010204
2776.419214,0.010204
2773.799127,0.010204
2771.179039,0.010204
2768.558952,0.010204
2765.938865,0.008163
2763.318777,0.008163
2760.698690,0.008163
2758.078603,0.008163
2755.458515,0.008163
2752.838428,0.008163
2750.218341,0.008163
2747.598253,0.008163
2744.978166,0.008163
2742.358079,0.008163
2739.737991,0.008163
2737.117904,0.008163
2734.497817,0.008163
2731.877729,0.008163
2729.257642,0.008163
2726.637555,0.006122
2724.017467,0.008163
2721.397380,0.008163
2718.777293,0.008163
2716.157205,0.006122
2713.537118,0.006122
2710.917031,0.008163
2708.296943,0.008163
2705.676856,0.008163
2703.056769,0.006122
2700.436681,0.006122
2697.816594,0.006122
2695.196507,0.006122
2692.576419,0.006122
2689.956332,0.008163
2687.336245,0.008163
2684.716157,0.006122
2682.096070,0.008163
2679.475983,0.008163
2676.855895,0.008163
2674.235808,0.008163
2671.615721,0.008163
2668.995633,0.008163
2666.375546,0.008163
2663.755459,0.008163
2661.135371,0.008163
2658.515284,0.008163
2655.895197,0.008163
2653.275109,0.008163
2650.655022,0.008163
2648.034934,0.008163
2645.414847,0.008163
2642.794760,0.008163
2640.174672,0.008163
2637.554585,0.008163
2634.934498,0.008163
2632.314410,0.008163
2629.694323,0.008163
2627.074236,0.008163
2624.454148,0.008163
2621.834061,0.006122
2619.213974,0.006122
2616.593886,0.006122
2613.973799,0.006122
2611.353712,0.006122
2608.733624,0.006122
2606.113537,0.006122
2603.493450,0.006122
2600.873362,0.006122
2598.253275,0.006122
2595.633188,0.006122
2593.013100,0.006122
2590.393013,0.006122
2587.772926,0.006122
2585.152838,0.006122
2582.532751,0.006122
2579.912664,0.006122
2577.292576,0.006122
2574.672489,0.006122
2572.052402,0.006122
2569.432314,0.006122
2566.812227,0.006122
2564.192140,0.006122
2561.572052,0.006122
2558.951965,0.006122
2556.331878,0.006122
2553.711790,0.006122
2551.091703,0.006122
2548.471616,0.004082
2545.851528,0.004082
2543.231441,0.004082
2540.611354,0.006122
2537.991266,0.004082
2535.371179,0.006122
2532.751092,0.006122
2530.131004,0.006122
2527.510917,0.006122
2524.890830,0.006122
2522.270742,0.006122
2519.650655,0.006122
2517.030568,0.006122
2514.410480,0.006122
2511.790393,0.006122
2509.170306,0.006122
2506.550218,0.006122
2503.930131,0.006122
2501.310044,0.008163
2498.689956,0.008163
2496.069869,0.008163
2493.449782,0.008163
2490.829694,0.008163
2488.209607,0.008163
2485.589520,0.006122
2482.969432,0.006122
2480.349345,0.006122
2477.729258,0.006122
2475.109170,0.006122
2472.489083,0.006122
2469.868996,0.006122
2467.248908,0.004082
2464.628821,0.004082
2462.008734,0.004082
2459.388646,0.004082
2456.768559,0.004082
2454.148472,0.004082
2451.528384,0.004082
2448.908297,0.004082
2446.288210,0.004082
2443.668122,0.004082
2441.048035,0.004082
2438.427948,0.004082
2435.807860,0.004082
2433.187773,0.004082
2430.567686,0.004082
2427.947598,0.004082
2425.327511,0.004082
2422.707424,0.004082
2420.087336,0.004082
2417.467249,0.004082
2414.847162,0.004082
2412.227074,0.004082
2409.606987,0.006122
2406.986900,0.006122
2404.366812,0.004082
2401.746725,0.004082
2399.126638,0.004082
2396.506550,0.004082
2393.886463,0.006122
2391.266376,0.004082
2388.646288,0.004082
2386.026201,0.004082
2383.406114,0.004082
2380.786026,0.004082
2378.165939,0.004082
2375.545852,0.004082
2372.925764,0.004082
2370.305677,0.004082
2367.685590,0.004082
2365.065502,0.004082
2362.445415,0.004082
2359.825328,0.004082
2357.205240,0.004082
2354.585153,0.004082
2351.965066,0.004082
2349.344978,0.004082
2346.724891,0.004082
2344.104803,0.004082
2341.484716,0.004082
2338.864629,0.004082
2336.244541,0.004082
2333.624454,0.004082
2331.004367,0.004082
2328.384279,0.004082
2325.764192,0.004082
2323.144105,0.004082
2320.524017,0.004082
2317.903930,0.004082
2315.283843,0.004082
2312.663755,0.006122
2310.043668,0.006122
2307.423581,0.006122
2304.803493,0.006122
2302.183406,0.006122
2299.563319,0.006122
2296.943231,0.006122
2294.323144,0.006122
2291.703057,0.006122
2289.082969,0.006122
2286.462882,0.006122
2283.842795,0.006122
2281.222707,0.006122
2278.602620,0.006122
2275.982533,0.006122
2273.362445,0.006122
2270.742358,0.006122
2268.122271,0.006122
2265.502183,0.006122
2262.882096,0.006122
2260.262009,0.004082
2257.641921,0.004082
2255.021834,0.004082
2252.401747,0.004082
2249.781659,0.004082
2247.161572,0.004082
2244.541485,0.004082
2241.921397,0.004082
2239.301310,0.004082
2236.681223,0.004082
2234.061135,0.004082
2231.441048,0.004082
2228.820961,0.004082
2226.200873,0.004082
2223.580786,0.004082
2220.960699,0.004082
2218.340611,0.004082
2215.720524,0.004082
2213.100437,0.004082
2210.480349,0.006122
2207.860262,0.006122
2205.240175,0.006122
2202.620087,0.006122
2200.000000,0.006122
2197.379913,0.006122
2194.759825,0.006122
2192.139738,0.006122
2189.519651,0.008163
2186.899563,0.008163
2184.279476,0.008163
2181.659389,0.008163
2179.039301,0.008163
2176.419214,0.008163
2173.799127,0.006122
2171.179039,0.006122
2168.558952,0.006122
2165.938865,0.004082
2163.318777,0.004082
2160.698690,0.004082
2158.078603,0.004082
2155.458515,0.004082
2152.838428,0.004082
2150.218341,0.004082
2147.598253,0.004082
2144.978166,0.004082
2142.358079,0.004082
2139.737991,0.004082
2137.117904,0.004082
2134.497817,0.004082
2131.877729,0.004082
2129.257642,0.004082
2126.637555,0.004082
2124.017467,0.004082
2121.397380,0.004082
2118.777293,0.004082
2116.157205,0.006122
2113.537118,0.006122
2110.917031,0.006122
2108.296943,0.006122
2105.676856,0.006122
2103.056769,0.006122
2100.436681,0.006122
2097.816594,0.004082
2095.196507,0.004082
2092.576419,0.004082
2089.956332,0.004082
2087.336245,0.004082
2084.716157,0.004082
2082.096070,0.004082
2079.475983,0.004082
2076.855895,0.004082
2074.235808,0.004082
2071.615721,0.004082
2068.995633,0.004082
2066.375546,0.002041
2063.755459,0.002041
2061.135371,0.002041
2058.515284,0.004082
2055.895197,0.004082
2053.275109,0.002041
2050.655022,0.002041
2048.034934,0.002041
2045.414847,0.002041
2042.794760,0.004082
2040.174672,0.004082
2037.554585,0.004082
2034.934498,0.004082
2032.314410,0.004082
2029.694323,0.004082
2027.074236,0.004082
2024.454148,0.004082
2021.834061,0.004082
2019.213974,0.006122
2016.593886,0.006122
2013.973799,0.006122
2011.353712,0.006122
2008.733624,0.006122
2006.113537,0.006122
2003.493450,0.006122
2000.873362,0.006122
1998.253275,0.006122
1995.633188,0.006122
1993.013100,0.006122
1990.393013,0.006122
1987.772926,0.006122
1985.152838,0.008163
1982.532751,0.008163
1979.912664,0.008163
1977.292576,0.008163
1974.672489,0.008163
1972.052402,0.008163
1969.432314,0.008163
1966.812227,0.008163
1964.192140,0.008163
1961.572052,0.008163
1958.951965,0.010204
1956.331878,0.010204
1953.711790,0.010204
1951.091703,0.010204
1948.471616,0.010204
1945.851528,0.010204
1943.231441,0.008163
1940.611354,0.008163
1937.991266,0.006122
1935.371179,0.006122
1932.751092,0.006122
1930.131004,0.004082
1927.510917,0.004082
1924.890830,0.004082
1922.270742,0.004082
1919.650655,0.004082
1917.030568,0.004082
1914.410480,0.004082
1911.790393,0.004082
1909.170306,0.004082
1906.550218,0.004082
1903.930131,0.004082
1901.310044,0.004082
1898.689956,0.004082
1896.069869,0.006122
1893.449782,0.006122
1890.829694,0.006122
1888.209607,0.006122
1885.589520,0.006122
1882.969432,0.006122
1880.349345,0.006122
1877.729258,0.008163
1875.109170,0.008163
1872.489083,0.010204
1869.868996,0.010204
1867.248908,0.010204
1864.628821,0.010204
1862.008734,0.010204
1859.388646,0.010204
1856.768559,0.010204
1854.148472,0.010204
1851.528384,0.010204
1848.908297,0.010204
1846.288210,0.010204
1843.668122,0.010204
1841.048035,0.010204
1838.427948,0.012245
1835.807860,0.012245
1833.187773,0.010204
1830.567686,0.010204
1827.947598,0.008163
1825.327511,0.008163
1822.707424,0.008163
1820.087336,0.008163
1817.467249,0.008163
1814.847162,0.008163
1812.227074,0.010204
1809.606987,0.010204
1806.986900,0.010204
1804.366812,0.012245
1801.746725,0.012245
1799.126638,0.012245
1796.506550,0.014286
1793.886463,0.014286
1791.266376,0.016327
1788.646288,0.018367
1786.026201,0.018367
1783.406114,0.020408
1780.786026,0.020408
1778.165939,0.022449
1775.545852,0.024490
1772.925764,0.024490
1770.305677,0.028571
1767.685590,0.032653
1765.065502,0.038776
1762.445415,0.046939
1759.825328,0.055102
1757.205240,0.061224
1754.585153,0.065306
1751.965066,0.069388
1749.344978,0.075510
1746.724891,0.089796
1744.104803,0.110204
1741.484716,0.144898
1738.864629,0.195918
1736.244541,0.281633
1733.624454,0.436735
1731.004367,0.638776
1728.384279,0.834694
1725.764192,0.918367
1723.144105,0.918367
1720.524017,0.912245
1717.903930,0.808163
1715.283843,0.626531
1712.663755,0.428571
1710.043668,0.302041
1707.423581,0.224490
1704.803493,0.179592
1702.183406,0.146939
1699.563319,0.126531
1696.943231,0.106122
1694.323144,0.087755
1691.703057,0.075510
1689.082969,0.065306
1686.462882,0.057143
1683.842795,0.051020
1681.222707,0.046939
1678.602620,0.042857
1675.982533,0.038776
1673.362445,0.034694
1670.742358,0.028571
1668.122271,0.026531
1665.502183,0.026531
1662.882096,0.026531
1660.262009,0.028571
1657.641921,0.028571
1655.021834,0.030612
1652.401747,0.028571
1649.781659,0.026531
1647.161572,0.028571
1644.541485,0.028571
1641.921397,0.026531
1639.301310,0.024490
1636.681223,0.022449
1634.061135,0.020408
1631.441048,0.016327
1628.820961,0.016327
1626.200873,0.014286
1623.580786,0.014286
1620.960699,0.012245
1618.340611,0.012245
1615.720524,0.010204
1613.100437,0.010204
1610.480349,0.012245
1607.860262,0.010204
1605.240175,0.010204
1602.620087,0.010204
1600.000000,0.010204
1597.379913,0.010204
1594.759825,0.010204
1592.139738,0.010204
1589.519651,0.010204
1586.899563,0.010204
1584.279476,0.010204
1581.659389,0.012245
1579.039301,0.012245
1576.419214,0.012245
1573.799127,0.012245
1571.179039,0.012245
1568.558952,0.012245
1565.938865,0.012245
1563.318777,0.010204
1560.698690,0.010204
1558.078603,0.010204
1555.458515,0.008163
1552.838428,0.010204
1550.218341,0.010204
1547.598253,0.010204
1544.978166,0.010204
1542.358079,0.010204
1539.737991,0.010204
1537.117904,0.010204
1534.497817,0.012245
1531.877729,0.012245
1529.257642,0.014286
1526.637555,0.014286
1524.017467,0.014286
1521.397380,0.014286
1518.777293,0.012245
1516.157205,0.012245
1513.537118,0.012245
1510.917031,0.012245
1508.296943,0.012245
1505.676856,0.012245
1503.056769,0.012245
1500.436681,0.014286
1497.816594,0.014286
1495.196507,0.014286
1492.576419,0.014286
1489.956332,0.014286
1487.336245,0.016327
1484.716157,0.018367
1482.096070,0.020408
1479.475983,0.020408
1476.855895,0.022449
1474.235808,0.024490
1471.615721,0.026531
1468.995633,0.030612
1466.375546,0.032653
1463.755459,0.034694
1461.135371,0.036735
1458.515284,0.038776
1455.895197,0.040816
1453.275109,0.044898
1450.655022,0.046939
1448.034934,0.051020
1445.414847,0.057143
1442.794760,0.061224
1440.174672,0.067347
1437.554585,0.073469
1434.934498,0.077551
1432.314410,0.079592
1429.694323,0.081633
1427.074236,0.083673
1424.454148,0.083673
1421.834061,0.083673
1419.213974,0.081633
1416.593886,0.075510
1413.973799,0.073469
1411.353712,0.071429
1408.733624,0.067347
1406.113537,0.063265
1403.493450,0.061224
1400.873362,0.057143
1398.253275,0.059184
1395.633188,0.063265
1393.013100,0.067347
1390.393013,0.077551
1387.772926,0.091837
1385.152838,0.114286
1382.532751,0.155102
1379.912664,0.220408
1377.292576,0.310204
1374.672489,0.397959
1372.052402,0.420408
1369.432314,0.418367
1366.812227,0.400000
1364.192140,0.306122
1361.572052,0.204082
1358.951965,0.130612
1356.331878,0.091837
1353.711790,0.069388
1351.091703,0.055102
1348.471616,0.044898
1345.851528,0.038776
1343.231441,0.034694
1340.611354,0.034694
1337.991266,0.034694
1335.371179,0.034694
1332.751092,0.036735
1330.131004,0.036735
1327.510917,0.036735
1324.890830,0.038776
1322.270742,0.042857
1319.650655,0.046939
1317.030568,0.053061
1314.410480,0.059184
1311.790393,0.065306
1309.170306,0.071429
1306.550218,0.077551
1303.930131,0.085714
1301.310044,0.095918
1298.689956,0.108163
1296.069869,0.124490
1293.449782,0.140816
1290.829694,0.163265
1288.209607,0.193878
1285.589520,0.230612
1282.969432,0.283673
1280.349345,0.367347
1277.729258,0.475510
1275.109170,0.608163
1272.489083,0.746939
1269.868996,0.844898
1267.248908,0.869388
1264.628821,0.871429
1262.008734,0.865306
1259.388646,0.875510
1256.768559,0.961224
1254.148472,1.000000
1251.528384,1.000000
1248.908297,0.987755
1246.288210,0.863265
1243.668122,0.667347
1241.048035,0.471429
1238.427948,0.332653
1235.807860,0.236735
1233.187773,0.175510
1230.567686,0.140816
1227.947598,0.120408
1225.327511,0.106122
1222.707424,0.093878
1220.087336,0.081633
1217.467249,0.069388
1214.847162,0.057143
1212.227074,0.046939
1209.606987,0.040816
1206.986900,0.034694
1204.366812,0.032653
1201.746725,0.030612
1199.126638,0.028571
1196.506550,0.026531
1193.886463,0.024490
1191.266376,0.022449
1188.646288,0.018367
1186.026201,0.016327
1183.406114,0.014286
1180.786026,0.014286
1178.165939,0.014286
1175.545852,0.014286
1172.925764,0.014286
1170.305677,0.014286
1167.685590,0.014286
1165.065502,0.014286
1162.445415,0.014286
1159.825328,0.014286
1157.205240,0.014286
1154.585153,0.014286
1151.965066,0.014286
1149.344978,0.014286
1146.724891,0.014286
1144.104803,0.014286
1141.484716,0.012245
1138.864629,0.014286
1136.244541,0.014286
1133.624454,0.014286
1131.004367,0.014286
1128.384279,0.014286
1125.764192,0.014286
1123.144105,0.016327
1120.524017,0.016327
1117.903930,0.016327
1115.283843,0.018367
1112.663755,0.018367
1110.043668,0.020408
1107.423581,0.022449
1104.803493,0.022449
1102.183406,0.024490
1099.563319,0.024490
1096.943231,0.024490
1094.323144,0.024490
1091.703057,0.024490
1089.082969,0.024490
1086.462882,0.026531
1083.842795,0.028571
1081.222707,0.030612
1078.602620,0.030612
1075.982533,0.032653
1073.362445,0.032653
1070.742358,0.034694
1068.122271,0.036735
1065.502183,0.036735
1062.882096,0.040816
1060.262009,0.044898
1057.641921,0.051020
1055.021834,0.057143
1052.401747,0.065306
1049.781659,0.067347
1047.161572,0.067347
1044.541485,0.065306
1041.921397,0.061224
1039.301310,0.057143
1036.681223,0.063265
1034.061135,0.075510
1031.441048,0.095918
1028.820961,0.130612
1026.200873,0.175510
1023.580786,0.222449
1020.960699,0.244898
1018.340611,0.244898
1015.720524,0.244898
1013.100437,0.214286
1010.480349,0.165306
1007.860262,0.120408
1005.240175,0.085714
1002.620087,0.065306
1000.000000,0.053061
997.379913,0.042857
994.759825,0.036735
992.139738,0.030612
989.519651,0.026531
986.899563,0.024490
984.279476,0.024490
981.659389,0.022449
979.039301,0.020408
976.419214,0.022449
973.799127,0.022449
971.179039,0.024490
968.558952,0.028571
965.938865,0.030612
963.318777,0.034694
960.698690,0.040816
958.078603,0.048980
955.458515,0.063265
952.838428,0.087755
950.218341,0.124490
947.598253,0.181633
944.978166,0.277551
942.358079,0.391837
939.737991,0.461224
937.117904,0.461224
934.497817,0.459184
931.877729,0.397959
929.257642,0.285714
926.637555,0.193878
924.017467,0.136735
921.397380,0.102041
918.777293,0.081633
916.157205,0.069388
913.537118,0.061224
910.917031,0.055102
908.296943,0.053061
905.676856,0.057143
903.056769,0.061224
900.436681,0.065306
897.816594,0.069388
895.196507,0.075510
892.576419,0.081633
889.956332,0.089796
887.336245,0.100000
884.716157,0.114286
882.096070,0.134694
879.475983,0.157143
876.855895,0.191837
874.235808,0.232653
871.615721,0.285714
868.995633,0.361224
866.375546,0.442857
863.755459,0.540816
861.135371,0.651020
858.515284,0.751020
855.895197,0.826531
853.275109,0.857143
850.655022,0.859184
848.034934,0.857143
845.414847,0.814286
842.794760,0.708163
840.174672,0.583673
837.554585,0.459184
834.934498,0.361224
832.314410,0.285714
829.694323,0.222449
827.074236,0.179592
824.454148,0.144898
821.834061,0.116327
819.213974,0.097959
816.593886,0.081633
813.973799,0.069388
811.353712,0.059184
808.733624,0.051020
806.113537,0.044898
803.493450,0.040816
800.873362,0.036735
798.253275,0.036735
795.633188,0.034694
793.013100,0.032653
790.393013,0.034694
787.772926,0.036735
785.152838,0.042857
782.532751,0.048980
779.912664,0.059184
777.292576,0.077551
774.672489,0.104082
772.052402,0.140816
769.432314,0.179592
766.812227,0.206122
764.192140,0.208163
761.572052,0.206122
758.951965,0.187755
756.331878,0.142857
753.711790,0.097959
751.091703,0.069388
748.471616,0.053061
745.851528,0.042857
743.231441,0.036735
740.611354,0.038776
737.991266,0.044898
735.371179,0.055102
732.751092,0.073469
730.131004,0.104082
727.510917,0.140816
724.890830,0.169388
722.270742,0.173469
719.650655,0.173469
717.030568,0.165306
714.410480,0.138776
711.790393,0.106122
709.170306,0.079592
706.550218,0.063265
703.930131,0.053061
701.310044,0.053061
698.689956,0.053061
696.069869,0.053061
693.449782,0.046939
690.829694,0.038776
688.209607,0.026531
685.589520,0.018367
682.969432,0.014286
680.349345,0.010204
677.729258,0.008163
675.109170,0.006122
672.489083,0.004082
669.868996,0.004082
667.248908,0.004082
664.628821,0.004082
662.008734,0.004082
659.388646,0.004082
656.768559,0.004082
654.148472,0.004082
651.528384,0.004082
648.908297,0.006122
646.288210,0.008163
643.668122,0.010204
641.048035,0.012245
638.427948,0.010204
635.807860,0.010204
633.187773,0.010204
630.567686,0.010204
627.947598,0.010204
625.327511,0.012245
622.707424,0.012245
620.087336,0.014286
617.467249,0.016327
614.847162,0.018367
612.227074,0.020408
609.606987,0.026531
606.986900,0.034694
604.366812,0.048980
601.746725,0.057143
599.126638,0.059184
596.506550,0.057143
593.886463,0.057143
591.266376,0.055102
588.646288,0.051020
586.026201,0.044898
583.406114,0.038776
580.786026,0.032653
578.165939,0.026531
575.545852,0.020408
572.925764,0.016327
570.305677,0.012245
567.685590,0.008163
565.065502,0.006122
562.445415,0.004082
559.825328,0.004082
557.205240,0.004082
554.585153,0.002041
551.965066,0.002041
549.344978,0.002041
546.724891,0.002041
544.104803,0.002041
541.484716,0.002041
538.864629,0.002041
536.244541,0.002041
533.624454,0.002041
531.004367,0.002041
528.384279,0.002041
525.764192,0.002041
523.144105,0.002041
520.524017,0.002041
517.903930,0.002041
515.283843,0.002041
512.663755,0.002041
510.043668,0.002041
507.423581,0.002041
504.803493,0.002041
502.183406,0.002041
499.563319,0.002041
496.943231,0.002041
494.323144,0.002041
491.703057,0.002041
489.082969,0.002041
486.462882,0.002041
483.842795,0.002041
481.222707,0.002041
478.602620,0.002041
475.982533,0.002041
473.362445,0.002041
470.742358,0.002041
468.122271,0.002041
465.502183,0.002041
462.882096,0.002041
460.262009,0.002041
457.641921,0.002041
455.021834,0.002041
452.401747,0.002041
449.781659,0.002041
447.161572,nan
444.541485,nan
441.921397,nan
439.301310,nan
436.681223,nan
434.061135,nan
431.441048,nan
428.820961,nan
426.200873,nan
423.580786,nan
420.960699,nan
418.340611,nan
415.720524,nan
413.100437,nan
410.480349,nan
407.860262,nan
405.240175,nan
402.620087,nan
400.000000,nan
