4000.000000,0.012245
3997.379913,0.012245
3994.759825,0.012245
3992.139738,0.012245
3989.519651,0.014286
3986.899563,0.012245
3984.279476,0.012245
3981.659389,0.012245
3979.039301,0.012245
3976.419214,0.012245
3973.799127,0.012245
3971.179039,0.012245
3968.558952,0.012245
3965.938865,0.012245
3963.318777,0.012245
3960.698690,0.012245
3958.078603,0.012245
3955.458515,0.014286
3952.838428,0.014286
3950.218341,0.014286
3947.598253,0.014286
3944.978166,0.012245
3942.358079,0.012245
3939.737991,0.012245
3937.117904,0.012245
3934.497817,0.012245
3931.877729,0.012245
3929.257642,0.012245
3926.637555,0.012245
3924.017467,0.012245
3921.397380,0.012245
3918.777293,0.014286
3916.157205,0.014286
3913.537118,0.012245
3910.917031,0.012245
3908.296943,0.014286
3905.676856,0.014286
3903.056769,0.014286
3900.436681,0.014286
3897.816594,0.014286
3895.196507,0.012245
3892.576419,0.012245
3889.956332,0.012245
3887.336245,0.012245
3884.716157,0.012245
3882.096070,0.012245
3879.475983,0.012245
3876.855895,0.012245
3874.235808,0.012245
3871.615721,0.012245
3868.995633,0.012245
3866.375546,0.012245
3863.755459,0.012245
3861.135371,0.012245
3858.515284,0.012245
3855.895197,0.012245
3853.275109,0.014286
3850.655022,0.014286
3848.034934,0.014286
3845.414847,0.012245
3842.794760,0.014286
3840.174672,0.014286
3837.554585,0.014286
3834.934498,0.014286
3832.314410,0.012245
3829.694323,0.012245
3827.074236,0.014286
3824.454148,0.014286
3821.834061,0.016327
3819.213974,0.016327
3816.593886,0.016327
3813.973799,0.014286
3811.353712,0.012245
3808.733624,0.014286
3806.113537,0.014286
3803.493450,0.014286
3800.873362,0.014286
3798.253275,0.014286
3795.633188,0.012245
3793.013100,0.012245
3790.393013,0.012245
3787.772926,0.014286
3785.152838,0.014286
3782.532751,0.014286
3779.912664,0.014286
3777.292576,0.014286
3774.672489,0.014286
3772.052402,0.014286
3769.432314,0.014286
3766.812227,0.014286
3764.192140,0.014286
3761.572052,0.014286
3758.951965,0.016327
3756.331878,0.016327
3753.711790,0.016327
3751.091703,0.018367
3748.471616,0.018367
3745.851528,0.016327
3743.231441,0.014286
3740.611354,0.014286
3737.991266,0.012245
3735.371179,0.014286
3732.751092,0.014286
3730.131004,0.014286
3727.510917,0.012245
3724.890830,0.014286
3722.270742,0.014286
3719.650655,0.014286
3717.030568,0.012245
3714.410480,0.014286
3711.790393,0.014286
3709.170306,0.014286
3706.550218,0.014286
3703.930131,0.012245
3701.310044,0.012245
3698.689956,0.012245
3696.069869,0.012245
3693.449782,0.012245
3690.829694,0.014286
3688.209607,0.014286
3685.589520,0.012245
3682.969432,0.012245
3680.349345,0.012245
3677.729258,0.014286
3675.109170,0.014286
3672.489083,0.014286
3669.868996,0.012245
3667.248908,0.012245
3664.628821,0.012245
3662.008734,0.014286
3659.388646,0.014286
3656.768559,0.014286
3654.148472,0.014286
3651.528384,0.014286
3648.908297,0.014286
3646.288210,0.014286
3643.668122,0.012245
3641.048035,0.012245
3638.427948,0.014286
3635.807860,0.014286
3633.187773,0.014286
3630.567686,0.014286
3627.947598,0.014286
3625.327511,0.014286
3622.707424,0.012245
3620.087336,0.014286
3617.467249,0.014286
3614.847162,0.014286
3612.227074,0.014286
3609.606987,0.014286
3606.986900,0.014286
3604.366812,0.014286
3601.746725,0.014286
3599.126638,0.016327
3596.506550,0.016327
3593.886463,0.016327
3591.266376,0.016327
3588.646288,0.016327
3586.026201,0.016327
3583.406114,0.016327
3580.786026,0.014286
3578.165939,0.016327
3575.545852,0.016327
3572.925764,0.016327
3570.305677,0.016327
3567.685590,0.016327
3565.065502,0.016327
3562.445415,0.016327
3559.825328,0.016327
3557.205240,0.016327
3554.585153,0.016327
3551.965066,0.016327
3549.344978,0.016327
3546.724891,0.016327
3544.104803,0.016327
3541.484716,0.016327
3538.864629,0.016327
3536.244541,0.016327
3533.624454,0.018367
3531.004367,0.018367
3528.384279,0.018367
3525.764192,0.018367
3523.144105,0.018367
3520.524017,0.018367
3517.903930,0.018367
3515.283843,0.018367
3512.663755,0.018367
3510.043668,0.018367
3507.423581,0.018367
3504.803493,0.020408
3502.183406,0.020408
3499.563319,0.020408
3496.943231,0.020408
3494.323144,0.020408
3491.703057,0.020408
3489.082969,0.020408
3486.462882,0.020408
3483.842795,0.022449
3481.222707,0.022449
3478.602620,0.022449
3475.982533,0.022449
3473.362445,0.022449
3470.742358,0.022449
3468.122271,0.024490
3465.502183,0.024490
3462.882096,0.024490
3460.262009,0.024490
3457.641921,0.026531
3455.021834,0.026531
3452.401747,0.026531
3449.781659,0.026531
3447.161572,0.026531
3444.541485,0.026531
3441.921397,0.026531
3439.301310,0.026531
3436.681223,0.028571
3434.061135,0.028571
3431.441048,0.028571
3428.820961,0.028571
3426.200873,0.030612
3423.580786,0.030612
3420.960699,0.030612
3418.340611,0.030612
3415.720524,0.030612
3413.100437,0.032653
3410.480349,0.032653
3407.860262,0.032653
3405.240175,0.032653
3402.620087,0.032653
3400.000000,0.032653
3397.379913,0.032653
3394.759825,0.032653
3392.139738,0.032653
3389.519651,0.032653
3386.899563,0.032653
3384.279476,0.032653
3381.659389,0.032653
3379.039301,0.034694
3376.419214,0.034694
3373.799127,0.034694
3371.179039,0.034694
3368.558952,0.034694
3365.938865,0.034694
3363.318777,0.036735
3360.698690,0.036735
3358.078603,0.036735
3355.458515,0.036735
3352.838428,0.036735
3350.218341,0.038776
3347.598253,0.038776
3344.978166,0.038776
3342.358079,0.038776
3339.737991,0.038776
3337.117904,0.040816
3334.497817,0.040816
3331.877729,0.040816
3329.257642,0.040816
3326.637555,0.042857
3324.017467,0.042857
3321.397380,0.042857
3318.777293,0.042857
3316.157205,0.042857
3313.537118,0.042857
3310.917031,0.042857
3308.296943,0.042857
3305.676856,0.042857
3303.056769,0.044898
3300.436681,0.044898
3297.816594,0.044898
3295.196507,0.044898
3292.576419,0.044898
3289.956332,0.044898
3287.336245,0.044898
3284.716157,0.044898
3282.096070,0.046939
3279.475983,0.046939
3276.855895,0.046939
3274.235808,0.046939
3271.615721,0.046939
3268.995633,0.046939
3266.375546,0.046939
3263.755459,0.046939
3261.135371,0.046939
3258.515284,0.046939
3255.895197,0.046939
3253.275109,0.046939
3250.655022,0.046939
3248.034934,0.048980
3245.414847,0.046939
3242.794760,0.046939
3240.174672,0.046939
3237.554585,0.048980
3234.934498,0.048980
3232.314410,0.046939
3229.694323,0.046939
3227.074236,0.048980
3224.454148,0.046939
3221.834061,0.046939
3219.213974,0.046939
3216.593886,0.046939
3213.973799,0.046939
3211.353712,0.048980
3208.733624,0.048980
3206.113537,0.048980
3203.493450,0.046939
3200.873362,0.048980
3198.253275,0.046939
3195.633188,0.046939
3193.013100,0.046939
3190.393013,0.046939
3187.772926,0.048980
3185.152838,0.048980
3182.532751,0.046939
3179.912664,0.046939
3177.292576,0.046939
3174.672489,0.046939
3172.052402,0.046939
3169.432314,0.046939
3166.812227,0.046939
3164.192140,0.046939
3161.572052,0.046939
3158.951965,0.046939
3156.331878,0.046939
3153.711790,0.046939
3151.091703,0.044898
3148.471616,0.044898
3145.851528,0.044898
3143.231441,0.044898
3140.611354,0.044898
3137.991266,0.046939
3135.371179,0.046939
3132.751092,0.046939
3130.131004,0.046939
3127.510917,0.044898
3124.890830,0.046939
3122.270742,0.046939
3119.650655,0.046939
3117.030568,0.046939
3114.410480,0.046939
3111.790393,0.046939
3109.170306,0.046939
3106.550218,0.046939
3103.930131,0.046939
3101.310044,0.046939
3098.689956,0.046939
3096.069869,0.046939
3093.449782,0.046939
3090.829694,0.046939
3088.209607,0.046939
3085.589520,0.046939
3082.969432,0.044898
3080.349345,0.044898
3077.729258,0.044898
3075.109170,0.044898
3072.489083,0.046939
3069.868996,0.046939
3067.248908,0.046939
3064.628821,0.046939
3062.008734,0.048980
3059.388646,0.048980
3056.768559,0.048980
3054.148472,0.051020
3051.528384,0.051020
3048.908297,0.051020
3046.288210,0.051020
3043.668122,0.051020
3041.048035,0.051020
3038.427948,0.051020
3035.807860,0.051020
3033.187773,0.051020
3030.567686,0.051020
3027.947598,0.053061
3025.327511,0.053061
3022.707424,0.053061
3020.087336,0.055102
3017.467249,0.055102
3014.847162,0.053061
3012.227074,0.053061
3009.606987,0.051020
3006.986900,0.051020
3004.366812,0.048980
3001.746725,0.048980
2999.126638,0.048980
2996.506550,0.051020
2993.886463,0.053061
2991.266376,0.057143
2988.646288,0.061224
2986.026201,0.067347
2983.406114,0.075510
2980.786026,0.085714
2978.165939,0.095918
2975.545852,0.106122
2972.925764,0.116327
2970.305677,0.128571
2967.685590,0.138776
2965.065502,0.146939
2962.445415,0.151020
2959.825328,0.151020
2957.205240,0.151020
2954.585153,0.140816
2951.965066,0.124490
2949.344978,0.106122
2946.724891,0.087755
2944.104803,0.075510
2941.484716,0.065306
2938.864629,0.059184
2936.244541,0.055102
2933.624454,0.051020
2931.004367,0.048980
2928.384279,0.046939
2925.764192,0.046939
2923.144105,0.044898
2920.524017,0.044898
2917.903930,0.044898
2915.283843,0.044898
2912.663755,0.046939
2910.043668,0.051020
2907.423581,0.057143
2904.803493,0.059184
2902.183406,0.059184
2899.563319,0.059184
2896.943231,0.057143
2894.323144,0.053061
2891.703057,0.046939
2889.082969,0.042857
2886.462882,0.038776
2883.842795,0.036735
2881.222707,0.034694
2878.602620,0.034694
2875.982533,0.032653
2873.362445,0.032653
2870.742358,0.030612
2868.122271,0.030612
2865.502183,0.028571
2862.882096,0.028571
2860.262009,0.028571
2857.641921,0.026531
2855.021834,0.026531
2852.401747,0.026531
2849.781659,0.026531
2847.161572,0.026531
2844.541485,0.024490
2841.921397,0.024490
2839.301310,0.024490
2836.681223,0.024490
2834.061135,0.024490
2831.441048,0.022449
2828.820961,0.022449
2826.200873,0.022449
2823.580786,0.022449
2820.960699,0.022449
2818.340611,0.022449
2815.720524,0.022449
2813.100437,0.022449
2810.480349,0.022449
2807.860262,0.022449
2805.240175,0.020408
2802.620087,0.020408
2800.000000,0.020408
2797.379913,0.020408
2794.759825,0.020408
2792.139738,0.020408
2789.519651,0.020408
2786.899563,0.020408
2784.279476,0.020408
2781.659389,0.018367
2779.039301,0.018367
2776.419214,0.018367
2773.799127,0.018367
2771.179039,0.016327
2768.558952,0.016327
2765.938865,0.016327
2763.318777,0.016327
2760.698690,0.016327
2758.078603,0.016327
2755.458515,0.014286
2752.838428,0.014286
2750.218341,0.014286
2747.598253,0.014286
2744.978166,0.014286
2742.358079,0.014286
2739.737991,0.014286
2737.117904,0.014286
2734.497817,0.014286
2731.877729,0.014286
2729.257642,0.014286
2726.637555,0.012245
2724.017467,0.012245
2721.397380,0.014286
2718.777293,0.014286
2716.157205,0.014286
2713.537118,0.014286
2710.917031,0.014286
2708.296943,0.014286
2705.676856,0.014286
2703.056769,0.014286
2700.436681,0.014286
2697.816594,0.014286
2695.196507,0.014286
2692.576419,0.014286
2689.956332,0.014286
2687.336245,0.014286
2684.716157,0.014286
2682.096070,0.016327
2679.475983,0.016327
2676.855895,0.016327
2674.235808,0.016327
2671.615721,0.016327
2668.995633,0.016327
2666.375546,0.016327
2663.755459,0.016327
2661.135371,0.016327
2658.515284,0.016327
2655.895197,0.016327
2653.275109,0.014286
2650.655022,0.014286
2648.034934,0.014286
2645.414847,0.014286
2642.794760,0.014286
2640.174672,0.014286
2637.554585,0.014286
2634.934498,0.014286
2632.314410,0.014286
2629.694323,0.014286
2627.074236,0.012245
2624.454148,0.014286
2621.834061,0.014286
2619.213974,0.012245
2616.593886,0.012245
2613.973799,0.012245
2611.353712,0.012245
2608.733624,0.012245
2606.113537,0.012245
2603.493450,0.012245
2600.873362,0.012245
2598.253275,0.012245
2595.633188,0.012245
2593.013100,0.012245
2590.393013,0.012245
2587.772926,0.012245
2585.152838,0.012245
2582.532751,0.012245
2579.912664,0.012245
2577.292576,0.012245
2574.672489,0.012245
2572.052402,0.012245
2569.432314,0.012245
2566.812227,0.012245
2564.192140,0.012245
2561.572052,0.012245
2558.951965,0.012245
2556.331878,0.012245
2553.711790,0.012245
2551.091703,0.012245
2548.471616,0.012245
2545.851528,0.012245
2543.231441,0.010204
2540.611354,0.010204
2537.991266,0.010204
2535.371179,0.010204
2532.751092,0.010204
2530.131004,0.010204
2527.510917,0.010204
2524.890830,0.010204
2522.270742,0.010204
2519.650655,0.010204
2517.030568,0.010204
2514.410480,0.010204
2511.790393,0.010204
2509.170306,0.010204
2506.550218,0.010204
2503.930131,0.010204
2501.310044,0.012245
2498.689956,0.012245
2496.069869,0.012245
2493.449782,0.010204
2490.829694,0.010204
2488.209607,0.010204
2485.589520,0.010204
2482.969432,0.010204
2480.349345,0.010204
2477.729258,0.010204
2475.109170,0.010204
2472.489083,0.010204
2469.868996,0.010204
2467.248908,0.010204
2464.628821,0.010204
2462.008734,0.010204
2459.388646,0.010204
2456.768559,0.010204
2454.148472,0.010204
2451.528384,0.010204
2448.908297,0.010204
2446.288210,0.010204
2443.668122,0.010204
2441.048035,0.010204
2438.427948,0.008163
2435.807860,0.008163
2433.187773,0.008163
2430.567686,0.008163
2427.947598,0.008163
2425.327511,0.008163
2422.707424,0.008163
2420.087336,0.008163
2417.467249,0.008163
2414.847162,0.008163
2412.227074,0.008163
2409.606987,0.008163
2406.986900,0.008163
2404.366812,0.008163
2401.746725,0.008163
2399.126638,0.008163
2396.506550,0.008163
2393.886463,0.008163
2391.266376,0.006122
2388.646288,0.006122
2386.026201,0.006122
2383.406114,0.006122
2380.786026,0.006122
2378.165939,0.006122
2375.545852,0.006122
2372.925764,0.006122
2370.305677,0.006122
2367.685590,0.006122
2365.065502,0.006122
2362.445415,0.004082
2359.825328,0.004082
2357.205240,0.004082
2354.585153,0.004082
2351.965066,0.002041
2349.344978,0.004082
2346.724891,0.006122
2344.104803,0.006122
2341.484716,0.006122
2338.864629,0.006122
2336.244541,0.006122
2333.624454,0.006122
2331.004367,0.006122
2328.384279,0.004082
2325.764192,0.004082
2323.144105,0.004082
2320.524017,0.004082
2317.903930,0.004082
2315.283843,0.006122
2312.663755,0.006122
2310.043668,0.006122
2307.423581,0.006122
2304.803493,0.006122
2302.183406,0.006122
2299.563319,0.006122
2296.943231,0.006122
2294.323144,0.006122
2291.703057,0.006122
2289.082969,0.006122
2286.462882,0.006122
2283.842795,0.006122
2281.222707,0.006122
2278.602620,0.006122
2275.982533,0.006122
2273.362445,0.006122
2270.742358,0.006122
2268.122271,0.006122
2265.502183,0.006122
2262.882096,0.006122
2260.262009,0.006122
2257.641921,0.006122
2255.021834,0.006122
2252.401747,0.006122
2249.781659,0.006122
2247.161572,0.008163
2244.541485,0.008163
2241.921397,0.008163
2239.301310,0.008163
2236.681223,0.008163
2234.061135,0.008163
2231.441048,0.008163
2228.820961,0.008163
2226.200873,0.008163
2223.580786,0.008163
2220.960699,0.006122
2218.340611,0.006122
2215.720524,0.006122
2213.100437,0.006122
2210.480349,0.006122
2207.860262,0.006122
2205.240175,0.006122
2202.620087,0.004082
2200.000000,0.004082
2197.379913,0.004082
2194.759825,0.004082
2192.139738,0.004082
2189.519651,0.004082
2186.899563,0.004082
2184.279476,0.004082
2181.659389,0.004082
2179.039301,0.004082
2176.419214,0.004082
2173.799127,0.004082
2171.179039,0.004082
2168.558952,0.004082
2165.938865,0.004082
2163.318777,0.004082
2160.698690,0.004082
2158.078603,0.004082
2155.458515,0.004082
2152.838428,0.004082
2150.218341,0.004082
2147.598253,0.004082
2144.978166,0.004082
2142.358079,0.004082
2139.737991,0.004082
2137.117904,0.006122
2134.497817,0.006122
2131.877729,0.006122
2129.257642,0.006122
2126.637555,0.006122
2124.017467,0.006122
2121.397380,0.008163
2118.777293,0.008163
2116.157205,0.008163
2113.537118,0.008163
2110.917031,0.008163
2108.296943,0.008163
2105.676856,0.008163
2103.056769,0.006122
2100.436681,0.006122
2097.816594,0.006122
2095.196507,0.006122
2092.576419,0.006122
2089.956332,0.006122
2087.336245,0.006122
2084.716157,0.006122
2082.096070,0.006122
2079.475983,0.006122
2076.855895,0.006122
2074.235808,0.006122
2071.615721,0.006122
2068.995633,0.006122
2066.375546,0.006122
2063.755459,0.006122
2061.135371,0.006122
2058.515284,0.006122
2055.895197,0.006122
2053.275109,0.006122
2050.655022,0.006122
2048.034934,0.006122
2045.414847,0.006122
2042.794760,0.006122
2040.174672,0.006122
2037.554585,0.006122
2034.934498,0.006122
2032.314410,0.006122
2029.694323,0.006122
2027.074236,0.006122
2024.454148,0.006122
2021.834061,0.006122
2019.213974,0.008163
2016.593886,0.008163
2013.973799,0.006122
2011.353712,0.006122
2008.733624,0.006122
2006.113537,0.006122
2003.493450,0.006122
2000.873362,0.006122
1998.253275,0.006122
1995.633188,0.006122
1993.013100,0.006122
1990.393013,0.006122
1987.772926,0.006122
1985.152838,0.006122
1982.532751,0.006122
1979.912664,0.006122
1977.292576,0.006122
1974.672489,0.006122
1972.052402,0.006122
1969.432314,0.006122
1966.812227,0.006122
1964.192140,0.006122
1961.572052,0.008163
1958.951965,0.008163
1956.331878,0.008163
1953.711790,0.008163
1951.091703,0.008163
1948.471616,0.008163
1945.851528,0.008163
1943.231441,0.006122
1940.611354,0.006122
1937.991266,0.006122
1935.371179,0.006122
1932.751092,0.006122
1930.131004,0.006122
1927.510917,0.006122
1924.890830,0.006122
1922.270742,0.006122
1919.650655,0.006122
1917.030568,0.006122
1914.410480,0.006122
1911.790393,0.006122
1909.170306,0.006122
1906.550218,0.008163
1903.930131,0.008163
1901.310044,0.008163
1898.689956,0.008163
1896.069869,0.008163
1893.449782,0.008163
1890.829694,0.008163
1888.209607,0.008163
1885.589520,0.008163
1882.969432,0.008163
1880.349345,0.008163
1877.729258,0.008163
1875.109170,0.008163
1872.489083,0.008163
1869.868996,0.008163
1867.248908,0.008163
1864.628821,0.008163
1862.008734,0.008163
1859.388646,0.010204
1856.768559,0.010204
1854.148472,0.010204
1851.528384,0.010204
1848.908297,0.010204
1846.288210,0.010204
1843.668122,0.010204
1841.048035,0.008163
1838.427948,0.008163
1835.807860,0.010204
1833.187773,0.010204
1830.567686,0.010204
1827.947598,0.010204
1825.327511,0.010204
1822.707424,0.010204
1820.087336,0.012245
1817.467249,0.012245
1814.847162,0.012245
1812.227074,0.014286
1809.606987,0.014286
1806.986900,0.016327
1804.366812,0.018367
1801.746725,0.018367
1799.126638,0.020408
1796.506550,0.022449
1793.886463,0.024490
1791.266376,0.028571
1788.646288,0.034694
1786.026201,0.038776
1783.406114,0.044898
1780.786026,0.048980
1778.165939,0.051020
1775.545852,0.053061
1772.925764,0.053061
1770.305677,0.053061
1767.685590,0.055102
1765.065502,0.061224
1762.445415,0.067347
1759.825328,0.079592
1757.205240,0.100000
1754.585153,0.124490
1751.965066,0.167347
1749.344978,0.230612
1746.724891,0.308163
1744.104803,0.383673
1741.484716,0.432653
1738.864629,0.440816
1736.244541,0.440816
1733.624454,0.438776
1731.004367,0.420408
1728.384279,0.457143
1725.764192,0.516327
1723.144105,0.559184
1720.524017,0.575510
1717.903930,0.575510
1715.283843,0.573469
1712.663755,0.542857
1710.043668,0.495918
1707.423581,0.434694
1704.803493,0.363265
1702.183406,0.283673
1699.563319,0.226531
1696.943231,0.179592
1694.323144,0.142857
1691.703057,0.122449
1689.082969,0.108163
1686.462882,0.100000
1683.842795,0.091837
1681.222707,0.083673
1678.602620,0.073469
1675.982533,0.069388
1673.362445,0.065306
1670.742358,0.057143
1668.122271,0.053061
1665.502183,0.046939
1662.882096,0.040816
1660.262009,0.038776
1657.641921,0.032653
1655.021834,0.030612
1652.401747,0.030612
1649.781659,0.024490
1647.161572,0.022449
1644.541485,0.020408
1641.921397,0.018367
1639.301310,0.018367
1636.681223,0.018367
1634.061135,0.016327
1631.441048,0.014286
1628.820961,0.014286
1626.200873,0.014286
1623.580786,0.014286
1620.960699,0.014286
1618.340611,0.014286
1615.720524,0.014286
1613.100437,0.012245
1610.480349,0.012245
1607.860262,0.012245
1605.240175,0.012245
1602.620087,0.012245
1600.000000,0.012245
1597.379913,0.012245
1594.759825,0.012245
1592.139738,0.010204
1589.519651,0.010204
1586.899563,0.010204
1584.279476,0.008163
1581.659389,0.008163
1579.039301,0.010204
1576.419214,0.010204
1573.799127,0.008163
1571.179039,0.008163
1568.558952,0.008163
1565.938865,0.008163
1563.318777,0.008163
1560.698690,0.010204
1558.078603,0.008163
1555.458515,0.006122
1552.838428,0.008163
1550.218341,0.008163
1547.598253,0.008163
1544.978166,0.008163
1542.358079,0.008163
1539.737991,0.008163
1537.117904,0.006122
1534.497817,0.008163
1531.877729,0.008163
1529.257642,0.008163
1526.637555,0.008163
1524.017467,0.008163
1521.397380,0.008163
1518.777293,0.008163
1516.157205,0.008163
1513.537118,0.008163
1510.917031,0.008163
1508.296943,0.010204
1505.676856,0.008163
1503.056769,0.008163
1500.436681,0.010204
1497.816594,0.010204
1495.196507,0.010204
1492.576419,0.010204
1489.956332,0.012245
1487.336245,0.012245
1484.716157,0.014286
1482.096070,0.016327
1479.475983,0.018367
1476.855895,0.020408
1474.235808,0.022449
1471.615721,0.022449
1468.995633,0.026531
1466.375546,0.028571
1463.755459,0.028571
1461.135371,0.030612
1458.515284,0.032653
1455.895197,0.032653
1453.275109,0.034694
1450.655022,0.036735
1448.034934,0.038776
1445.414847,0.042857
1442.794760,0.048980
1440.174672,0.055102
1437.554585,0.063265
1434.934498,0.073469
1432.314410,0.091837
1429.694323,0.110204
1427.074236,0.126531
1424.454148,0.134694
1421.834061,0.136735
1419.213974,0.136735
1416.593886,0.132653
1413.973799,0.126531
1411.353712,0.126531
1408.733624,0.130612
1406.113537,0.132653
1403.493450,0.132653
1400.873362,0.130612
1398.253275,0.120408
1395.633188,0.104082
1393.013100,0.085714
1390.393013,0.069388
1387.772926,0.057143
1385.152838,0.051020
1382.532751,0.046939
1379.912664,0.044898
1377.292576,0.046939
1374.672489,0.046939
1372.052402,0.048980
1369.432314,0.051020
1366.812227,0.055102
1364.192140,0.057143
1361.572052,0.063265
1358.951965,0.067347
1356.331878,0.075510
1353.711790,0.085714
1351.091703,0.095918
1348.471616,0.106122
1345.851528,0.118367
1343.231441,0.126531
1340.611354,0.134694
1337.991266,0.142857
1335.371179,0.153061
1332.751092,0.173469
1330.131004,0.202041
1327.510917,0.242857
1324.890830,0.293878
1322.270742,0.348980
1319.650655,0.395918
1317.030568,0.432653
1314.410480,0.457143
1311.790393,0.483673
1309.170306,0.518367
1306.550218,0.565306
1303.930131,0.620408
1301.310044,0.663265
1298.689956,0.679592
1296.069869,0.679592
1293.449782,0.675510
1290.829694,0.628571
1288.209607,0.544898
1285.589520,0.448980
1282.969432,0.355102
1280.349345,0.287755
1277.729258,0.236735
1275.109170,0.197959
1272.489083,0.181633
1269.868996,0.197959
1267.248908,0.222449
1264.628821,0.275510
1262.008734,0.397959
1259.388646,0.538776
1256.768559,0.579592
1254.148472,0.579592
1251.528384,0.546939
1248.908297,0.395918
1246.288210,0.251020
1243.668122,0.163265
1241.048035,0.114286
1238.427948,0.089796
1235.807860,0.077551
1233.187773,0.073469
1230.567686,0.073469
1227.947598,0.077551
1225.327511,0.081633
1222.707424,0.085714
1220.087336,0.089796
1217.467249,0.095918
1214.847162,0.100000
1212.227074,0.104082
1209.606987,0.104082
1206.986900,0.106122
1204.366812,0.108163
1201.746725,0.112245
1199.126638,0.120408
1196.506550,0.134694
1193.886463,0.151020
1191.266376,0.175510
1188.646288,0.212245
1186.026201,0.269388
1183.406114,0.353061
1180.786026,0.440816
1178.165939,0.497959
1175.545852,0.504082
1172.925764,0.504082
1170.305677,0.481633
1167.685590,0.404082
1165.065502,0.308163
1162.445415,0.228571
1159.825328,0.173469
1157.205240,0.136735
1154.585153,0.118367
1151.965066,0.106122
1149.344978,0.097959
1146.724891,0.095918
1144.104803,0.091837
1141.484716,0.087755
1138.864629,0.087755
1136.244541,0.085714
1133.624454,0.089796
1131.004367,0.093878
1128.384279,0.102041
1125.764192,0.112245
1123.144105,0.124490
1120.524017,0.136735
1117.903930,0.146939
1115.283843,0.153061
1112.663755,0.153061
1110.043668,0.151020
1107.423581,0.144898
1104.803493,0.126531
1102.183406,0.106122
1099.563319,0.083673
1096.943231,0.067347
1094.323144,0.055102
1091.703057,0.046939
1089.082969,0.040816
1086.462882,0.036735
1083.842795,0.032653
1081.222707,0.032653
1078.602620,0.030612
1075.982533,0.030612
1073.362445,0.030612
1070.742358,0.030612
1068.122271,0.030612
1065.502183,0.028571
1062.882096,0.030612
1060.262009,0.030612
1057.641921,0.030612
1055.021834,0.030612
1052.401747,0.028571
1049.781659,0.028571
1047.161572,0.028571
1044.541485,0.028571
1041.921397,0.028571
1039.301310,0.026531
1036.681223,0.026531
1034.061135,0.024490
1031.441048,0.024490
1028.820961,0.024490
1026.200873,0.024490
1023.580786,0.022449
1020.960699,0.022449
1018.340611,0.022449
1015.720524,0.022449
1013.100437,0.020408
1010.480349,0.018367
1007.860262,0.018367
1005.240175,0.018367
1002.620087,0.016327
1000.000000,0.016327
997.379913,0.016327
994.759825,0.016327
992.139738,0.016327
989.519651,0.016327
986.899563,0.016327
984.279476,0.016327
981.659389,0.018367
979.039301,0.020408
976.419214,0.024490
973.799127,0.026531
971.179039,0.032653
968.558952,0.042857
965.938865,0.055102
963.318777,0.073469
960.698690,0.102041
958.078603,0.138776
955.458515,0.191837
952.838428,0.259184
950.218341,0.310204
947.598253,0.322449
944.978166,0.322449
942.358079,0.316327
939.737991,0.283673
937.117904,0.240816
934.497817,0.189796
931.877729,0.138776
929.257642,0.100000
926.637555,0.073469
924.017467,0.059184
921.397380,0.051020
918.777293,0.051020
916.157205,0.057143
913.537118,0.065306
910.917031,0.077551
908.296943,0.087755
905.676856,0.095918
903.056769,0.102041
900.436681,0.110204
897.816594,0.122449
895.196507,0.126531
892.576419,0.126531
889.956332,0.124490
887.336245,0.126531
884.716157,0.140816
882.096070,0.159184
879.475983,0.183673
876.855895,0.222449
874.235808,0.271429
871.615721,0.336735
868.995633,0.430612
866.375546,0.536735
863.755459,0.663265
861.135371,0.797959
858.515284,0.908163
855.895197,0.985714
853.275109,0.997959
850.655022,1.000000
848.034934,0.995918
845.414847,0.930612
842.794760,0.820408
840.174672,0.687755
837.554585,0.548980
834.934498,0.434694
832.314410,0.344898
829.694323,0.273469
827.074236,0.222449
824.454148,0.181633
821.834061,0.148980
819.213974,0.124490
816.593886,0.106122
813.973799,0.093878
811.353712,0.081633
808.733624,0.073469
806.113537,0.067347
803.493450,0.063265
800.873362,0.059184
798.253275,0.057143
795.633188,0.057143
793.013100,0.059184
790.393013,0.065306
787.772926,0.071429
785.152838,0.081633
782.532751,0.093878
779.912664,0.112245
777.292576,0.140816
774.672489,0.173469
772.052402,0.200000
769.432314,0.218367
766.812227,0.228571
764.192140,0.230612
761.572052,0.230612
758.951965,0.228571
756.331878,0.226531
753.711790,0.224490
751.091703,0.208163
748.471616,0.169388
745.851528,0.122449
743.231441,0.091837
740.611354,0.073469
737.991266,0.061224
735.371179,0.055102
732.751092,0.051020
730.131004,0.055102
727.510917,0.061224
724.890830,0.069388
722.270742,0.081633
719.650655,0.100000
717.030568,0.120408
714.410480,0.132653
711.790393,0.136735
709.170306,0.136735
706.550218,0.134694
703.930131,0.122449
701.310044,0.110204
698.689956,0.102041
696.069869,0.102041
693.449782,0.100000
690.829694,0.097959
688.209607,0.089796
685.589520,0.079592
682.969432,0.069388
680.349345,0.063265
677.729258,0.061224
675.109170,0.057143
672.489083,0.051020
669.868996,0.044898
667.248908,0.040816
664.628821,0.032653
662.008734,0.030612
659.388646,0.028571
656.768559,0.032653
654.148472,0.036735
651.528384,0.036735
648.908297,0.034694
646.288210,0.030612
643.668122,0.024490
641.048035,0.020408
638.427948,0.018367
635.807860,0.020408
633.187773,0.022449
630.567686,0.022449
627.947598,0.024490
625.327511,0.024490
622.707424,0.024490
620.087336,0.022449
617.467249,0.020408
614.847162,0.018367
612.227074,0.018367
609.606987,0.022449
606.986900,0.028571
604.366812,0.030612
601.746725,0.030612
599.126638,0.028571
596.506550,0.028571
593.886463,0.026531
591.266376,0.026531
588.646288,0.024490
586.026201,0.022449
583.406114,0.018367
580.786026,0.016327
578.165939,0.012245
575.545852,0.010204
572.925764,0.008163
570.305677,0.006122
567.685590,0.006122
565.065502,0.004082
562.445415,0.004082
559.825328,0.004082
557.205240,0.002041
554.585153,0.002041
551.965066,0.002041
549.344978,0.002041
546.724891,0.002041
544.104803,0.002041
541.484716,0.002041
538.864629,0.002041
536.244541,0.002041
533.624454,0.002041
531.004367,0.002041
528.384279,0.002041
525.764192,0.002041
523.144105,0.002041
520.524017,0.002041
517.903930,0.002041
515.283843,0.002041
512.663755,0.002041
510.043668,0.002041
507.423581,0.002041
504.803493,0.002041
502.183406,0.002041
499.563319,0.002041
496.943231,0.002041
494.323144,0.002041
491.703057,0.002041
489.082969,0.002041
486.462882,0.002041
483.842795,0.002041
481.222707,0.002041
478.602620,0.002041
475.982533,0.002041
473.362445,0.002041
470.742358,0.002041
468.122271,0.002041
465.502183,0.002041
462.882096,0.002041
460.262009,0.002041
457.641921,0.002041
455.021834,0.002041
452.401747,0.002041
449.781659,0.002041
447.161572,nan
444.541485,nan
441.921397,nan
439.301310,nan
436.681223,nan
434.061135,nan
431.441048,nan
428.820961,nan
426.200873,nan
423.580786,nan
420.960699,nan
418.340611,nan
415.720524,nan
413.100437,nan
410.480349,nan
407.860262,nan
405.240175,nan
402.620087,nan
400.000000,nan
