4000.000000,0.006122
3997.379913,0.006122
3994.759825,0.006122
3992.139738,0.006122
3989.519651,0.006122
3986.899563,0.006122
3984.279476,0.006122
3981.659389,0.006122
3979.039301,0.006122
3976.419214,0.006122
3973.799127,0.006122
3971.179039,0.006122
3968.558952,0.006122
3965.938865,0.006122
3963.318777,0.006122
3960.698690,0.006122
3958.078603,0.006122
3955.458515,0.006122
3952.838428,0.006122
3950.218341,0.006122
3947.598253,0.006122
3944.978166,0.006122
3942.358079,0.006122
3939.737991,0.006122
3937.117904,0.006122
3934.497817,0.006122
3931.877729,0.006122
3929.257642,0.006122
3926.637555,0.006122
3924.017467,0.006122
3921.397380,0.006122
3918.777293,0.006122
3916.157205,0.006122
3913.537118,0.006122
3910.917031,0.006122
3908.296943,0.006122
3905.676856,0.006122
3903.056769,0.008163
3900.436681,0.008163
3897.816594,0.008163
3895.196507,0.006122
3892.576419,0.006122
3889.956332,0.006122
3887.336245,0.006122
3884.716157,0.006122
3882.096070,0.006122
3879.475983,0.008163
3876.855895,0.006122
3874.235808,0.006122
3871.615721,0.006122
3868.995633,0.008163
3866.375546,0.008163
3863.755459,0.006122
3861.135371,0.006122
3858.515284,0.006122
3855.895197,0.008163
3853.275109,0.010204
3850.655022,0.012245
3848.034934,0.010204
3845.414847,0.006122
3842.794760,0.006122
3840.174672,0.010204
3837.554585,0.010204
3834.934498,0.010204
3832.314410,0.008163
3829.694323,0.006122
3827.074236,0.008163
3824.454148,0.008163
3821.834061,0.010204
3819.213974,0.010204
3816.593886,0.008163
3813.973799,0.008163
3811.353712,0.006122
3808.733624,0.008163
3806.113537,0.008163
3803.493450,0.008163
3800.873362,0.010204
3798.253275,0.010204
3795.633188,0.008163
3793.013100,0.006122
3790.393013,0.006122
3787.772926,0.006122
3785.152838,0.008163
3782.532751,0.008163
3779.912664,0.008163
3777.292576,0.008163
3774.672489,0.008163
3772.052402,0.008163
3769.432314,0.008163
3766.812227,0.008163
3764.192140,0.008163
3761.572052,0.008163
3758.951965,0.008163
3756.331878,0.010204
3753.711790,0.010204
3751.091703,0.012245
3748.471616,0.014286
3745.851528,0.012245
3743.231441,0.010204
3740.611354,0.010204
3737.991266,0.008163
3735.371179,0.010204
3732.751092,0.010204
3730.131004,0.010204
3727.510917,0.008163
3724.890830,0.008163
3722.270742,0.008163
3719.650655,0.008163
3717.030568,0.008163
3714.410480,0.008163
3711.790393,0.010204
3709.170306,0.010204
3706.550218,0.010204
3703.930131,0.006122
3701.310044,0.008163
3698.689956,0.008163
3696.069869,0.006122
3693.449782,0.006122
3690.829694,0.008163
3688.209607,0.010204
3685.589520,0.010204
3682.969432,0.006122
3680.349345,0.008163
3677.729258,0.010204
3675.109170,0.012245
3672.489083,0.012245
3669.868996,0.010204
3667.248908,0.008163
3664.628821,0.008163
3662.008734,0.008163
3659.388646,0.008163
3656.768559,0.010204
3654.148472,0.010204
3651.528384,0.010204
3648.908297,0.012245
3646.288210,0.012245
3643.668122,0.010204
3641.048035,0.008163
3638.427948,0.008163
3635.807860,0.008163
3633.187773,0.008163
3630.567686,0.010204
3627.947598,0.012245
3625.327511,0.012245
3622.707424,0.008163
3620.087336,0.008163
3617.467249,0.008163
3614.847162,0.008163
3612.227074,0.008163
3609.606987,0.008163
3606.986900,0.008163
3604.366812,0.008163
3601.746725,0.008163
3599.126638,0.008163
3596.506550,0.008163
3593.886463,0.008163
3591.266376,0.008163
3588.646288,0.010204
3586.026201,0.010204
3583.406114,0.010204
3580.786026,0.008163
3578.165939,0.008163
3575.545852,0.008163
3572.925764,0.008163
3570.305677,0.008163
3567.685590,0.010204
3565.065502,0.010204
3562.445415,0.010204
3559.825328,0.008163
3557.205240,0.008163
3554.585153,0.008163
3551.965066,0.008163
3549.344978,0.008163
3546.724891,0.008163
3544.104803,0.008163
3541.484716,0.008163
3538.864629,0.006122
3536.244541,0.008163
3533.624454,0.008163
3531.004367,0.008163
3528.384279,0.008163
3525.764192,0.008163
3523.144105,0.008163
3520.524017,0.008163
3517.903930,0.008163
3515.283843,0.008163
3512.663755,0.008163
3510.043668,0.008163
3507.423581,0.008163
3504.803493,0.008163
3502.183406,0.008163
3499.563319,0.008163
3496.943231,0.008163
3494.323144,0.008163
3491.703057,0.008163
3489.082969,0.008163
3486.462882,0.008163
3483.842795,0.008163
3481.222707,0.008163
3478.602620,0.008163
3475.982533,0.006122
3473.362445,0.008163
3470.742358,0.008163
3468.122271,0.008163
3465.502183,0.008163
3462.882096,0.008163
3460.262009,0.008163
3457.641921,0.008163
3455.021834,0.008163
3452.401747,0.008163
3449.781659,0.008163
3447.161572,0.008163
3444.541485,0.008163
3441.921397,0.008163
3439.301310,0.008163
3436.681223,0.008163
3434.061135,0.008163
3431.441048,0.008163
3428.820961,0.008163
3426.200873,0.008163
3423.580786,0.008163
3420.960699,0.008163
3418.340611,0.008163
3415.720524,0.008163
3413.100437,0.008163
3410.480349,0.010204
3407.860262,0.010204
3405.240175,0.010204
3402.620087,0.012245
3400.000000,0.012245
3397.379913,0.012245
3394.759825,0.014286
3392.139738,0.014286
3389.519651,0.014286
3386.899563,0.014286
3384.279476,0.016327
3381.659389,0.016327
3379.039301,0.014286
3376.419214,0.014286
3373.799127,0.014286
3371.179039,0.014286
3368.558952,0.012245
3365.938865,0.012245
3363.318777,0.012245
3360.698690,0.012245
3358.078603,0.012245
3355.458515,0.012245
3352.838428,0.012245
3350.218341,0.012245
3347.598253,0.012245
3344.978166,0.014286
3342.358079,0.014286
3339.737991,0.014286
3337.117904,0.014286
3334.497817,0.016327
3331.877729,0.016327
3329.257642,0.016327
3326.637555,0.016327
3324.017467,0.016327
3321.397380,0.014286
3318.777293,0.014286
3316.157205,0.014286
3313.537118,0.014286
3310.917031,0.014286
3308.296943,0.014286
3305.676856,0.014286
3303.056769,0.014286
3300.436681,0.014286
3297.816594,0.014286
3295.196507,0.014286
3292.576419,0.014286
3289.956332,0.014286
3287.336245,0.014286
3284.716157,0.014286
3282.096070,0.014286
3279.475983,0.014286
3276.855895,0.014286
3274.235808,0.014286
3271.615721,0.014286
3268.995633,0.014286
3266.375546,0.014286
3263.755459,0.014286
3261.135371,0.014286
3258.515284,0.014286
3255.895197,0.014286
3253.275109,0.014286
3250.655022,0.014286
3248.034934,0.014286
3245.414847,0.014286
3242.794760,0.014286
3240.174672,0.014286
3237.554585,0.014286
3234.934498,0.014286
3232.314410,0.014286
3229.694323,0.012245
3227.074236,0.014286
3224.454148,0.014286
3221.834061,0.014286
3219.213974,0.014286
3216.593886,0.012245
3213.973799,0.012245
3211.353712,0.012245
3208.733624,0.012245
3206.113537,0.012245
3203.493450,0.012245
3200.873362,0.012245
3198.253275,0.012245
3195.633188,0.012245
3193.013100,0.012245
3190.393013,0.012245
3187.772926,0.012245
3185.152838,0.012245
3182.532751,0.014286
3179.912664,0.014286
3177.292576,0.014286
3174.672489,0.014286
3172.052402,0.014286
3169.432314,0.014286
3166.812227,0.014286
3164.192140,0.014286
3161.572052,0.014286
3158.951965,0.014286
3156.331878,0.014286
3153.711790,0.014286
3151.091703,0.014286
3148.471616,0.014286
3145.851528,0.014286
3143.231441,0.014286
3140.611354,0.014286
3137.991266,0.014286
3135.371179,0.014286
3132.751092,0.014286
3130.131004,0.014286
3127.510917,0.014286
3124.890830,0.016327
3122.270742,0.016327
3119.650655,0.016327
3117.030568,0.016327
3114.410480,0.018367
3111.790393,0.020408
3109.170306,0.022449
3106.550218,0.024490
3103.930131,0.024490
3101.310044,0.024490
3098.689956,0.024490
3096.069869,0.022449
3093.449782,0.020408
3090.829694,0.018367
3088.209607,0.018367
3085.589520,0.018367
3082.969432,0.018367
3080.349345,0.018367
3077.729258,0.018367
3075.109170,0.018367
3072.489083,0.018367
3069.868996,0.018367
3067.248908,0.018367
3064.628821,0.018367
3062.008734,0.018367
3059.388646,0.018367
3056.768559,0.020408
3054.148472,0.020408
3051.528384,0.020408
3048.908297,0.020408
3046.288210,0.022449
3043.668122,0.022449
3041.048035,0.022449
3038.427948,0.022449
3035.807860,0.022449
3033.187773,0.022449
3030.567686,0.022449
3027.947598,0.024490
3025.327511,0.024490
3022.707424,0.026531
3020.087336,0.028571
3017.467249,0.028571
3014.847162,0.028571
3012.227074,0.028571
3009.606987,0.028571
3006.986900,0.030612
3004.366812,0.032653
3001.746725,0.036735
2999.126638,0.042857
2996.506550,0.046939
2993.886463,0.051020
2991.266376,0.057143
2988.646288,0.065306
2986.026201,0.075510
2983.406114,0.087755
2980.786026,0.095918
2978.165939,0.102041
2975.545852,0.106122
2972.925764,0.112245
2970.305677,0.124490
2967.685590,0.142857
2965.065502,0.161224
2962.445415,0.171429
2959.825328,0.173469
2957.205240,0.173469
2954.585153,0.165306
2951.965066,0.144898
2949.344978,0.118367
2946.724891,0.093878
2944.104803,0.075510
2941.484716,0.063265
2938.864629,0.057143
2936.244541,0.057143
2933.624454,0.065306
2931.004367,0.071429
2928.384279,0.073469
2925.764192,0.073469
2923.144105,0.069388
2920.524017,0.061224
2917.903930,0.051020
2915.283843,0.044898
2912.663755,0.044898
2910.043668,0.048980
2907.423581,0.053061
2904.803493,0.057143
2902.183406,0.057143
2899.563319,0.057143
2896.943231,0.055102
2894.323144,0.048980
2891.703057,0.044898
2889.082969,0.038776
2886.462882,0.034694
2883.842795,0.030612
2881.222707,0.028571
2878.602620,0.026531
2875.982533,0.024490
2873.362445,0.024490
2870.742358,0.022449
2868.122271,0.022449
2865.502183,0.022449
2862.882096,0.022449
2860.262009,0.024490
2857.641921,0.024490
2855.021834,0.022449
2852.401747,0.022449
2849.781659,0.020408
2847.161572,0.020408
2844.541485,0.018367
2841.921397,0.018367
2839.301310,0.016327
2836.681223,0.016327
2834.061135,0.016327
2831.441048,0.014286
2828.820961,0.014286
2826.200873,0.014286
2823.580786,0.014286
2820.960699,0.014286
2818.340611,0.014286
2815.720524,0.014286
2813.100437,0.014286
2810.480349,0.014286
2807.860262,0.014286
2805.240175,0.012245
2802.620087,0.012245
2800.000000,0.012245
2797.379913,0.012245
2794.759825,0.012245
2792.139738,0.012245
2789.519651,0.012245
2786.899563,0.012245
2784.279476,0.012245
2781.659389,0.010204
2779.039301,0.010204
2776.419214,0.010204
2773.799127,0.010204
2771.179039,0.010204
2768.558952,0.008163
2765.938865,0.008163
2763.318777,0.008163
2760.698690,0.008163
2758.078603,0.008163
2755.458515,0.008163
2752.838428,0.008163
2750.218341,0.008163
2747.598253,0.008163
2744.978166,0.008163
2742.358079,0.008163
2739.737991,0.008163
2737.117904,0.008163
2734.497817,0.008163
2731.877729,0.008163
2729.257642,0.008163
2726.637555,0.008163
2724.017467,0.006122
2721.397380,0.006122
2718.777293,0.006122
2716.157205,0.006122
2713.537118,0.006122
2710.917031,0.006122
2708.296943,0.006122
2705.676856,0.006122
2703.056769,0.006122
2700.436681,0.006122
2697.816594,0.006122
2695.196507,0.006122
2692.576419,0.006122
2689.956332,0.006122
2687.336245,0.006122
2684.716157,0.006122
2682.096070,0.006122
2679.475983,0.006122
2676.855895,0.006122
2674.235808,0.006122
2671.615721,0.006122
2668.995633,0.006122
2666.375546,0.006122
2663.755459,0.006122
2661.135371,0.006122
2658.515284,0.006122
2655.895197,0.006122
2653.275109,0.006122
2650.655022,0.006122
2648.034934,0.006122
2645.414847,0.006122
2642.794760,0.006122
2640.174672,0.006122
2637.554585,0.006122
2634.934498,0.006122
2632.314410,0.006122
2629.694323,0.006122
2627.074236,0.006122
2624.454148,0.006122
2621.834061,0.006122
2619.213974,0.006122
2616.593886,0.006122
2613.973799,0.006122
2611.353712,0.006122
2608.733624,0.006122
2606.113537,0.006122
2603.493450,0.006122
2600.873362,0.006122
2598.253275,0.006122
2595.633188,0.006122
2593.013100,0.006122
2590.393013,0.006122
2587.772926,0.006122
2585.152838,0.006122
2582.532751,0.006122
2579.912664,0.006122
2577.292576,0.006122
2574.672489,0.006122
2572.052402,0.006122
2569.432314,0.006122
2566.812227,0.006122
2564.192140,0.006122
2561.572052,0.006122
2558.951965,0.006122
2556.331878,0.006122
2553.711790,0.006122
2551.091703,0.006122
2548.471616,0.006122
2545.851528,0.006122
2543.231441,0.004082
2540.611354,0.006122
2537.991266,0.006122
2535.371179,0.004082
2532.751092,0.004082
2530.131004,0.006122
2527.510917,0.006122
2524.890830,0.006122
2522.270742,0.006122
2519.650655,0.006122
2517.030568,0.006122
2514.410480,0.006122
2511.790393,0.006122
2509.170306,0.006122
2506.550218,0.006122
2503.930131,0.006122
2501.310044,0.008163
2498.689956,0.008163
2496.069869,0.008163
2493.449782,0.008163
2490.829694,0.008163
2488.209607,0.008163
2485.589520,0.006122
2482.969432,0.006122
2480.349345,0.006122
2477.729258,0.006122
2475.109170,0.006122
2472.489083,0.006122
2469.868996,0.004082
2467.248908,0.004082
2464.628821,0.004082
2462.008734,0.004082
2459.388646,0.004082
2456.768559,0.004082
2454.148472,0.004082
2451.528384,0.004082
2448.908297,0.004082
2446.288210,0.004082
2443.668122,0.004082
2441.048035,0.004082
2438.427948,0.004082
2435.807860,0.004082
2433.187773,0.004082
2430.567686,0.004082
2427.947598,0.004082
2425.327511,0.004082
2422.707424,0.004082
2420.087336,0.004082
2417.467249,0.004082
2414.847162,0.004082
2412.227074,0.004082
2409.606987,0.004082
2406.986900,0.004082
2404.366812,0.004082
2401.746725,0.004082
2399.126638,0.004082
2396.506550,0.004082
2393.886463,0.004082
2391.266376,0.004082
2388.646288,0.004082
2386.026201,0.004082
2383.406114,0.004082
2380.786026,0.006122
2378.165939,0.006122
2375.545852,0.006122
2372.925764,0.006122
2370.305677,0.006122
2367.685590,0.006122
2365.065502,0.006122
2362.445415,0.004082
2359.825328,0.006122
2357.205240,0.006122
2354.585153,0.004082
2351.965066,0.004082
2349.344978,0.004082
2346.724891,0.006122
2344.104803,0.006122
2341.484716,0.006122
2338.864629,0.006122
2336.244541,0.006122
2333.624454,0.004082
2331.004367,0.004082
2328.384279,0.004082
2325.764192,0.004082
2323.144105,0.004082
2320.524017,0.004082
2317.903930,0.004082
2315.283843,0.002041
2312.663755,0.004082
2310.043668,0.004082
2307.423581,0.004082
2304.803493,0.004082
2302.183406,0.004082
2299.563319,0.004082
2296.943231,0.004082
2294.323144,0.004082
2291.703057,0.004082
2289.082969,0.004082
2286.462882,0.004082
2283.842795,0.004082
2281.222707,0.004082
2278.602620,0.004082
2275.982533,0.004082
2273.362445,0.004082
2270.742358,0.004082
2268.122271,0.004082
2265.502183,0.004082
2262.882096,0.004082
2260.262009,0.004082
2257.641921,0.004082
2255.021834,0.004082
2252.401747,0.004082
2249.781659,0.004082
2247.161572,0.004082
2244.541485,0.004082
2241.921397,0.004082
2239.301310,0.004082
2236.681223,0.004082
2234.061135,0.004082
2231.441048,0.004082
2228.820961,0.004082
2226.200873,0.004082
2223.580786,0.004082
2220.960699,0.004082
2218.340611,0.004082
2215.720524,0.004082
2213.100437,0.004082
2210.480349,0.004082
2207.860262,0.004082
2205.240175,0.004082
2202.620087,0.004082
2200.000000,0.004082
2197.379913,0.004082
2194.759825,0.004082
2192.139738,0.004082
2189.519651,0.004082
2186.899563,0.004082
2184.279476,0.004082
2181.659389,0.004082
2179.039301,0.004082
2176.419214,0.004082
2173.799127,0.004082
2171.179039,0.004082
2168.558952,0.004082
2165.938865,0.004082
2163.318777,0.004082
2160.698690,0.004082
2158.078603,0.004082
2155.458515,0.004082
2152.838428,0.004082
2150.218341,0.004082
2147.598253,0.004082
2144.978166,0.004082
2142.358079,0.006122
2139.737991,0.004082
2137.117904,0.006122
2134.497817,0.006122
2131.877729,0.004082
2129.257642,0.006122
2126.637555,0.006122
2124.017467,0.006122
2121.397380,0.006122
2118.777293,0.006122
2116.157205,0.006122
2113.537118,0.006122
2110.917031,0.006122
2108.296943,0.004082
2105.676856,0.004082
2103.056769,0.004082
2100.436681,0.004082
2097.816594,0.004082
2095.196507,0.004082
2092.576419,0.004082
2089.956332,0.004082
2087.336245,0.004082
2084.716157,0.004082
2082.096070,0.004082
2079.475983,0.004082
2076.855895,0.004082
2074.235808,0.004082
2071.615721,0.004082
2068.995633,0.004082
2066.375546,0.004082
2063.755459,0.004082
2061.135371,0.004082
2058.515284,0.004082
2055.895197,0.004082
2053.275109,0.004082
2050.655022,0.004082
2048.034934,0.004082
2045.414847,0.004082
2042.794760,0.004082
2040.174672,0.004082
2037.554585,0.004082
2034.934498,0.004082
2032.314410,0.006122
2029.694323,0.006122
2027.074236,0.006122
2024.454148,0.006122
2021.834061,0.006122
2019.213974,0.006122
2016.593886,0.006122
2013.973799,0.006122
2011.353712,0.006122
2008.733624,0.006122
2006.113537,0.006122
2003.493450,0.006122
2000.873362,0.006122
1998.253275,0.006122
1995.633188,0.006122
1993.013100,0.006122
1990.393013,0.006122
1987.772926,0.006122
1985.152838,0.006122
1982.532751,0.006122
1979.912664,0.006122
1977.292576,0.006122
1974.672489,0.006122
1972.052402,0.006122
1969.432314,0.006122
1966.812227,0.006122
1964.192140,0.006122
1961.572052,0.006122
1958.951965,0.006122
1956.331878,0.008163
1953.711790,0.008163
1951.091703,0.008163
1948.471616,0.008163
1945.851528,0.008163
1943.231441,0.008163
1940.611354,0.008163
1937.991266,0.008163
1935.371179,0.008163
1932.751092,0.008163
1930.131004,0.008163
1927.510917,0.008163
1924.890830,0.008163
1922.270742,0.010204
1919.650655,0.008163
1917.030568,0.010204
1914.410480,0.008163
1911.790393,0.010204
1909.170306,0.010204
1906.550218,0.010204
1903.930131,0.010204
1901.310044,0.010204
1898.689956,0.010204
1896.069869,0.010204
1893.449782,0.010204
1890.829694,0.012245
1888.209607,0.012245
1885.589520,0.012245
1882.969432,0.014286
1880.349345,0.014286
1877.729258,0.014286
1875.109170,0.014286
1872.489083,0.014286
1869.868996,0.012245
1867.248908,0.010204
1864.628821,0.008163
1862.008734,0.006122
1859.388646,0.006122
1856.768559,0.006122
1854.148472,0.006122
1851.528384,0.006122
1848.908297,0.006122
1846.288210,0.006122
1843.668122,0.006122
1841.048035,0.006122
1838.427948,0.004082
1835.807860,0.006122
1833.187773,0.006122
1830.567686,0.008163
1827.947598,0.008163
1825.327511,0.006122
1822.707424,0.006122
1820.087336,0.006122
1817.467249,0.008163
1814.847162,0.008163
1812.227074,0.008163
1809.606987,0.010204
1806.986900,0.010204
1804.366812,0.010204
1801.746725,0.012245
1799.126638,0.012245
1796.506550,0.012245
1793.886463,0.014286
1791.266376,0.014286
1788.646288,0.012245
1786.026201,0.014286
1783.406114,0.014286
1780.786026,0.014286
1778.165939,0.014286
1775.545852,0.014286
1772.925764,0.016327
1770.305677,0.016327
1767.685590,0.014286
1765.065502,0.014286
1762.445415,0.016327
1759.825328,0.016327
1757.205240,0.016327
1754.585153,0.018367
1751.965066,0.020408
1749.344978,0.020408
1746.724891,0.022449
1744.104803,0.026531
1741.484716,0.034694
1738.864629,0.042857
1736.244541,0.053061
1733.624454,0.059184
1731.004367,0.063265
1728.384279,0.071429
1725.764192,0.083673
1723.144105,0.102041
1720.524017,0.130612
1717.903930,0.195918
1715.283843,0.287755
1712.663755,0.406122
1710.043668,0.561224
1707.423581,0.751020
1704.803493,0.914286
1702.183406,0.940816
1699.563319,0.940816
1696.943231,0.914286
1694.323144,0.775510
1691.703057,0.518367
1689.082969,0.363265
1686.462882,0.253061
1683.842795,0.181633
1681.222707,0.142857
1678.602620,0.095918
1675.982533,0.083673
1673.362445,0.075510
1670.742358,0.065306
1668.122271,0.059184
1665.502183,0.053061
1662.882096,0.051020
1660.262009,0.048980
1657.641921,0.042857
1655.021834,0.046939
1652.401747,0.046939
1649.781659,0.048980
1647.161572,0.071429
1644.541485,0.100000
1641.921397,0.161224
1639.301310,0.218367
1636.681223,0.228571
1634.061135,0.228571
1631.441048,0.191837
1628.820961,0.138776
1626.200873,0.108163
1623.580786,0.081633
1620.960699,0.067347
1618.340611,0.053061
1615.720524,0.051020
1613.100437,0.044898
1610.480349,0.036735
1607.860262,0.034694
1605.240175,0.030612
1602.620087,0.026531
1600.000000,0.024490
1597.379913,0.022449
1594.759825,0.022449
1592.139738,0.020408
1589.519651,0.020408
1586.899563,0.020408
1584.279476,0.018367
1581.659389,0.018367
1579.039301,0.018367
1576.419214,0.018367
1573.799127,0.016327
1571.179039,0.016327
1568.558952,0.016327
1565.938865,0.014286
1563.318777,0.014286
1560.698690,0.018367
1558.078603,0.018367
1555.458515,0.016327
1552.838428,0.014286
1550.218341,0.014286
1547.598253,0.014286
1544.978166,0.016327
1542.358079,0.018367
1539.737991,0.016327
1537.117904,0.016327
1534.497817,0.016327
1531.877729,0.016327
1529.257642,0.016327
1526.637555,0.018367
1524.017467,0.018367
1521.397380,0.018367
1518.777293,0.016327
1516.157205,0.016327
1513.537118,0.016327
1510.917031,0.018367
1508.296943,0.020408
1505.676856,0.020408
1503.056769,0.018367
1500.436681,0.018367
1497.816594,0.020408
1495.196507,0.018367
1492.576419,0.020408
1489.956332,0.022449
1487.336245,0.022449
1484.716157,0.024490
1482.096070,0.030612
1479.475983,0.034694
1476.855895,0.040816
1474.235808,0.042857
1471.615721,0.042857
1468.995633,0.048980
1466.375546,0.055102
1463.755459,0.063265
1461.135371,0.075510
1458.515284,0.104082
1455.895197,0.128571
1453.275109,0.132653
1450.655022,0.132653
1448.034934,0.126531
1445.414847,0.108163
1442.794760,0.085714
1440.174672,0.091837
1437.554585,0.093878
1434.934498,0.093878
1432.314410,0.089796
1429.694323,0.083673
1427.074236,0.085714
1424.454148,0.087755
1421.834061,0.089796
1419.213974,0.089796
1416.593886,0.089796
1413.973799,0.089796
1411.353712,0.089796
1408.733624,0.093878
1406.113537,0.100000
1403.493450,0.106122
1400.873362,0.108163
1398.253275,0.106122
1395.633188,0.097959
1393.013100,0.077551
1390.393013,0.061224
1387.772926,0.063265
1385.152838,0.083673
1382.532751,0.110204
1379.912664,0.116327
1377.292576,0.116327
1374.672489,0.104082
1372.052402,0.077551
1369.432314,0.057143
1366.812227,0.051020
1364.192140,0.053061
1361.572052,0.059184
1358.951965,0.069388
1356.331878,0.085714
1353.711790,0.106122
1351.091703,0.132653
1348.471616,0.175510
1345.851528,0.234694
1343.231441,0.322449
1340.611354,0.446939
1337.991266,0.553061
1335.371179,0.575510
1332.751092,0.575510
1330.131004,0.565306
1327.510917,0.475510
1324.890830,0.351020
1322.270742,0.263265
1319.650655,0.216327
1317.030568,0.242857
1314.410480,0.328571
1311.790393,0.393878
1309.170306,0.393878
1306.550218,0.393878
1303.930131,0.340816
1301.310044,0.234694
1298.689956,0.161224
1296.069869,0.116327
1293.449782,0.091837
1290.829694,0.077551
1288.209607,0.067347
1285.589520,0.059184
1282.969432,0.053061
1280.349345,0.053061
1277.729258,0.061224
1275.109170,0.077551
1272.489083,0.120408
1269.868996,0.179592
1267.248908,0.202041
1264.628821,0.214286
1262.008734,0.310204
1259.388646,0.491837
1256.768559,0.597959
1254.148472,0.600000
1251.528384,0.585714
1248.908297,0.416327
1246.288210,0.255102
1243.668122,0.159184
1241.048035,0.104082
1238.427948,0.073469
1235.807860,0.059184
1233.187773,0.051020
1230.567686,0.053061
1227.947598,0.059184
1225.327511,0.067347
1222.707424,0.075510
1220.087336,0.085714
1217.467249,0.100000
1214.847162,0.118367
1212.227074,0.148980
1209.606987,0.183673
1206.986900,0.222449
1204.366812,0.271429
1201.746725,0.318367
1199.126638,0.367347
1196.506550,0.426531
1193.886463,0.479592
1191.266376,0.532653
1188.646288,0.591837
1186.026201,0.659184
1183.406114,0.746939
1180.786026,0.844898
1178.165939,0.897959
1175.545852,0.897959
1172.925764,0.897959
1170.305677,0.812245
1167.685590,0.636735
1165.065502,0.459184
1162.445415,0.328571
1159.825328,0.238776
1157.205240,0.175510
1154.585153,0.134694
1151.965066,0.106122
1149.344978,0.085714
1146.724891,0.071429
1144.104803,0.059184
1141.484716,0.048980
1138.864629,0.040816
1136.244541,0.034694
1133.624454,0.030612
1131.004367,0.026531
1128.384279,0.024490
1125.764192,0.022449
1123.144105,0.020408
1120.524017,0.018367
1117.903930,0.018367
1115.283843,0.018367
1112.663755,0.016327
1110.043668,0.016327
1107.423581,0.016327
1104.803493,0.016327
1102.183406,0.016327
1099.563319,0.016327
1096.943231,0.016327
1094.323144,0.016327
1091.703057,0.016327
1089.082969,0.016327
1086.462882,0.016327
1083.842795,0.018367
1081.222707,0.018367
1078.602620,0.018367
1075.982533,0.018367
1073.362445,0.020408
1070.742358,0.020408
1068.122271,0.022449
1065.502183,0.024490
1062.882096,0.026531
1060.262009,0.028571
1057.641921,0.028571
1055.021834,0.028571
1052.401747,0.028571
1049.781659,0.028571
1047.161572,0.028571
1044.541485,0.026531
1041.921397,0.024490
1039.301310,0.024490
1036.681223,0.022449
1034.061135,0.022449
1031.441048,0.022449
1028.820961,0.022449
1026.200873,0.024490
1023.580786,0.026531
1020.960699,0.030612
1018.340611,0.040816
1015.720524,0.057143
1013.100437,0.085714
1010.480349,0.114286
1007.860262,0.118367
1005.240175,0.118367
1002.620087,0.102041
1000.000000,0.067347
997.379913,0.042857
994.759825,0.030612
992.139738,0.026531
989.519651,0.022449
986.899563,0.020408
984.279476,0.020408
981.659389,0.022449
979.039301,0.022449
976.419214,0.026531
973.799127,0.028571
971.179039,0.034694
968.558952,0.044898
965.938865,0.061224
963.318777,0.089796
960.698690,0.140816
958.078603,0.189796
955.458515,0.202041
952.838428,0.202041
950.218341,0.195918
947.598253,0.177551
944.978166,0.185714
942.358079,0.187755
939.737991,0.187755
937.117904,0.181633
934.497817,0.153061
931.877729,0.114286
929.257642,0.081633
926.637555,0.061224
924.017467,0.048980
921.397380,0.044898
918.777293,0.042857
916.157205,0.044898
913.537118,0.048980
910.917031,0.055102
908.296943,0.061224
905.676856,0.069388
903.056769,0.079592
900.436681,0.093878
897.816594,0.112245
895.196507,0.132653
892.576419,0.167347
889.956332,0.218367
887.336245,0.289796
884.716157,0.404082
882.096070,0.526531
879.475983,0.634694
876.855895,0.675510
874.235808,0.677551
871.615721,0.673469
868.995633,0.636735
866.375546,0.593878
863.755459,0.673469
861.135371,0.804082
858.515284,0.922449
855.895197,0.997959
853.275109,1.000000
850.655022,0.995918
848.034934,0.946939
845.414847,0.820408
842.794760,0.677551
840.174672,0.553061
837.554585,0.465306
834.934498,0.422449
832.314410,0.397959
829.694323,0.373469
827.074236,0.334694
824.454148,0.297959
821.834061,0.273469
819.213974,0.240816
816.593886,0.191837
813.973799,0.140816
811.353712,0.106122
808.733624,0.085714
806.113537,0.071429
803.493450,0.061224
800.873362,0.053061
798.253275,0.048980
795.633188,0.044898
793.013100,0.040816
790.393013,0.040816
787.772926,0.042857
785.152838,0.044898
782.532751,0.048980
779.912664,0.055102
777.292576,0.065306
774.672489,0.083673
772.052402,0.110204
769.432314,0.146939
766.812227,0.189796
764.192140,0.212245
761.572052,0.212245
758.951965,0.210204
756.331878,0.185714
753.711790,0.144898
751.091703,0.114286
748.471616,0.118367
745.851528,0.146939
743.231441,0.187755
740.611354,0.204082
737.991266,0.204082
735.371179,0.204082
732.751092,0.183673
730.131004,0.146939
727.510917,0.114286
724.890830,0.089796
722.270742,0.069388
719.650655,0.057143
717.030568,0.046939
714.410480,0.042857
711.790393,0.036735
709.170306,0.034694
706.550218,0.036735
703.930131,0.040816
701.310044,0.044898
698.689956,0.044898
696.069869,0.044898
693.449782,0.040816
690.829694,0.032653
688.209607,0.024490
685.589520,0.018367
682.969432,0.014286
680.349345,0.012245
677.729258,0.012245
675.109170,0.012245
672.489083,0.012245
669.868996,0.014286
667.248908,0.014286
664.628821,0.018367
662.008734,0.022449
659.388646,0.030612
656.768559,0.038776
654.148472,0.044898
651.528384,0.044898
648.908297,0.044898
646.288210,0.042857
643.668122,0.034694
641.048035,0.024490
638.427948,0.018367
635.807860,0.014286
633.187773,0.012245
630.567686,0.016327
627.947598,0.018367
625.327511,0.018367
622.707424,0.016327
620.087336,0.014286
617.467249,0.012245
614.847162,0.010204
612.227074,0.012245
609.606987,0.012245
606.986900,0.014286
604.366812,0.020408
601.746725,0.028571
599.126638,0.028571
596.506550,0.028571
593.886463,0.028571
591.266376,0.026531
588.646288,0.024490
586.026201,0.022449
583.406114,0.018367
580.786026,0.016327
578.165939,0.012245
575.545852,0.010204
572.925764,0.008163
570.305677,0.006122
567.685590,0.006122
565.065502,0.004082
562.445415,0.004082
559.825328,0.004082
557.205240,0.002041
554.585153,0.002041
551.965066,0.002041
549.344978,0.002041
546.724891,0.002041
544.104803,0.002041
541.484716,0.002041
538.864629,0.002041
536.244541,0.002041
533.624454,0.002041
531.004367,0.002041
528.384279,0.002041
525.764192,0.002041
523.144105,0.002041
520.524017,0.002041
517.903930,0.002041
515.283843,0.002041
512.663755,0.002041
510.043668,0.002041
507.423581,0.002041
504.803493,0.002041
502.183406,0.002041
499.563319,0.002041
496.943231,0.002041
494.323144,0.002041
491.703057,0.002041
489.082969,0.002041
486.462882,0.002041
483.842795,0.002041
481.222707,0.002041
478.602620,0.002041
475.982533,0.002041
473.362445,0.002041
470.742358,0.002041
468.122271,0.002041
465.502183,0.002041
462.882096,0.002041
460.262009,0.002041
457.641921,0.002041
455.021834,0.002041
452.401747,0.002041
449.781659,0.002041
447.161572,nan
444.541485,nan
441.921397,nan
439.301310,nan
436.681223,nan
434.061135,nan
431.441048,nan
428.820961,nan
426.200873,nan
423.580786,nan
420.960699,nan
418.340611,nan
415.720524,nan
413.100437,nan
410.480349,nan
407.860262,nan
405.240175,nan
402.620087,nan
400.000000,nan
