4000.000000,0.012245
3997.379913,0.012245
3994.759825,0.012245
3992.139738,0.012245
3989.519651,0.012245
3986.899563,0.012245
3984.279476,0.012245
3981.659389,0.012245
3979.039301,0.012245
3976.419214,0.012245
3973.799127,0.012245
3971.179039,0.012245
3968.558952,0.012245
3965.938865,0.012245
3963.318777,0.012245
3960.698690,0.012245
3958.078603,0.012245
3955.458515,0.012245
3952.838428,0.012245
3950.218341,0.012245
3947.598253,0.012245
3944.978166,0.012245
3942.358079,0.012245
3939.737991,0.012245
3937.117904,0.012245
3934.497817,0.012245
3931.877729,0.012245
3929.257642,0.012245
3926.637555,0.012245
3924.017467,0.012245
3921.397380,0.012245
3918.777293,0.010204
3916.157205,0.012245
3913.537118,0.012245
3910.917031,0.012245
3908.296943,0.012245
3905.676856,0.012245
3903.056769,0.012245
3900.436681,0.010204
3897.816594,0.010204
3895.196507,0.010204
3892.576419,0.010204
3889.956332,0.010204
3887.336245,0.010204
3884.716157,0.010204
3882.096070,0.010204
3879.475983,0.010204
3876.855895,0.010204
3874.235808,0.010204
3871.615721,0.010204
3868.995633,0.010204
3866.375546,0.010204
3863.755459,0.010204
3861.135371,0.010204
3858.515284,0.010204
3855.895197,0.010204
3853.275109,0.010204
3850.655022,0.008163
3848.034934,0.008163
3845.414847,0.010204
3842.794760,0.010204
3840.174672,0.010204
3837.554585,0.010204
3834.934498,0.010204
3832.314410,0.010204
3829.694323,0.012245
3827.074236,0.012245
3824.454148,0.012245
3821.834061,0.012245
3819.213974,0.014286
3816.593886,0.014286
3813.973799,0.014286
3811.353712,0.014286
3808.733624,0.016327
3806.113537,0.016327
3803.493450,0.016327
3800.873362,0.016327
3798.253275,0.016327
3795.633188,0.014286
3793.013100,0.016327
3790.393013,0.016327
3787.772926,0.016327
3785.152838,0.016327
3782.532751,0.016327
3779.912664,0.014286
3777.292576,0.014286
3774.672489,0.014286
3772.052402,0.014286
3769.432314,0.014286
3766.812227,0.014286
3764.192140,0.014286
3761.572052,0.014286
3758.951965,0.014286
3756.331878,0.016327
3753.711790,0.016327
3751.091703,0.016327
3748.471616,0.016327
3745.851528,0.014286
3743.231441,0.016327
3740.611354,0.016327
3737.991266,0.016327
3735.371179,0.016327
3732.751092,0.016327
3730.131004,0.016327
3727.510917,0.016327
3724.890830,0.016327
3722.270742,0.016327
3719.650655,0.016327
3717.030568,0.016327
3714.410480,0.016327
3711.790393,0.016327
3709.170306,0.016327
3706.550218,0.016327
3703.930131,0.014286
3701.310044,0.016327
3698.689956,0.016327
3696.069869,0.014286
3693.449782,0.014286
3690.829694,0.014286
3688.209607,0.014286
3685.589520,0.012245
3682.969432,0.012245
3680.349345,0.012245
3677.729258,0.014286
3675.109170,0.014286
3672.489083,0.012245
3669.868996,0.012245
3667.248908,0.012245
3664.628821,0.014286
3662.008734,0.016327
3659.388646,0.016327
3656.768559,0.018367
3654.148472,0.018367
3651.528384,0.016327
3648.908297,0.016327
3646.288210,0.016327
3643.668122,0.016327
3641.048035,0.016327
3638.427948,0.016327
3635.807860,0.016327
3633.187773,0.016327
3630.567686,0.016327
3627.947598,0.014286
3625.327511,0.012245
3622.707424,0.012245
3620.087336,0.014286
3617.467249,0.014286
3614.847162,0.012245
3612.227074,0.012245
3609.606987,0.012245
3606.986900,0.012245
3604.366812,0.012245
3601.746725,0.012245
3599.126638,0.014286
3596.506550,0.014286
3593.886463,0.014286
3591.266376,0.014286
3588.646288,0.014286
3586.026201,0.014286
3583.406114,0.014286
3580.786026,0.014286
3578.165939,0.014286
3575.545852,0.014286
3572.925764,0.014286
3570.305677,0.014286
3567.685590,0.014286
3565.065502,0.014286
3562.445415,0.012245
3559.825328,0.014286
3557.205240,0.012245
3554.585153,0.014286
3551.965066,0.014286
3549.344978,0.014286
3546.724891,0.012245
3544.104803,0.012245
3541.484716,0.012245
3538.864629,0.012245
3536.244541,0.012245
3533.624454,0.012245
3531.004367,0.012245
3528.384279,0.012245
3525.764192,0.012245
3523.144105,0.012245
3520.524017,0.012245
3517.903930,0.012245
3515.283843,0.014286
3512.663755,0.014286
3510.043668,0.012245
3507.423581,0.014286
3504.803493,0.014286
3502.183406,0.012245
3499.563319,0.014286
3496.943231,0.014286
3494.323144,0.014286
3491.703057,0.014286
3489.082969,0.014286
3486.462882,0.014286
3483.842795,0.014286
3481.222707,0.014286
3478.602620,0.014286
3475.982533,0.014286
3473.362445,0.014286
3470.742358,0.014286
3468.122271,0.014286
3465.502183,0.014286
3462.882096,0.014286
3460.262009,0.014286
3457.641921,0.014286
3455.021834,0.014286
3452.401747,0.014286
3449.781659,0.014286
3447.161572,0.014286
3444.541485,0.014286
3441.921397,0.014286
3439.301310,0.014286
3436.681223,0.014286
3434.061135,0.014286
3431.441048,0.014286
3428.820961,0.014286
3426.200873,0.014286
3423.580786,0.014286
3420.960699,0.014286
3418.340611,0.014286
3415.720524,0.014286
3413.100437,0.014286
3410.480349,0.014286
3407.860262,0.014286
3405.240175,0.014286
3402.620087,0.014286
3400.000000,0.014286
3397.379913,0.014286
3394.759825,0.014286
3392.139738,0.014286
3389.519651,0.014286
3386.899563,0.014286
3384.279476,0.014286
3381.659389,0.014286
3379.039301,0.014286
3376.419214,0.014286
3373.799127,0.016327
3371.179039,0.014286
3368.558952,0.014286
3365.938865,0.014286
3363.318777,0.014286
3360.698690,0.014286
3358.078603,0.016327
3355.458515,0.016327
3352.838428,0.014286
3350.218341,0.014286
3347.598253,0.014286
3344.978166,0.014286
3342.358079,0.014286
3339.737991,0.014286
3337.117904,0.014286
3334.497817,0.014286
3331.877729,0.014286
3329.257642,0.014286
3326.637555,0.014286
3324.017467,0.014286
3321.397380,0.014286
3318.777293,0.014286
3316.157205,0.014286
3313.537118,0.014286
3310.917031,0.014286
3308.296943,0.014286
3305.676856,0.014286
3303.056769,0.014286
3300.436681,0.014286
3297.816594,0.014286
3295.196507,0.014286
3292.576419,0.014286
3289.956332,0.014286
3287.336245,0.014286
3284.716157,0.014286
3282.096070,0.014286
3279.475983,0.014286
3276.855895,0.014286
3274.235808,0.014286
3271.615721,0.014286
3268.995633,0.014286
3266.375546,0.014286
3263.755459,0.014286
3261.135371,0.014286
3258.515284,0.014286
3255.895197,0.014286
3253.275109,0.014286
3250.655022,0.014286
3248.034934,0.016327
3245.414847,0.014286
3242.794760,0.014286
3240.174672,0.014286
3237.554585,0.014286
3234.934498,0.014286
3232.314410,0.014286
3229.694323,0.014286
3227.074236,0.016327
3224.454148,0.016327
3221.834061,0.016327
3219.213974,0.016327
3216.593886,0.016327
3213.973799,0.016327
3211.353712,0.016327
3208.733624,0.016327
3206.113537,0.016327
3203.493450,0.016327
3200.873362,0.016327
3198.253275,0.016327
3195.633188,0.016327
3193.013100,0.016327
3190.393013,0.016327
3187.772926,0.016327
3185.152838,0.016327
3182.532751,0.016327
3179.912664,0.016327
3177.292576,0.016327
3174.672489,0.016327
3172.052402,0.016327
3169.432314,0.016327
3166.812227,0.018367
3164.192140,0.018367
3161.572052,0.018367
3158.951965,0.018367
3156.331878,0.018367
3153.711790,0.018367
3151.091703,0.020408
3148.471616,0.020408
3145.851528,0.020408
3143.231441,0.020408
3140.611354,0.020408
3137.991266,0.020408
3135.371179,0.020408
3132.751092,0.020408
3130.131004,0.020408
3127.510917,0.022449
3124.890830,0.022449
3122.270742,0.022449
3119.650655,0.022449
3117.030568,0.024490
3114.410480,0.026531
3111.790393,0.028571
3109.170306,0.032653
3106.550218,0.038776
3103.930131,0.044898
3101.310044,0.048980
3098.689956,0.055102
3096.069869,0.061224
3093.449782,0.069388
3090.829694,0.077551
3088.209607,0.081633
3085.589520,0.083673
3082.969432,0.083673
3080.349345,0.079592
3077.729258,0.073469
3075.109170,0.079592
3072.489083,0.091837
3069.868996,0.102041
3067.248908,0.110204
3064.628821,0.116327
3062.008734,0.118367
3059.388646,0.118367
3056.768559,0.116327
3054.148472,0.106122
3051.528384,0.089796
3048.908297,0.079592
3046.288210,0.085714
3043.668122,0.112245
3041.048035,0.134694
3038.427948,0.138776
3035.807860,0.138776
3033.187773,0.132653
3030.567686,0.110204
3027.947598,0.102041
3025.327511,0.104082
3022.707424,0.104082
3020.087336,0.102041
3017.467249,0.087755
3014.847162,0.073469
3012.227074,0.061224
3009.606987,0.057143
3006.986900,0.055102
3004.366812,0.053061
3001.746725,0.051020
2999.126638,0.046939
2996.506550,0.044898
2993.886463,0.044898
2991.266376,0.046939
2988.646288,0.051020
2986.026201,0.057143
2983.406114,0.065306
2980.786026,0.077551
2978.165939,0.095918
2975.545852,0.122449
2972.925764,0.157143
2970.305677,0.202041
2967.685590,0.253061
2965.065502,0.293878
2962.445415,0.316327
2959.825328,0.320408
2957.205240,0.320408
2954.585153,0.316327
2951.965066,0.291837
2949.344978,0.251020
2946.724891,0.202041
2944.104803,0.163265
2941.484716,0.130612
2938.864629,0.106122
2936.244541,0.089796
2933.624454,0.077551
2931.004367,0.069388
2928.384279,0.061224
2925.764192,0.055102
2923.144105,0.053061
2920.524017,0.048980
2917.903930,0.048980
2915.283843,0.048980
2912.663755,0.053061
2910.043668,0.059184
2907.423581,0.067347
2904.803493,0.075510
2902.183406,0.081633
2899.563319,0.081633
2896.943231,0.081633
2894.323144,0.079592
2891.703057,0.071429
2889.082969,0.063265
2886.462882,0.053061
2883.842795,0.046939
2881.222707,0.040816
2878.602620,0.036735
2875.982533,0.034694
2873.362445,0.032653
2870.742358,0.030612
2868.122271,0.030612
2865.502183,0.028571
2862.882096,0.028571
2860.262009,0.028571
2857.641921,0.026531
2855.021834,0.026531
2852.401747,0.026531
2849.781659,0.024490
2847.161572,0.024490
2844.541485,0.022449
2841.921397,0.022449
2839.301310,0.022449
2836.681223,0.020408
2834.061135,0.020408
2831.441048,0.020408
2828.820961,0.020408
2826.200873,0.018367
2823.580786,0.018367
2820.960699,0.018367
2818.340611,0.018367
2815.720524,0.018367
2813.100437,0.018367
2810.480349,0.018367
2807.860262,0.018367
2805.240175,0.018367
2802.620087,0.018367
2800.000000,0.018367
2797.379913,0.018367
2794.759825,0.016327
2792.139738,0.016327
2789.519651,0.016327
2786.899563,0.016327
2784.279476,0.016327
2781.659389,0.014286
2779.039301,0.014286
2776.419214,0.014286
2773.799127,0.014286
2771.179039,0.014286
2768.558952,0.012245
2765.938865,0.012245
2763.318777,0.012245
2760.698690,0.012245
2758.078603,0.012245
2755.458515,0.012245
2752.838428,0.012245
2750.218341,0.012245
2747.598253,0.012245
2744.978166,0.012245
2742.358079,0.012245
2739.737991,0.012245
2737.117904,0.010204
2734.497817,0.010204
2731.877729,0.010204
2729.257642,0.010204
2726.637555,0.008163
2724.017467,0.008163
2721.397380,0.008163
2718.777293,0.008163
2716.157205,0.008163
2713.537118,0.008163
2710.917031,0.008163
2708.296943,0.006122
2705.676856,0.006122
2703.056769,0.006122
2700.436681,0.006122
2697.816594,0.006122
2695.196507,0.006122
2692.576419,0.006122
2689.956332,0.006122
2687.336245,0.006122
2684.716157,0.006122
2682.096070,0.006122
2679.475983,0.006122
2676.855895,0.006122
2674.235808,0.006122
2671.615721,0.006122
2668.995633,0.006122
2666.375546,0.006122
2663.755459,0.006122
2661.135371,0.008163
2658.515284,0.008163
2655.895197,0.008163
2653.275109,0.008163
2650.655022,0.008163
2648.034934,0.006122
2645.414847,0.006122
2642.794760,0.006122
2640.174672,0.006122
2637.554585,0.006122
2634.934498,0.006122
2632.314410,0.006122
2629.694323,0.006122
2627.074236,0.006122
2624.454148,0.006122
2621.834061,0.006122
2619.213974,0.006122
2616.593886,0.006122
2613.973799,0.006122
2611.353712,0.006122
2608.733624,0.006122
2606.113537,0.006122
2603.493450,0.006122
2600.873362,0.006122
2598.253275,0.006122
2595.633188,0.006122
2593.013100,0.006122
2590.393013,0.006122
2587.772926,0.004082
2585.152838,0.006122
2582.532751,0.006122
2579.912664,0.006122
2577.292576,0.006122
2574.672489,0.006122
2572.052402,0.006122
2569.432314,0.006122
2566.812227,0.008163
2564.192140,0.010204
2561.572052,0.012245
2558.951965,0.012245
2556.331878,0.014286
2553.711790,0.014286
2551.091703,0.014286
2548.471616,0.012245
2545.851528,0.012245
2543.231441,0.010204
2540.611354,0.010204
2537.991266,0.010204
2535.371179,0.010204
2532.751092,0.008163
2530.131004,0.008163
2527.510917,0.010204
2524.890830,0.010204
2522.270742,0.012245
2519.650655,0.012245
2517.030568,0.014286
2514.410480,0.016327
2511.790393,0.018367
2509.170306,0.018367
2506.550218,0.018367
2503.930131,0.018367
2501.310044,0.020408
2498.689956,0.020408
2496.069869,0.020408
2493.449782,0.020408
2490.829694,0.018367
2488.209607,0.018367
2485.589520,0.016327
2482.969432,0.016327
2480.349345,0.014286
2477.729258,0.014286
2475.109170,0.012245
2472.489083,0.010204
2469.868996,0.010204
2467.248908,0.008163
2464.628821,0.008163
2462.008734,0.006122
2459.388646,0.006122
2456.768559,0.006122
2454.148472,0.006122
2451.528384,0.004082
2448.908297,0.004082
2446.288210,0.004082
2443.668122,0.004082
2441.048035,0.006122
2438.427948,0.006122
2435.807860,0.006122
2433.187773,0.006122
2430.567686,0.006122
2427.947598,0.006122
2425.327511,0.006122
2422.707424,0.006122
2420.087336,0.006122
2417.467249,0.006122
2414.847162,0.006122
2412.227074,0.006122
2409.606987,0.006122
2406.986900,0.006122
2404.366812,0.006122
2401.746725,0.006122
2399.126638,0.006122
2396.506550,0.004082
2393.886463,0.004082
2391.266376,0.004082
2388.646288,0.004082
2386.026201,0.004082
2383.406114,0.004082
2380.786026,0.004082
2378.165939,0.004082
2375.545852,0.004082
2372.925764,0.004082
2370.305677,0.004082
2367.685590,0.004082
2365.065502,0.004082
2362.445415,0.002041
2359.825328,0.002041
2357.205240,0.002041
2354.585153,0.004082
2351.965066,0.004082
2349.344978,0.004082
2346.724891,0.004082
2344.104803,0.004082
2341.484716,0.004082
2338.864629,0.004082
2336.244541,0.004082
2333.624454,0.004082
2331.004367,0.004082
2328.384279,0.004082
2325.764192,0.004082
2323.144105,0.006122
2320.524017,0.006122
2317.903930,0.006122
2315.283843,0.006122
2312.663755,0.006122
2310.043668,0.006122
2307.423581,0.006122
2304.803493,0.006122
2302.183406,0.006122
2299.563319,0.006122
2296.943231,0.004082
2294.323144,0.004082
2291.703057,0.004082
2289.082969,0.004082
2286.462882,0.004082
2283.842795,0.004082
2281.222707,0.004082
2278.602620,0.004082
2275.982533,0.004082
2273.362445,0.004082
2270.742358,0.004082
2268.122271,0.004082
2265.502183,0.004082
2262.882096,0.006122
2260.262009,0.006122
2257.641921,0.006122
2255.021834,0.006122
2252.401747,0.006122
2249.781659,0.006122
2247.161572,0.006122
2244.541485,0.006122
2241.921397,0.006122
2239.301310,0.006122
2236.681223,0.006122
2234.061135,0.006122
2231.441048,0.006122
2228.820961,0.006122
2226.200873,0.004082
2223.580786,0.004082
2220.960699,0.004082
2218.340611,0.004082
2215.720524,0.004082
2213.100437,0.004082
2210.480349,0.004082
2207.860262,0.004082
2205.240175,0.006122
2202.620087,0.006122
2200.000000,0.006122
2197.379913,0.006122
2194.759825,0.006122
2192.139738,0.006122
2189.519651,0.006122
2186.899563,0.004082
2184.279476,0.004082
2181.659389,0.004082
2179.039301,0.004082
2176.419214,0.004082
2173.799127,0.004082
2171.179039,0.004082
2168.558952,0.004082
2165.938865,0.004082
2163.318777,0.004082
2160.698690,0.004082
2158.078603,0.004082
2155.458515,0.004082
2152.838428,0.004082
2150.218341,0.004082
2147.598253,0.004082
2144.978166,0.004082
2142.358079,0.004082
2139.737991,0.006122
2137.117904,0.006122
2134.497817,0.004082
2131.877729,0.004082
2129.257642,0.004082
2126.637555,0.006122
2124.017467,0.006122
2121.397380,0.006122
2118.777293,0.006122
2116.157205,0.006122
2113.537118,0.008163
2110.917031,0.008163
2108.296943,0.008163
2105.676856,0.008163
2103.056769,0.008163
2100.436681,0.008163
2097.816594,0.008163
2095.196507,0.008163
2092.576419,0.008163
2089.956332,0.008163
2087.336245,0.006122
2084.716157,0.006122
2082.096070,0.006122
2079.475983,0.006122
2076.855895,0.006122
2074.235808,0.004082
2071.615721,0.004082
2068.995633,0.004082
2066.375546,0.004082
2063.755459,0.004082
2061.135371,0.004082
2058.515284,0.004082
2055.895197,0.004082
2053.275109,0.004082
2050.655022,0.002041
2048.034934,0.002041
2045.414847,0.002041
2042.794760,0.002041
2040.174672,0.004082
2037.554585,0.004082
2034.934498,0.004082
2032.314410,0.004082
2029.694323,0.006122
2027.074236,0.008163
2024.454148,0.008163
2021.834061,0.008163
2019.213974,0.010204
2016.593886,0.010204
2013.973799,0.010204
2011.353712,0.010204
2008.733624,0.010204
2006.113537,0.010204
2003.493450,0.008163
2000.873362,0.008163
1998.253275,0.008163
1995.633188,0.008163
1993.013100,0.008163
1990.393013,0.006122
1987.772926,0.008163
1985.152838,0.008163
1982.532751,0.008163
1979.912664,0.010204
1977.292576,0.012245
1974.672489,0.014286
1972.052402,0.016327
1969.432314,0.018367
1966.812227,0.020408
1964.192140,0.022449
1961.572052,0.024490
1958.951965,0.024490
1956.331878,0.024490
1953.711790,0.024490
1951.091703,0.024490
1948.471616,0.024490
1945.851528,0.024490
1943.231441,0.024490
1940.611354,0.024490
1937.991266,0.024490
1935.371179,0.026531
1932.751092,0.028571
1930.131004,0.028571
1927.510917,0.028571
1924.890830,0.026531
1922.270742,0.022449
1919.650655,0.018367
1917.030568,0.014286
1914.410480,0.010204
1911.790393,0.008163
1909.170306,0.006122
1906.550218,0.006122
1903.930131,0.006122
1901.310044,0.004082
1898.689956,0.004082
1896.069869,0.004082
1893.449782,0.006122
1890.829694,0.006122
1888.209607,0.006122
1885.589520,0.006122
1882.969432,0.008163
1880.349345,0.008163
1877.729258,0.010204
1875.109170,0.012245
1872.489083,0.014286
1869.868996,0.016327
1867.248908,0.018367
1864.628821,0.018367
1862.008734,0.018367
1859.388646,0.018367
1856.768559,0.016327
1854.148472,0.014286
1851.528384,0.016327
1848.908297,0.016327
1846.288210,0.016327
1843.668122,0.016327
1841.048035,0.014286
1838.427948,0.012245
1835.807860,0.012245
1833.187773,0.010204
1830.567686,0.008163
1827.947598,0.006122
1825.327511,0.006122
1822.707424,0.004082
1820.087336,0.004082
1817.467249,0.004082
1814.847162,0.004082
1812.227074,0.004082
1809.606987,0.004082
1806.986900,0.004082
1804.366812,0.006122
1801.746725,0.006122
1799.126638,0.006122
1796.506550,0.008163
1793.886463,0.010204
1791.266376,0.010204
1788.646288,0.012245
1786.026201,0.016327
1783.406114,0.016327
1780.786026,0.018367
1778.165939,0.018367
1775.545852,0.020408
1772.925764,0.018367
1770.305677,0.016327
1767.685590,0.014286
1765.065502,0.012245
1762.445415,0.010204
1759.825328,0.008163
1757.205240,0.006122
1754.585153,0.006122
1751.965066,0.006122
1749.344978,0.004082
1746.724891,0.006122
1744.104803,0.006122
1741.484716,0.008163
1738.864629,0.008163
1736.244541,0.008163
1733.624454,0.008163
1731.004367,0.010204
1728.384279,0.012245
1725.764192,0.014286
1723.144105,0.016327
1720.524017,0.018367
1717.903930,0.018367
1715.283843,0.018367
1712.663755,0.020408
1710.043668,0.022449
1707.423581,0.020408
1704.803493,0.018367
1702.183406,0.016327
1699.563319,0.014286
1696.943231,0.010204
1694.323144,0.010204
1691.703057,0.012245
1689.082969,0.012245
1686.462882,0.012245
1683.842795,0.010204
1681.222707,0.008163
1678.602620,0.010204
1675.982533,0.010204
1673.362445,0.008163
1670.742358,0.008163
1668.122271,0.008163
1665.502183,0.010204
1662.882096,0.010204
1660.262009,0.010204
1657.641921,0.012245
1655.021834,0.012245
1652.401747,0.010204
1649.781659,0.012245
1647.161572,0.014286
1644.541485,0.014286
1641.921397,0.018367
1639.301310,0.018367
1636.681223,0.018367
1634.061135,0.020408
1631.441048,0.022449
1628.820961,0.024490
1626.200873,0.026531
1623.580786,0.028571
1620.960699,0.032653
1618.340611,0.036735
1615.720524,0.044898
1613.100437,0.057143
1610.480349,0.073469
1607.860262,0.112245
1605.240175,0.200000
1602.620087,0.389796
1600.000000,0.671429
1597.379913,0.716327
1594.759825,0.716327
1592.139738,0.642857
1589.519651,0.446939
1586.899563,0.338776
1584.279476,0.316327
1581.659389,0.257143
1579.039301,0.165306
1576.419214,0.118367
1573.799127,0.091837
1571.179039,0.067347
1568.558952,0.048980
1565.938865,0.036735
1563.318777,0.030612
1560.698690,0.028571
1558.078603,0.024490
1555.458515,0.022449
1552.838428,0.022449
1550.218341,0.022449
1547.598253,0.022449
1544.978166,0.022449
1542.358079,0.024490
1539.737991,0.026531
1537.117904,0.030612
1534.497817,0.032653
1531.877729,0.034694
1529.257642,0.036735
1526.637555,0.038776
1524.017467,0.044898
1521.397380,0.055102
1518.777293,0.071429
1516.157205,0.093878
1513.537118,0.124490
1510.917031,0.157143
1508.296943,0.200000
1505.676856,0.275510
1503.056769,0.383673
1500.436681,0.528571
1497.816594,0.702041
1495.196507,0.828571
1492.576419,0.842857
1489.956332,0.842857
1487.336245,0.781633
1484.716157,0.581633
1482.096070,0.408163
1479.475983,0.279592
1476.855895,0.187755
1474.235808,0.136735
1471.615721,0.104082
1468.995633,0.081633
1466.375546,0.071429
1463.755459,0.067347
1461.135371,0.067347
1458.515284,0.075510
1455.895197,0.095918
1453.275109,0.104082
1450.655022,0.104082
1448.034934,0.102041
1445.414847,0.089796
1442.794760,0.079592
1440.174672,0.075510
1437.554585,0.071429
1434.934498,0.065306
1432.314410,0.061224
1429.694323,0.057143
1427.074236,0.057143
1424.454148,0.061224
1421.834061,0.067347
1419.213974,0.073469
1416.593886,0.077551
1413.973799,0.079592
1411.353712,0.079592
1408.733624,0.079592
1406.113537,0.079592
1403.493450,0.079592
1400.873362,0.077551
1398.253275,0.071429
1395.633188,0.065306
1393.013100,0.061224
1390.393013,0.057143
1387.772926,0.053061
1385.152838,0.051020
1382.532751,0.048980
1379.912664,0.048980
1377.292576,0.046939
1374.672489,0.046939
1372.052402,0.046939
1369.432314,0.048980
1366.812227,0.048980
1364.192140,0.048980
1361.572052,0.046939
1358.951965,0.044898
1356.331878,0.042857
1353.711790,0.040816
1351.091703,0.040816
1348.471616,0.038776
1345.851528,0.040816
1343.231441,0.040816
1340.611354,0.044898
1337.991266,0.048980
1335.371179,0.053061
1332.751092,0.059184
1330.131004,0.067347
1327.510917,0.075510
1324.890830,0.081633
1322.270742,0.089796
1319.650655,0.093878
1317.030568,0.097959
1314.410480,0.106122
1311.790393,0.116327
1309.170306,0.128571
1306.550218,0.140816
1303.930131,0.155102
1301.310044,0.165306
1298.689956,0.175510
1296.069869,0.187755
1293.449782,0.202041
1290.829694,0.222449
1288.209607,0.257143
1285.589520,0.297959
1282.969432,0.330612
1280.349345,0.361224
1277.729258,0.424490
1275.109170,0.544898
1272.489083,0.718367
1269.868996,0.851020
1267.248908,0.877551
1264.628821,0.877551
1262.008734,0.861224
1259.388646,0.918367
1256.768559,0.983673
1254.148472,1.000000
1251.528384,1.000000
1248.908297,0.983673
1246.288210,0.889796
1243.668122,0.746939
1241.048035,0.591837
1238.427948,0.477551
1235.807860,0.404082
1233.187773,0.344898
1230.567686,0.300000
1227.947598,0.253061
1225.327511,0.204082
1222.707424,0.161224
1220.087336,0.124490
1217.467249,0.095918
1214.847162,0.075510
1212.227074,0.061224
1209.606987,0.051020
1206.986900,0.044898
1204.366812,0.038776
1201.746725,0.034694
1199.126638,0.030612
1196.506550,0.028571
1193.886463,0.028571
1191.266376,0.030612
1188.646288,0.030612
1186.026201,0.032653
1183.406114,0.032653
1180.786026,0.036735
1178.165939,0.044898
1175.545852,0.061224
1172.925764,0.093878
1170.305677,0.151020
1167.685590,0.206122
1165.065502,0.216327
1162.445415,0.214286
1159.825328,0.195918
1157.205240,0.126531
1154.585153,0.079592
1151.965066,0.065306
1149.344978,0.059184
1146.724891,0.044898
1144.104803,0.030612
1141.484716,0.024490
1138.864629,0.020408
1136.244541,0.018367
1133.624454,0.018367
1131.004367,0.016327
1128.384279,0.016327
1125.764192,0.016327
1123.144105,0.018367
1120.524017,0.018367
1117.903930,0.020408
1115.283843,0.022449
1112.663755,0.024490
1110.043668,0.026531
1107.423581,0.026531
1104.803493,0.024490
1102.183406,0.022449
1099.563319,0.022449
1096.943231,0.022449
1094.323144,0.022449
1091.703057,0.024490
1089.082969,0.026531
1086.462882,0.028571
1083.842795,0.032653
1081.222707,0.038776
1078.602620,0.053061
1075.982533,0.093878
1073.362445,0.148980
1070.742358,0.163265
1068.122271,0.163265
1065.502183,0.144898
1062.882096,0.093878
1060.262009,0.059184
1057.641921,0.042857
1055.021834,0.034694
1052.401747,0.030612
1049.781659,0.028571
1047.161572,0.026531
1044.541485,0.026531
1041.921397,0.026531
1039.301310,0.026531
1036.681223,0.028571
1034.061135,0.036735
1031.441048,0.061224
1028.820961,0.136735
1026.200873,0.189796
1023.580786,0.191837
1020.960699,0.183673
1018.340611,0.118367
1015.720524,0.069388
1013.100437,0.051020
1010.480349,0.051020
1007.860262,0.097959
1005.240175,0.175510
1002.620087,0.179592
1000.000000,0.179592
997.379913,0.126531
994.759825,0.065306
992.139738,0.044898
989.519651,0.040816
986.899563,0.038776
984.279476,0.032653
981.659389,0.034694
979.039301,0.036735
976.419214,0.040816
973.799127,0.040816
971.179039,0.042857
968.558952,0.042857
965.938865,0.046939
963.318777,0.051020
960.698690,0.057143
958.078603,0.063265
955.458515,0.071429
952.838428,0.083673
950.218341,0.095918
947.598253,0.114286
944.978166,0.138776
942.358079,0.173469
939.737991,0.220408
937.117904,0.293878
934.497817,0.400000
931.877729,0.538776
929.257642,0.685714
926.637555,0.810204
924.017467,0.889796
921.397380,0.928571
918.777293,0.930612
916.157205,0.930612
913.537118,0.912245
910.917031,0.844898
908.296943,0.734694
905.676856,0.591837
903.056769,0.473469
900.436681,0.393878
897.816594,0.432653
895.196507,0.448980
892.576419,0.448980
889.956332,0.440816
887.336245,0.387755
884.716157,0.320408
882.096070,0.261224
879.475983,0.218367
876.855895,0.202041
874.235808,0.218367
871.615721,0.242857
868.995633,0.279592
866.375546,0.324490
863.755459,0.383673
861.135371,0.461224
858.515284,0.555102
855.895197,0.657143
853.275109,0.757143
850.655022,0.834694
848.034934,0.889796
845.414847,0.902041
842.794760,0.902041
840.174672,0.893878
837.554585,0.834694
834.934498,0.740816
832.314410,0.630612
829.694323,0.522449
827.074236,0.438776
824.454148,0.375510
821.834061,0.318367
819.213974,0.269388
816.593886,0.228571
813.973799,0.191837
811.353712,0.163265
808.733624,0.142857
806.113537,0.124490
803.493450,0.112245
800.873362,0.102041
798.253275,0.093878
795.633188,0.087755
793.013100,0.083673
790.393013,0.087755
787.772926,0.095918
785.152838,0.112245
782.532751,0.136735
779.912664,0.179592
777.292576,0.257143
774.672489,0.365306
772.052402,0.467347
769.432314,0.520408
766.812227,0.536735
764.192140,0.544898
761.572052,0.548980
758.951965,0.548980
756.331878,0.546939
753.711790,0.522449
751.091703,0.459184
748.471616,0.375510
745.851528,0.283673
743.231441,0.208163
740.611354,0.151020
737.991266,0.112245
735.371179,0.091837
732.751092,0.079592
730.131004,0.071429
727.510917,0.065306
724.890830,0.063265
722.270742,0.065306
719.650655,0.071429
717.030568,0.085714
714.410480,0.112245
711.790393,0.138776
709.170306,0.148980
706.550218,0.148980
703.930131,0.146939
701.310044,0.191837
698.689956,0.310204
696.069869,0.475510
693.449782,0.516327
690.829694,0.514286
688.209607,0.459184
685.589520,0.283673
682.969432,0.161224
680.349345,0.100000
677.729258,0.063265
675.109170,0.042857
672.489083,0.032653
669.868996,0.024490
667.248908,0.020408
664.628821,0.016327
662.008734,0.018367
659.388646,0.018367
656.768559,0.018367
654.148472,0.018367
651.528384,0.016327
648.908297,0.014286
646.288210,0.012245
643.668122,0.010204
641.048035,0.010204
638.427948,0.010204
635.807860,0.010204
633.187773,0.012245
630.567686,0.016327
627.947598,0.024490
625.327511,0.038776
622.707424,0.044898
620.087336,0.046939
617.467249,0.044898
614.847162,0.042857
612.227074,0.034694
609.606987,0.026531
606.986900,0.018367
604.366812,0.018367
601.746725,0.016327
599.126638,0.016327
596.506550,0.016327
593.886463,0.016327
591.266376,0.014286
588.646288,0.014286
586.026201,0.012245
583.406114,0.010204
580.786026,0.008163
578.165939,0.008163
575.545852,0.006122
572.925764,0.006122
570.305677,0.004082
567.685590,0.004082
565.065502,0.004082
562.445415,0.004082
559.825328,0.002041
557.205240,0.002041
554.585153,0.002041
551.965066,0.002041
549.344978,0.002041
546.724891,0.002041
544.104803,0.002041
541.484716,0.002041
538.864629,0.002041
536.244541,0.002041
533.624454,0.002041
531.004367,0.002041
528.384279,0.002041
525.764192,0.002041
523.144105,0.002041
520.524017,0.002041
517.903930,0.002041
515.283843,0.002041
512.663755,0.002041
510.043668,0.002041
507.423581,0.002041
504.803493,0.002041
502.183406,0.002041
499.563319,0.002041
496.943231,0.002041
494.323144,0.002041
491.703057,0.002041
489.082969,0.002041
486.462882,0.002041
483.842795,0.002041
481.222707,0.002041
478.602620,0.002041
475.982533,0.002041
473.362445,0.002041
470.742358,0.002041
468.122271,0.002041
465.502183,0.002041
462.882096,0.002041
460.262009,0.002041
457.641921,0.002041
455.021834,0.002041
452.401747,0.002041
449.781659,0.002041
447.161572,nan
444.541485,nan
441.921397,nan
439.301310,nan
436.681223,nan
434.061135,nan
431.441048,nan
428.820961,nan
426.200873,nan
423.580786,nan
420.960699,nan
418.340611,nan
415.720524,nan
413.100437,nan
410.480349,nan
407.860262,nan
405.240175,nan
402.620087,nan
400.000000,nan
