4000.000000,0.016327
3997.379913,0.018367
3994.759825,0.018367
3992.139738,0.018367
3989.519651,0.018367
3986.899563,0.018367
3984.279476,0.020408
3981.659389,0.018367
3979.039301,0.018367
3976.419214,0.018367
3973.799127,0.018367
3971.179039,0.018367
3968.558952,0.018367
3965.938865,0.018367
3963.318777,0.018367
3960.698690,0.018367
3958.078603,0.018367
3955.458515,0.018367
3952.838428,0.018367
3950.218341,0.018367
3947.598253,0.018367
3944.978166,0.016327
3942.358079,0.016327
3939.737991,0.018367
3937.117904,0.018367
3934.497817,0.018367
3931.877729,0.016327
3929.257642,0.016327
3926.637555,0.016327
3924.017467,0.016327
3921.397380,0.016327
3918.777293,0.016327
3916.157205,0.016327
3913.537118,0.016327
3910.917031,0.016327
3908.296943,0.016327
3905.676856,0.016327
3903.056769,0.016327
3900.436681,0.016327
3897.816594,0.016327
3895.196507,0.016327
3892.576419,0.016327
3889.956332,0.016327
3887.336245,0.016327
3884.716157,0.016327
3882.096070,0.016327
3879.475983,0.016327
3876.855895,0.016327
3874.235808,0.016327
3871.615721,0.016327
3868.995633,0.016327
3866.375546,0.016327
3863.755459,0.016327
3861.135371,0.016327
3858.515284,0.016327
3855.895197,0.016327
3853.275109,0.016327
3850.655022,0.016327
3848.034934,0.016327
3845.414847,0.016327
3842.794760,0.018367
3840.174672,0.018367
3837.554585,0.018367
3834.934498,0.016327
3832.314410,0.016327
3829.694323,0.018367
3827.074236,0.018367
3824.454148,0.018367
3821.834061,0.018367
3819.213974,0.018367
3816.593886,0.018367
3813.973799,0.018367
3811.353712,0.018367
3808.733624,0.018367
3806.113537,0.018367
3803.493450,0.018367
3800.873362,0.018367
3798.253275,0.018367
3795.633188,0.018367
3793.013100,0.020408
3790.393013,0.020408
3787.772926,0.020408
3785.152838,0.020408
3782.532751,0.020408
3779.912664,0.020408
3777.292576,0.020408
3774.672489,0.022449
3772.052402,0.022449
3769.432314,0.022449
3766.812227,0.022449
3764.192140,0.022449
3761.572052,0.022449
3758.951965,0.020408
3756.331878,0.022449
3753.711790,0.022449
3751.091703,0.022449
3748.471616,0.022449
3745.851528,0.022449
3743.231441,0.020408
3740.611354,0.020408
3737.991266,0.022449
3735.371179,0.020408
3732.751092,0.020408
3730.131004,0.020408
3727.510917,0.020408
3724.890830,0.022449
3722.270742,0.022449
3719.650655,0.022449
3717.030568,0.022449
3714.410480,0.022449
3711.790393,0.022449
3709.170306,0.022449
3706.550218,0.022449
3703.930131,0.022449
3701.310044,0.022449
3698.689956,0.022449
3696.069869,0.022449
3693.449782,0.022449
3690.829694,0.022449
3688.209607,0.020408
3685.589520,0.020408
3682.969432,0.020408
3680.349345,0.018367
3677.729258,0.018367
3675.109170,0.020408
3672.489083,0.020408
3669.868996,0.020408
3667.248908,0.018367
3664.628821,0.018367
3662.008734,0.018367
3659.388646,0.020408
3656.768559,0.020408
3654.148472,0.020408
3651.528384,0.020408
3648.908297,0.020408
3646.288210,0.020408
3643.668122,0.020408
3641.048035,0.020408
3638.427948,0.020408
3635.807860,0.020408
3633.187773,0.020408
3630.567686,0.020408
3627.947598,0.020408
3625.327511,0.020408
3622.707424,0.018367
3620.087336,0.018367
3617.467249,0.020408
3614.847162,0.020408
3612.227074,0.020408
3609.606987,0.020408
3606.986900,0.018367
3604.366812,0.018367
3601.746725,0.020408
3599.126638,0.020408
3596.506550,0.020408
3593.886463,0.020408
3591.266376,0.020408
3588.646288,0.020408
3586.026201,0.020408
3583.406114,0.020408
3580.786026,0.020408
3578.165939,0.020408
3575.545852,0.020408
3572.925764,0.020408
3570.305677,0.020408
3567.685590,0.020408
3565.065502,0.020408
3562.445415,0.020408
3559.825328,0.018367
3557.205240,0.018367
3554.585153,0.018367
3551.965066,0.018367
3549.344978,0.018367
3546.724891,0.018367
3544.104803,0.018367
3541.484716,0.018367
3538.864629,0.018367
3536.244541,0.018367
3533.624454,0.018367
3531.004367,0.020408
3528.384279,0.018367
3525.764192,0.018367
3523.144105,0.018367
3520.524017,0.018367
3517.903930,0.018367
3515.283843,0.018367
3512.663755,0.020408
3510.043668,0.020408
3507.423581,0.020408
3504.803493,0.020408
3502.183406,0.020408
3499.563319,0.020408
3496.943231,0.020408
3494.323144,0.020408
3491.703057,0.020408
3489.082969,0.020408
3486.462882,0.020408
3483.842795,0.020408
3481.222707,0.020408
3478.602620,0.020408
3475.982533,0.020408
3473.362445,0.020408
3470.742358,0.020408
3468.122271,0.020408
3465.502183,0.022449
3462.882096,0.020408
3460.262009,0.020408
3457.641921,0.022449
3455.021834,0.022449
3452.401747,0.022449
3449.781659,0.022449
3447.161572,0.022449
3444.541485,0.020408
3441.921397,0.022449
3439.301310,0.022449
3436.681223,0.022449
3434.061135,0.022449
3431.441048,0.022449
3428.820961,0.022449
3426.200873,0.022449
3423.580786,0.022449
3420.960699,0.022449
3418.340611,0.024490
3415.720524,0.024490
3413.100437,0.024490
3410.480349,0.024490
3407.860262,0.024490
3405.240175,0.024490
3402.620087,0.024490
3400.000000,0.024490
3397.379913,0.024490
3394.759825,0.024490
3392.139738,0.024490
3389.519651,0.024490
3386.899563,0.022449
3384.279476,0.024490
3381.659389,0.024490
3379.039301,0.024490
3376.419214,0.022449
3373.799127,0.024490
3371.179039,0.024490
3368.558952,0.024490
3365.938865,0.024490
3363.318777,0.024490
3360.698690,0.024490
3358.078603,0.022449
3355.458515,0.024490
3352.838428,0.024490
3350.218341,0.024490
3347.598253,0.024490
3344.978166,0.024490
3342.358079,0.024490
3339.737991,0.022449
3337.117904,0.024490
3334.497817,0.022449
3331.877729,0.022449
3329.257642,0.022449
3326.637555,0.022449
3324.017467,0.024490
3321.397380,0.024490
3318.777293,0.022449
3316.157205,0.022449
3313.537118,0.022449
3310.917031,0.024490
3308.296943,0.022449
3305.676856,0.022449
3303.056769,0.024490
3300.436681,0.024490
3297.816594,0.024490
3295.196507,0.024490
3292.576419,0.022449
3289.956332,0.024490
3287.336245,0.024490
3284.716157,0.022449
3282.096070,0.022449
3279.475983,0.022449
3276.855895,0.022449
3274.235808,0.022449
3271.615721,0.022449
3268.995633,0.022449
3266.375546,0.022449
3263.755459,0.022449
3261.135371,0.022449
3258.515284,0.022449
3255.895197,0.022449
3253.275109,0.022449
3250.655022,0.022449
3248.034934,0.022449
3245.414847,0.022449
3242.794760,0.022449
3240.174672,0.022449
3237.554585,0.022449
3234.934498,0.024490
3232.314410,0.024490
3229.694323,0.022449
3227.074236,0.022449
3224.454148,0.022449
3221.834061,0.022449
3219.213974,0.022449
3216.593886,0.022449
3213.973799,0.022449
3211.353712,0.022449
3208.733624,0.022449
3206.113537,0.024490
3203.493450,0.024490
3200.873362,0.024490
3198.253275,0.024490
3195.633188,0.022449
3193.013100,0.022449
3190.393013,0.022449
3187.772926,0.022449
3185.152838,0.022449
3182.532751,0.022449
3179.912664,0.022449
3177.292576,0.022449
3174.672489,0.022449
3172.052402,0.022449
3169.432314,0.024490
3166.812227,0.024490
3164.192140,0.022449
3161.572052,0.022449
3158.951965,0.022449
3156.331878,0.022449
3153.711790,0.022449
3151.091703,0.024490
3148.471616,0.024490
3145.851528,0.024490
3143.231441,0.024490
3140.611354,0.024490
3137.991266,0.024490
3135.371179,0.024490
3132.751092,0.024490
3130.131004,0.024490
3127.510917,0.024490
3124.890830,0.024490
3122.270742,0.026531
3119.650655,0.026531
3117.030568,0.026531
3114.410480,0.026531
3111.790393,0.026531
3109.170306,0.026531
3106.550218,0.026531
3103.930131,0.026531
3101.310044,0.026531
3098.689956,0.026531
3096.069869,0.026531
3093.449782,0.026531
3090.829694,0.028571
3088.209607,0.028571
3085.589520,0.026531
3082.969432,0.026531
3080.349345,0.028571
3077.729258,0.028571
3075.109170,0.028571
3072.489083,0.028571
3069.868996,0.028571
3067.248908,0.028571
3064.628821,0.028571
3062.008734,0.030612
3059.388646,0.030612
3056.768559,0.028571
3054.148472,0.030612
3051.528384,0.030612
3048.908297,0.030612
3046.288210,0.028571
3043.668122,0.030612
3041.048035,0.030612
3038.427948,0.030612
3035.807860,0.030612
3033.187773,0.030612
3030.567686,0.030612
3027.947598,0.030612
3025.327511,0.030612
3022.707424,0.032653
3020.087336,0.032653
3017.467249,0.032653
3014.847162,0.032653
3012.227074,0.032653
3009.606987,0.034694
3006.986900,0.034694
3004.366812,0.036735
3001.746725,0.036735
2999.126638,0.038776
2996.506550,0.040816
2993.886463,0.044898
2991.266376,0.048980
2988.646288,0.055102
2986.026201,0.063265
2983.406114,0.071429
2980.786026,0.079592
2978.165939,0.095918
2975.545852,0.118367
2972.925764,0.148980
2970.305677,0.183673
2967.685590,0.220408
2965.065502,0.248980
2962.445415,0.267347
2959.825328,0.269388
2957.205240,0.269388
2954.585153,0.263265
2951.965066,0.238776
2949.344978,0.200000
2946.724891,0.161224
2944.104803,0.134694
2941.484716,0.130612
2938.864629,0.144898
2936.244541,0.153061
2933.624454,0.155102
2931.004367,0.153061
2928.384279,0.140816
2925.764192,0.116327
2923.144105,0.095918
2920.524017,0.077551
2917.903930,0.069388
2915.283843,0.063265
2912.663755,0.057143
2910.043668,0.061224
2907.423581,0.065306
2904.803493,0.069388
2902.183406,0.071429
2899.563319,0.071429
2896.943231,0.071429
2894.323144,0.067347
2891.703057,0.061224
2889.082969,0.055102
2886.462882,0.048980
2883.842795,0.044898
2881.222707,0.040816
2878.602620,0.038776
2875.982533,0.036735
2873.362445,0.034694
2870.742358,0.032653
2868.122271,0.032653
2865.502183,0.032653
2862.882096,0.030612
2860.262009,0.030612
2857.641921,0.030612
2855.021834,0.030612
2852.401747,0.030612
2849.781659,0.030612
2847.161572,0.028571
2844.541485,0.026531
2841.921397,0.026531
2839.301310,0.026531
2836.681223,0.024490
2834.061135,0.024490
2831.441048,0.024490
2828.820961,0.022449
2826.200873,0.022449
2823.580786,0.022449
2820.960699,0.022449
2818.340611,0.022449
2815.720524,0.022449
2813.100437,0.022449
2810.480349,0.022449
2807.860262,0.022449
2805.240175,0.022449
2802.620087,0.022449
2800.000000,0.022449
2797.379913,0.022449
2794.759825,0.022449
2792.139738,0.024490
2789.519651,0.024490
2786.899563,0.022449
2784.279476,0.022449
2781.659389,0.020408
2779.039301,0.020408
2776.419214,0.020408
2773.799127,0.020408
2771.179039,0.020408
2768.558952,0.018367
2765.938865,0.018367
2763.318777,0.018367
2760.698690,0.018367
2758.078603,0.018367
2755.458515,0.018367
2752.838428,0.018367
2750.218341,0.018367
2747.598253,0.016327
2744.978166,0.016327
2742.358079,0.016327
2739.737991,0.016327
2737.117904,0.016327
2734.497817,0.016327
2731.877729,0.016327
2729.257642,0.014286
2726.637555,0.014286
2724.017467,0.014286
2721.397380,0.014286
2718.777293,0.014286
2716.157205,0.014286
2713.537118,0.014286
2710.917031,0.014286
2708.296943,0.014286
2705.676856,0.014286
2703.056769,0.014286
2700.436681,0.014286
2697.816594,0.014286
2695.196507,0.014286
2692.576419,0.014286
2689.956332,0.014286
2687.336245,0.014286
2684.716157,0.014286
2682.096070,0.014286
2679.475983,0.014286
2676.855895,0.014286
2674.235808,0.012245
2671.615721,0.014286
2668.995633,0.014286
2666.375546,0.014286
2663.755459,0.014286
2661.135371,0.014286
2658.515284,0.014286
2655.895197,0.014286
2653.275109,0.014286
2650.655022,0.014286
2648.034934,0.014286
2645.414847,0.014286
2642.794760,0.014286
2640.174672,0.014286
2637.554585,0.012245
2634.934498,0.012245
2632.314410,0.012245
2629.694323,0.012245
2627.074236,0.012245
2624.454148,0.012245
2621.834061,0.012245
2619.213974,0.012245
2616.593886,0.012245
2613.973799,0.012245
2611.353712,0.012245
2608.733624,0.010204
2606.113537,0.010204
2603.493450,0.010204
2600.873362,0.010204
2598.253275,0.012245
2595.633188,0.012245
2593.013100,0.010204
2590.393013,0.010204
2587.772926,0.010204
2585.152838,0.010204
2582.532751,0.010204
2579.912664,0.010204
2577.292576,0.010204
2574.672489,0.010204
2572.052402,0.012245
2569.432314,0.010204
2566.812227,0.010204
2564.192140,0.010204
2561.572052,0.010204
2558.951965,0.010204
2556.331878,0.010204
2553.711790,0.010204
2551.091703,0.010204
2548.471616,0.010204
2545.851528,0.010204
2543.231441,0.010204
2540.611354,0.010204
2537.991266,0.010204
2535.371179,0.010204
2532.751092,0.010204
2530.131004,0.010204
2527.510917,0.010204
2524.890830,0.010204
2522.270742,0.010204
2519.650655,0.010204
2517.030568,0.010204
2514.410480,0.010204
2511.790393,0.010204
2509.170306,0.010204
2506.550218,0.010204
2503.930131,0.010204
2501.310044,0.010204
2498.689956,0.012245
2496.069869,0.012245
2493.449782,0.012245
2490.829694,0.012245
2488.209607,0.012245
2485.589520,0.010204
2482.969432,0.010204
2480.349345,0.010204
2477.729258,0.010204
2475.109170,0.010204
2472.489083,0.010204
2469.868996,0.010204
2467.248908,0.010204
2464.628821,0.010204
2462.008734,0.010204
2459.388646,0.010204
2456.768559,0.010204
2454.148472,0.010204
2451.528384,0.010204
2448.908297,0.010204
2446.288210,0.010204
2443.668122,0.010204
2441.048035,0.010204
2438.427948,0.010204
2435.807860,0.010204
2433.187773,0.010204
2430.567686,0.010204
2427.947598,0.010204
2425.327511,0.010204
2422.707424,0.010204
2420.087336,0.008163
2417.467249,0.008163
2414.847162,0.008163
2412.227074,0.008163
2409.606987,0.008163
2406.986900,0.008163
2404.366812,0.008163
2401.746725,0.008163
2399.126638,0.008163
2396.506550,0.008163
2393.886463,0.008163
2391.266376,0.008163
2388.646288,0.008163
2386.026201,0.008163
2383.406114,0.008163
2380.786026,0.008163
2378.165939,0.008163
2375.545852,0.008163
2372.925764,0.008163
2370.305677,0.008163
2367.685590,0.008163
2365.065502,0.008163
2362.445415,0.008163
2359.825328,0.008163
2357.205240,0.008163
2354.585153,0.008163
2351.965066,0.008163
2349.344978,0.008163
2346.724891,0.008163
2344.104803,0.008163
2341.484716,0.008163
2338.864629,0.008163
2336.244541,0.008163
2333.624454,0.008163
2331.004367,0.008163
2328.384279,0.008163
2325.764192,0.008163
2323.144105,0.008163
2320.524017,0.008163
2317.903930,0.008163
2315.283843,0.008163
2312.663755,0.008163
2310.043668,0.008163
2307.423581,0.008163
2304.803493,0.008163
2302.183406,0.008163
2299.563319,0.008163
2296.943231,0.008163
2294.323144,0.008163
2291.703057,0.008163
2289.082969,0.008163
2286.462882,0.008163
2283.842795,0.008163
2281.222707,0.008163
2278.602620,0.008163
2275.982533,0.008163
2273.362445,0.008163
2270.742358,0.008163
2268.122271,0.010204
2265.502183,0.010204
2262.882096,0.010204
2260.262009,0.010204
2257.641921,0.010204
2255.021834,0.010204
2252.401747,0.010204
2249.781659,0.010204
2247.161572,0.008163
2244.541485,0.008163
2241.921397,0.008163
2239.301310,0.008163
2236.681223,0.008163
2234.061135,0.008163
2231.441048,0.008163
2228.820961,0.008163
2226.200873,0.008163
2223.580786,0.008163
2220.960699,0.006122
2218.340611,0.006122
2215.720524,0.006122
2213.100437,0.006122
2210.480349,0.006122
2207.860262,0.006122
2205.240175,0.006122
2202.620087,0.008163
2200.000000,0.006122
2197.379913,0.006122
2194.759825,0.006122
2192.139738,0.006122
2189.519651,0.006122
2186.899563,0.006122
2184.279476,0.008163
2181.659389,0.008163
2179.039301,0.008163
2176.419214,0.008163
2173.799127,0.008163
2171.179039,0.008163
2168.558952,0.008163
2165.938865,0.008163
2163.318777,0.008163
2160.698690,0.008163
2158.078603,0.006122
2155.458515,0.006122
2152.838428,0.008163
2150.218341,0.008163
2147.598253,0.008163
2144.978166,0.006122
2142.358079,0.006122
2139.737991,0.008163
2137.117904,0.008163
2134.497817,0.006122
2131.877729,0.006122
2129.257642,0.008163
2126.637555,0.008163
2124.017467,0.006122
2121.397380,0.008163
2118.777293,0.008163
2116.157205,0.008163
2113.537118,0.008163
2110.917031,0.008163
2108.296943,0.008163
2105.676856,0.008163
2103.056769,0.008163
2100.436681,0.008163
2097.816594,0.008163
2095.196507,0.008163
2092.576419,0.008163
2089.956332,0.008163
2087.336245,0.008163
2084.716157,0.008163
2082.096070,0.008163
2079.475983,0.008163
2076.855895,0.008163
2074.235808,0.008163
2071.615721,0.008163
2068.995633,0.008163
2066.375546,0.008163
2063.755459,0.008163
2061.135371,0.008163
2058.515284,0.008163
2055.895197,0.008163
2053.275109,0.008163
2050.655022,0.008163
2048.034934,0.008163
2045.414847,0.008163
2042.794760,0.008163
2040.174672,0.008163
2037.554585,0.006122
2034.934498,0.006122
2032.314410,0.006122
2029.694323,0.006122
2027.074236,0.006122
2024.454148,0.006122
2021.834061,0.006122
2019.213974,0.006122
2016.593886,0.006122
2013.973799,0.006122
2011.353712,0.006122
2008.733624,0.006122
2006.113537,0.006122
2003.493450,0.006122
2000.873362,0.006122
1998.253275,0.006122
1995.633188,0.006122
1993.013100,0.006122
1990.393013,0.006122
1987.772926,0.006122
1985.152838,0.006122
1982.532751,0.006122
1979.912664,0.006122
1977.292576,0.008163
1974.672489,0.008163
1972.052402,0.008163
1969.432314,0.008163
1966.812227,0.008163
1964.192140,0.008163
1961.572052,0.008163
1958.951965,0.010204
1956.331878,0.010204
1953.711790,0.010204
1951.091703,0.012245
1948.471616,0.012245
1945.851528,0.012245
1943.231441,0.010204
1940.611354,0.010204
1937.991266,0.010204
1935.371179,0.008163
1932.751092,0.008163
1930.131004,0.008163
1927.510917,0.006122
1924.890830,0.008163
1922.270742,0.008163
1919.650655,0.006122
1917.030568,0.006122
1914.410480,0.006122
1911.790393,0.006122
1909.170306,0.006122
1906.550218,0.006122
1903.930131,0.008163
1901.310044,0.008163
1898.689956,0.008163
1896.069869,0.010204
1893.449782,0.010204
1890.829694,0.010204
1888.209607,0.008163
1885.589520,0.006122
1882.969432,0.006122
1880.349345,0.004082
1877.729258,0.004082
1875.109170,0.004082
1872.489083,0.004082
1869.868996,0.004082
1867.248908,0.004082
1864.628821,0.004082
1862.008734,0.004082
1859.388646,0.004082
1856.768559,0.004082
1854.148472,0.004082
1851.528384,0.004082
1848.908297,0.004082
1846.288210,0.004082
1843.668122,0.004082
1841.048035,0.002041
1838.427948,0.002041
1835.807860,0.004082
1833.187773,0.004082
1830.567686,0.004082
1827.947598,0.004082
1825.327511,0.004082
1822.707424,0.004082
1820.087336,0.004082
1817.467249,0.004082
1814.847162,0.004082
1812.227074,0.004082
1809.606987,0.004082
1806.986900,0.004082
1804.366812,0.004082
1801.746725,0.004082
1799.126638,0.004082
1796.506550,0.004082
1793.886463,0.004082
1791.266376,0.004082
1788.646288,0.004082
1786.026201,0.004082
1783.406114,0.004082
1780.786026,0.006122
1778.165939,0.006122
1775.545852,0.006122
1772.925764,0.006122
1770.305677,0.006122
1767.685590,0.006122
1765.065502,0.006122
1762.445415,0.008163
1759.825328,0.008163
1757.205240,0.008163
1754.585153,0.008163
1751.965066,0.008163
1749.344978,0.008163
1746.724891,0.008163
1744.104803,0.008163
1741.484716,0.008163
1738.864629,0.008163
1736.244541,0.008163
1733.624454,0.008163
1731.004367,0.008163
1728.384279,0.006122
1725.764192,0.008163
1723.144105,0.008163
1720.524017,0.006122
1717.903930,0.006122
1715.283843,0.006122
1712.663755,0.006122
1710.043668,0.006122
1707.423581,0.006122
1704.803493,0.006122
1702.183406,0.006122
1699.563319,0.004082
1696.943231,0.004082
1694.323144,0.004082
1691.703057,0.006122
1689.082969,0.006122
1686.462882,0.006122
1683.842795,0.004082
1681.222707,0.004082
1678.602620,0.006122
1675.982533,0.006122
1673.362445,0.006122
1670.742358,0.006122
1668.122271,0.006122
1665.502183,0.008163
1662.882096,0.008163
1660.262009,0.008163
1657.641921,0.008163
1655.021834,0.010204
1652.401747,0.010204
1649.781659,0.010204
1647.161572,0.010204
1644.541485,0.010204
1641.921397,0.012245
1639.301310,0.012245
1636.681223,0.010204
1634.061135,0.010204
1631.441048,0.010204
1628.820961,0.010204
1626.200873,0.010204
1623.580786,0.010204
1620.960699,0.010204
1618.340611,0.012245
1615.720524,0.012245
1613.100437,0.012245
1610.480349,0.014286
1607.860262,0.014286
1605.240175,0.014286
1602.620087,0.016327
1600.000000,0.020408
1597.379913,0.022449
1594.759825,0.024490
1592.139738,0.028571
1589.519651,0.030612
1586.899563,0.030612
1584.279476,0.030612
1581.659389,0.030612
1579.039301,0.028571
1576.419214,0.026531
1573.799127,0.024490
1571.179039,0.020408
1568.558952,0.018367
1565.938865,0.016327
1563.318777,0.014286
1560.698690,0.012245
1558.078603,0.012245
1555.458515,0.010204
1552.838428,0.010204
1550.218341,0.010204
1547.598253,0.010204
1544.978166,0.010204
1542.358079,0.010204
1539.737991,0.008163
1537.117904,0.008163
1534.497817,0.010204
1531.877729,0.010204
1529.257642,0.010204
1526.637555,0.010204
1524.017467,0.010204
1521.397380,0.008163
1518.777293,0.008163
1516.157205,0.010204
1513.537118,0.010204
1510.917031,0.010204
1508.296943,0.012245
1505.676856,0.010204
1503.056769,0.012245
1500.436681,0.014286
1497.816594,0.014286
1495.196507,0.014286
1492.576419,0.014286
1489.956332,0.014286
1487.336245,0.012245
1484.716157,0.014286
1482.096070,0.014286
1479.475983,0.016327
1476.855895,0.016327
1474.235808,0.018367
1471.615721,0.020408
1468.995633,0.022449
1466.375546,0.024490
1463.755459,0.024490
1461.135371,0.026531
1458.515284,0.028571
1455.895197,0.030612
1453.275109,0.032653
1450.655022,0.034694
1448.034934,0.034694
1445.414847,0.032653
1442.794760,0.032653
1440.174672,0.034694
1437.554585,0.036735
1434.934498,0.042857
1432.314410,0.048980
1429.694323,0.057143
1427.074236,0.063265
1424.454148,0.069388
1421.834061,0.073469
1419.213974,0.077551
1416.593886,0.081633
1413.973799,0.089796
1411.353712,0.093878
1408.733624,0.097959
1406.113537,0.097959
1403.493450,0.097959
1400.873362,0.095918
1398.253275,0.097959
1395.633188,0.104082
1393.013100,0.112245
1390.393013,0.130612
1387.772926,0.153061
1385.152838,0.163265
1382.532751,0.163265
1379.912664,0.163265
1377.292576,0.148980
1374.672489,0.120408
1372.052402,0.089796
1369.432314,0.065306
1366.812227,0.048980
1364.192140,0.038776
1361.572052,0.032653
1358.951965,0.026531
1356.331878,0.024490
1353.711790,0.024490
1351.091703,0.024490
1348.471616,0.024490
1345.851528,0.024490
1343.231441,0.024490
1340.611354,0.024490
1337.991266,0.026531
1335.371179,0.026531
1332.751092,0.026531
1330.131004,0.026531
1327.510917,0.026531
1324.890830,0.024490
1322.270742,0.022449
1319.650655,0.022449
1317.030568,0.022449
1314.410480,0.022449
1311.790393,0.022449
1309.170306,0.024490
1306.550218,0.026531
1303.930131,0.028571
1301.310044,0.030612
1298.689956,0.032653
1296.069869,0.036735
1293.449782,0.038776
1290.829694,0.042857
1288.209607,0.048980
1285.589520,0.055102
1282.969432,0.063265
1280.349345,0.071429
1277.729258,0.083673
1275.109170,0.104082
1272.489083,0.142857
1269.868996,0.214286
1267.248908,0.348980
1264.628821,0.559184
1262.008734,0.773469
1259.388646,0.848980
1256.768559,0.851020
1254.148472,0.851020
1251.528384,0.771429
1248.908297,0.561224
1246.288210,0.342857
1243.668122,0.204082
1241.048035,0.124490
1238.427948,0.085714
1235.807860,0.063265
1233.187773,0.051020
1230.567686,0.040816
1227.947598,0.036735
1225.327511,0.030612
1222.707424,0.030612
1220.087336,0.028571
1217.467249,0.026531
1214.847162,0.026531
1212.227074,0.024490
1209.606987,0.024490
1206.986900,0.024490
1204.366812,0.024490
1201.746725,0.024490
1199.126638,0.024490
1196.506550,0.026531
1193.886463,0.026531
1191.266376,0.030612
1188.646288,0.032653
1186.026201,0.034694
1183.406114,0.038776
1180.786026,0.040816
1178.165939,0.042857
1175.545852,0.046939
1172.925764,0.048980
1170.305677,0.053061
1167.685590,0.057143
1165.065502,0.063265
1162.445415,0.071429
1159.825328,0.079592
1157.205240,0.091837
1154.585153,0.112245
1151.965066,0.142857
1149.344978,0.187755
1146.724891,0.261224
1144.104803,0.351020
1141.484716,0.400000
1138.864629,0.402041
1136.244541,0.402041
1133.624454,0.373469
1131.004367,0.316327
1128.384279,0.271429
1125.764192,0.240816
1123.144105,0.212245
1120.524017,0.197959
1117.903930,0.212245
1115.283843,0.232653
1112.663755,0.261224
1110.043668,0.297959
1107.423581,0.342857
1104.803493,0.402041
1102.183406,0.473469
1099.563319,0.553061
1096.943231,0.638776
1094.323144,0.728571
1091.703057,0.806122
1089.082969,0.869388
1086.462882,0.926531
1083.842795,0.963265
1081.222707,0.985714
1078.602620,0.997959
1075.982533,1.000000
1073.362445,0.997959
1070.742358,0.991837
1068.122271,0.971429
1065.502183,0.938776
1062.882096,0.900000
1060.262009,0.855102
1057.641921,0.806122
1055.021834,0.759184
1052.401747,0.712245
1049.781659,0.667347
1047.161572,0.622449
1044.541485,0.573469
1041.921397,0.522449
1039.301310,0.467347
1036.681223,0.416327
1034.061135,0.369388
1031.441048,0.322449
1028.820961,0.285714
1026.200873,0.253061
1023.580786,0.222449
1020.960699,0.197959
1018.340611,0.177551
1015.720524,0.157143
1013.100437,0.138776
1010.480349,0.122449
1007.860262,0.106122
1005.240175,0.091837
1002.620087,0.081633
1000.000000,0.069388
997.379913,0.061224
994.759825,0.055102
992.139738,0.051020
989.519651,0.044898
986.899563,0.040816
984.279476,0.036735
981.659389,0.034694
979.039301,0.030612
976.419214,0.028571
973.799127,0.026531
971.179039,0.026531
968.558952,0.024490
965.938865,0.024490
963.318777,0.022449
960.698690,0.020408
958.078603,0.020408
955.458515,0.020408
952.838428,0.020408
950.218341,0.018367
947.598253,0.018367
944.978166,0.018367
942.358079,0.018367
939.737991,0.018367
937.117904,0.018367
934.497817,0.018367
931.877729,0.020408
929.257642,0.020408
926.637555,0.022449
924.017467,0.022449
921.397380,0.024490
918.777293,0.026531
916.157205,0.026531
913.537118,0.030612
910.917031,0.034694
908.296943,0.038776
905.676856,0.040816
903.056769,0.044898
900.436681,0.051020
897.816594,0.055102
895.196507,0.061224
892.576419,0.067347
889.956332,0.077551
887.336245,0.085714
884.716157,0.097959
882.096070,0.112245
879.475983,0.128571
876.855895,0.151020
874.235808,0.173469
871.615721,0.197959
868.995633,0.228571
866.375546,0.261224
863.755459,0.300000
861.135371,0.353061
858.515284,0.424490
855.895197,0.512245
853.275109,0.616327
850.655022,0.716327
848.034934,0.791837
845.414847,0.830612
842.794760,0.836735
840.174672,0.836735
837.554585,0.822449
834.934498,0.763265
832.314410,0.681633
829.694323,0.591837
827.074236,0.536735
824.454148,0.616327
821.834061,0.732653
819.213974,0.836735
816.593886,0.875510
813.973799,0.877551
811.353712,0.875510
808.733624,0.859184
806.113537,0.832653
803.493450,0.818367
800.873362,0.812245
798.253275,0.800000
795.633188,0.783673
793.013100,0.734694
790.393013,0.630612
787.772926,0.479592
785.152838,0.346939
782.532751,0.253061
779.912664,0.185714
777.292576,0.144898
774.672489,0.118367
772.052402,0.100000
769.432314,0.087755
766.812227,0.079592
764.192140,0.073469
761.572052,0.073469
758.951965,0.081633
756.331878,0.091837
753.711790,0.104082
751.091703,0.112245
748.471616,0.114286
745.851528,0.112245
743.231441,0.110204
740.611354,0.102041
737.991266,0.108163
735.371179,0.112245
732.751092,0.112245
730.131004,0.110204
727.510917,0.100000
724.890830,0.085714
722.270742,0.093878
719.650655,0.106122
717.030568,0.108163
714.410480,0.108163
711.790393,0.104082
709.170306,0.085714
706.550218,0.065306
703.930131,0.053061
701.310044,0.059184
698.689956,0.067347
696.069869,0.071429
693.449782,0.071429
690.829694,0.069388
688.209607,0.061224
685.589520,0.055102
682.969432,0.048980
680.349345,0.044898
677.729258,0.040816
675.109170,0.046939
672.489083,0.048980
669.868996,0.051020
667.248908,0.048980
664.628821,0.046939
662.008734,0.042857
659.388646,0.042857
656.768559,0.042857
654.148472,0.040816
651.528384,0.036735
648.908297,0.038776
646.288210,0.059184
643.668122,0.077551
641.048035,0.079592
638.427948,0.077551
635.807860,0.059184
633.187773,0.034694
630.567686,0.020408
627.947598,0.020408
625.327511,0.020408
622.707424,0.020408
620.087336,0.024490
617.467249,0.024490
614.847162,0.026531
612.227074,0.028571
609.606987,0.030612
606.986900,0.032653
604.366812,0.032653
601.746725,0.034694
599.126638,0.036735
596.506550,0.034694
593.886463,0.034694
591.266376,0.032653
588.646288,0.030612
586.026201,0.026531
583.406114,0.024490
580.786026,0.020408
578.165939,0.016327
575.545852,0.012245
572.925764,0.010204
570.305677,0.008163
567.685590,0.006122
565.065502,0.004082
562.445415,0.004082
559.825328,0.004082
557.205240,0.004082
554.585153,0.002041
551.965066,0.002041
549.344978,0.002041
546.724891,0.002041
544.104803,0.002041
541.484716,0.002041
538.864629,0.002041
536.244541,0.002041
533.624454,0.002041
531.004367,0.002041
528.384279,0.002041
525.764192,0.002041
523.144105,0.002041
520.524017,0.002041
517.903930,0.002041
515.283843,0.002041
512.663755,0.002041
510.043668,0.002041
507.423581,0.002041
504.803493,0.002041
502.183406,0.002041
499.563319,0.002041
496.943231,0.002041
494.323144,0.002041
491.703057,0.002041
489.082969,0.002041
486.462882,0.002041
483.842795,0.002041
481.222707,0.002041
478.602620,0.002041
475.982533,0.002041
473.362445,0.002041
470.742358,0.002041
468.122271,0.002041
465.502183,0.002041
462.882096,0.002041
460.262009,0.002041
457.641921,0.002041
455.021834,0.002041
452.401747,0.002041
449.781659,0.002041
447.161572,nan
444.541485,nan
441.921397,nan
439.301310,nan
436.681223,nan
434.061135,nan
431.441048,nan
428.820961,nan
426.200873,nan
423.580786,nan
420.960699,nan
418.340611,nan
415.720524,nan
413.100437,nan
410.480349,nan
407.860262,nan
405.240175,nan
402.620087,nan
400.000000,nan
