4000.000000,0.012245
3997.379913,0.012245
3994.759825,0.012245
3992.139738,0.012245
3989.519651,0.012245
3986.899563,0.012245
3984.279476,0.012245
3981.659389,0.010204
3979.039301,0.010204
3976.419214,0.010204
3973.799127,0.010204
3971.179039,0.010204
3968.558952,0.010204
3965.938865,0.010204
3963.318777,0.010204
3960.698690,0.010204
3958.078603,0.010204
3955.458515,0.010204
3952.838428,0.010204
3950.218341,0.010204
3947.598253,0.010204
3944.978166,0.010204
3942.358079,0.008163
3939.737991,0.008163
3937.117904,0.010204
3934.497817,0.010204
3931.877729,0.010204
3929.257642,0.010204
3926.637555,0.010204
3924.017467,0.008163
3921.397380,0.008163
3918.777293,0.008163
3916.157205,0.008163
3913.537118,0.008163
3910.917031,0.008163
3908.296943,0.010204
3905.676856,0.010204
3903.056769,0.008163
3900.436681,0.008163
3897.816594,0.008163
3895.196507,0.008163
3892.576419,0.008163
3889.956332,0.008163
3887.336245,0.008163
3884.716157,0.008163
3882.096070,0.008163
3879.475983,0.008163
3876.855895,0.008163
3874.235808,0.008163
3871.615721,0.008163
3868.995633,0.008163
3866.375546,0.008163
3863.755459,0.008163
3861.135371,0.008163
3858.515284,0.008163
3855.895197,0.008163
3853.275109,0.008163
3850.655022,0.008163
3848.034934,0.006122
3845.414847,0.008163
3842.794760,0.008163
3840.174672,0.008163
3837.554585,0.008163
3834.934498,0.008163
3832.314410,0.008163
3829.694323,0.008163
3827.074236,0.008163
3824.454148,0.008163
3821.834061,0.008163
3819.213974,0.008163
3816.593886,0.008163
3813.973799,0.008163
3811.353712,0.008163
3808.733624,0.008163
3806.113537,0.010204
3803.493450,0.010204
3800.873362,0.010204
3798.253275,0.010204
3795.633188,0.010204
3793.013100,0.010204
3790.393013,0.010204
3787.772926,0.010204
3785.152838,0.010204
3782.532751,0.010204
3779.912664,0.010204
3777.292576,0.010204
3774.672489,0.010204
3772.052402,0.010204
3769.432314,0.010204
3766.812227,0.010204
3764.192140,0.010204
3761.572052,0.008163
3758.951965,0.010204
3756.331878,0.010204
3753.711790,0.010204
3751.091703,0.010204
3748.471616,0.010204
3745.851528,0.012245
3743.231441,0.012245
3740.611354,0.012245
3737.991266,0.012245
3735.371179,0.012245
3732.751092,0.012245
3730.131004,0.012245
3727.510917,0.012245
3724.890830,0.012245
3722.270742,0.012245
3719.650655,0.012245
3717.030568,0.010204
3714.410480,0.010204
3711.790393,0.010204
3709.170306,0.010204
3706.550218,0.010204
3703.930131,0.012245
3701.310044,0.012245
3698.689956,0.012245
3696.069869,0.012245
3693.449782,0.012245
3690.829694,0.012245
3688.209607,0.012245
3685.589520,0.012245
3682.969432,0.012245
3680.349345,0.012245
3677.729258,0.012245
3675.109170,0.012245
3672.489083,0.010204
3669.868996,0.010204
3667.248908,0.010204
3664.628821,0.010204
3662.008734,0.010204
3659.388646,0.010204
3656.768559,0.010204
3654.148472,0.010204
3651.528384,0.010204
3648.908297,0.010204
3646.288210,0.010204
3643.668122,0.010204
3641.048035,0.010204
3638.427948,0.010204
3635.807860,0.010204
3633.187773,0.010204
3630.567686,0.012245
3627.947598,0.012245
3625.327511,0.010204
3622.707424,0.010204
3620.087336,0.010204
3617.467249,0.010204
3614.847162,0.010204
3612.227074,0.010204
3609.606987,0.010204
3606.986900,0.010204
3604.366812,0.010204
3601.746725,0.010204
3599.126638,0.010204
3596.506550,0.010204
3593.886463,0.010204
3591.266376,0.010204
3588.646288,0.010204
3586.026201,0.010204
3583.406114,0.012245
3580.786026,0.012245
3578.165939,0.012245
3575.545852,0.010204
3572.925764,0.010204
3570.305677,0.010204
3567.685590,0.010204
3565.065502,0.010204
3562.445415,0.010204
3559.825328,0.010204
3557.205240,0.010204
3554.585153,0.010204
3551.965066,0.010204
3549.344978,0.010204
3546.724891,0.010204
3544.104803,0.010204
3541.484716,0.010204
3538.864629,0.010204
3536.244541,0.010204
3533.624454,0.010204
3531.004367,0.010204
3528.384279,0.010204
3525.764192,0.010204
3523.144105,0.010204
3520.524017,0.010204
3517.903930,0.010204
3515.283843,0.010204
3512.663755,0.010204
3510.043668,0.010204
3507.423581,0.010204
3504.803493,0.010204
3502.183406,0.010204
3499.563319,0.010204
3496.943231,0.010204
3494.323144,0.010204
3491.703057,0.010204
3489.082969,0.010204
3486.462882,0.010204
3483.842795,0.010204
3481.222707,0.010204
3478.602620,0.010204
3475.982533,0.010204
3473.362445,0.010204
3470.742358,0.010204
3468.122271,0.010204
3465.502183,0.010204
3462.882096,0.010204
3460.262009,0.010204
3457.641921,0.010204
3455.021834,0.010204
3452.401747,0.010204
3449.781659,0.010204
3447.161572,0.010204
3444.541485,0.010204
3441.921397,0.010204
3439.301310,0.010204
3436.681223,0.010204
3434.061135,0.010204
3431.441048,0.010204
3428.820961,0.010204
3426.200873,0.010204
3423.580786,0.010204
3420.960699,0.010204
3418.340611,0.010204
3415.720524,0.010204
3413.100437,0.010204
3410.480349,0.010204
3407.860262,0.010204
3405.240175,0.010204
3402.620087,0.010204
3400.000000,0.010204
3397.379913,0.010204
3394.759825,0.010204
3392.139738,0.010204
3389.519651,0.010204
3386.899563,0.010204
3384.279476,0.010204
3381.659389,0.010204
3379.039301,0.010204
3376.419214,0.010204
3373.799127,0.010204
3371.179039,0.010204
3368.558952,0.010204
3365.938865,0.010204
3363.318777,0.010204
3360.698690,0.010204
3358.078603,0.010204
3355.458515,0.010204
3352.838428,0.010204
3350.218341,0.010204
3347.598253,0.010204
3344.978166,0.010204
3342.358079,0.010204
3339.737991,0.010204
3337.117904,0.010204
3334.497817,0.010204
3331.877729,0.010204
3329.257642,0.010204
3326.637555,0.010204
3324.017467,0.010204
3321.397380,0.010204
3318.777293,0.010204
3316.157205,0.010204
3313.537118,0.010204
3310.917031,0.010204
3308.296943,0.010204
3305.676856,0.008163
3303.056769,0.010204
3300.436681,0.010204
3297.816594,0.010204
3295.196507,0.010204
3292.576419,0.010204
3289.956332,0.010204
3287.336245,0.010204
3284.716157,0.010204
3282.096070,0.010204
3279.475983,0.010204
3276.855895,0.010204
3274.235808,0.010204
3271.615721,0.010204
3268.995633,0.010204
3266.375546,0.010204
3263.755459,0.010204
3261.135371,0.010204
3258.515284,0.010204
3255.895197,0.010204
3253.275109,0.010204
3250.655022,0.010204
3248.034934,0.010204
3245.414847,0.010204
3242.794760,0.010204
3240.174672,0.012245
3237.554585,0.012245
3234.934498,0.012245
3232.314410,0.012245
3229.694323,0.012245
3227.074236,0.012245
3224.454148,0.012245
3221.834061,0.012245
3219.213974,0.012245
3216.593886,0.012245
3213.973799,0.012245
3211.353712,0.012245
3208.733624,0.012245
3206.113537,0.012245
3203.493450,0.012245
3200.873362,0.012245
3198.253275,0.012245
3195.633188,0.012245
3193.013100,0.012245
3190.393013,0.014286
3187.772926,0.014286
3185.152838,0.016327
3182.532751,0.018367
3179.912664,0.018367
3177.292576,0.018367
3174.672489,0.018367
3172.052402,0.016327
3169.432314,0.014286
3166.812227,0.014286
3164.192140,0.014286
3161.572052,0.014286
3158.951965,0.014286
3156.331878,0.014286
3153.711790,0.014286
3151.091703,0.014286
3148.471616,0.014286
3145.851528,0.012245
3143.231441,0.014286
3140.611354,0.014286
3137.991266,0.014286
3135.371179,0.014286
3132.751092,0.014286
3130.131004,0.014286
3127.510917,0.014286
3124.890830,0.016327
3122.270742,0.016327
3119.650655,0.016327
3117.030568,0.016327
3114.410480,0.016327
3111.790393,0.018367
3109.170306,0.018367
3106.550218,0.018367
3103.930131,0.018367
3101.310044,0.018367
3098.689956,0.018367
3096.069869,0.018367
3093.449782,0.020408
3090.829694,0.020408
3088.209607,0.020408
3085.589520,0.020408
3082.969432,0.022449
3080.349345,0.024490
3077.729258,0.024490
3075.109170,0.026531
3072.489083,0.028571
3069.868996,0.032653
3067.248908,0.038776
3064.628821,0.046939
3062.008734,0.059184
3059.388646,0.079592
3056.768559,0.106122
3054.148472,0.132653
3051.528384,0.146939
3048.908297,0.146939
3046.288210,0.144898
3043.668122,0.126531
3041.048035,0.100000
3038.427948,0.077551
3035.807860,0.063265
3033.187773,0.057143
3030.567686,0.053061
3027.947598,0.053061
3025.327511,0.055102
3022.707424,0.061224
3020.087336,0.069388
3017.467249,0.079592
3014.847162,0.087755
3012.227074,0.091837
3009.606987,0.093878
3006.986900,0.093878
3004.366812,0.091837
3001.746725,0.091837
2999.126638,0.097959
2996.506550,0.108163
2993.886463,0.122449
2991.266376,0.144898
2988.646288,0.175510
2986.026201,0.218367
2983.406114,0.271429
2980.786026,0.332653
2978.165939,0.393878
2975.545852,0.442857
2972.925764,0.469388
2970.305677,0.477551
2967.685590,0.477551
2965.065502,0.475510
2962.445415,0.463265
2959.825328,0.446939
2957.205240,0.426531
2954.585153,0.395918
2951.965066,0.357143
2949.344978,0.320408
2946.724891,0.293878
2944.104803,0.277551
2941.484716,0.261224
2938.864629,0.238776
2936.244541,0.216327
2933.624454,0.200000
2931.004367,0.193878
2928.384279,0.204082
2925.764192,0.206122
2923.144105,0.206122
2920.524017,0.200000
2917.903930,0.185714
2915.283843,0.171429
2912.663755,0.173469
2910.043668,0.183673
2907.423581,0.195918
2904.803493,0.208163
2902.183406,0.216327
2899.563319,0.222449
2896.943231,0.222449
2894.323144,0.222449
2891.703057,0.220408
2889.082969,0.212245
2886.462882,0.202041
2883.842795,0.197959
2881.222707,0.208163
2878.602620,0.220408
2875.982533,0.226531
2873.362445,0.228571
2870.742358,0.228571
2868.122271,0.224490
2865.502183,0.214286
2862.882096,0.195918
2860.262009,0.169388
2857.641921,0.144898
2855.021834,0.120408
2852.401747,0.104082
2849.781659,0.091837
2847.161572,0.081633
2844.541485,0.077551
2841.921397,0.073469
2839.301310,0.069388
2836.681223,0.065306
2834.061135,0.059184
2831.441048,0.053061
2828.820961,0.046939
2826.200873,0.042857
2823.580786,0.038776
2820.960699,0.036735
2818.340611,0.034694
2815.720524,0.034694
2813.100437,0.032653
2810.480349,0.032653
2807.860262,0.030612
2805.240175,0.028571
2802.620087,0.026531
2800.000000,0.026531
2797.379913,0.024490
2794.759825,0.024490
2792.139738,0.022449
2789.519651,0.022449
2786.899563,0.020408
2784.279476,0.020408
2781.659389,0.020408
2779.039301,0.018367
2776.419214,0.020408
2773.799127,0.020408
2771.179039,0.020408
2768.558952,0.022449
2765.938865,0.024490
2763.318777,0.024490
2760.698690,0.024490
2758.078603,0.024490
2755.458515,0.022449
2752.838428,0.018367
2750.218341,0.018367
2747.598253,0.018367
2744.978166,0.020408
2742.358079,0.022449
2739.737991,0.026531
2737.117904,0.030612
2734.497817,0.032653
2731.877729,0.032653
2729.257642,0.032653
2726.637555,0.028571
2724.017467,0.026531
2721.397380,0.022449
2718.777293,0.018367
2716.157205,0.018367
2713.537118,0.018367
2710.917031,0.016327
2708.296943,0.014286
2705.676856,0.012245
2703.056769,0.010204
2700.436681,0.010204
2697.816594,0.008163
2695.196507,0.008163
2692.576419,0.008163
2689.956332,0.008163
2687.336245,0.008163
2684.716157,0.008163
2682.096070,0.008163
2679.475983,0.008163
2676.855895,0.008163
2674.235808,0.008163
2671.615721,0.008163
2668.995633,0.008163
2666.375546,0.008163
2663.755459,0.008163
2661.135371,0.008163
2658.515284,0.008163
2655.895197,0.008163
2653.275109,0.008163
2650.655022,0.008163
2648.034934,0.008163
2645.414847,0.008163
2642.794760,0.008163
2640.174672,0.008163
2637.554585,0.008163
2634.934498,0.008163
2632.314410,0.008163
2629.694323,0.008163
2627.074236,0.008163
2624.454148,0.008163
2621.834061,0.008163
2619.213974,0.008163
2616.593886,0.008163
2613.973799,0.006122
2611.353712,0.006122
2608.733624,0.006122
2606.113537,0.006122
2603.493450,0.006122
2600.873362,0.006122
2598.253275,0.006122
2595.633188,0.006122
2593.013100,0.006122
2590.393013,0.006122
2587.772926,0.006122
2585.152838,0.004082
2582.532751,0.004082
2579.912664,0.004082
2577.292576,0.004082
2574.672489,0.004082
2572.052402,0.004082
2569.432314,0.004082
2566.812227,0.004082
2564.192140,0.004082
2561.572052,0.004082
2558.951965,0.004082
2556.331878,0.004082
2553.711790,0.004082
2551.091703,0.004082
2548.471616,0.004082
2545.851528,0.004082
2543.231441,0.004082
2540.611354,0.004082
2537.991266,0.004082
2535.371179,0.004082
2532.751092,0.002041
2530.131004,0.002041
2527.510917,0.002041
2524.890830,0.004082
2522.270742,0.002041
2519.650655,0.002041
2517.030568,0.002041
2514.410480,0.002041
2511.790393,0.002041
2509.170306,0.002041
2506.550218,0.002041
2503.930131,0.002041
2501.310044,0.004082
2498.689956,0.004082
2496.069869,0.004082
2493.449782,0.004082
2490.829694,0.006122
2488.209607,0.006122
2485.589520,0.006122
2482.969432,0.006122
2480.349345,0.004082
2477.729258,0.004082
2475.109170,0.004082
2472.489083,0.004082
2469.868996,0.004082
2467.248908,0.004082
2464.628821,0.004082
2462.008734,0.004082
2459.388646,0.004082
2456.768559,0.004082
2454.148472,0.004082
2451.528384,0.004082
2448.908297,0.004082
2446.288210,0.006122
2443.668122,0.006122
2441.048035,0.006122
2438.427948,0.006122
2435.807860,0.004082
2433.187773,0.004082
2430.567686,0.004082
2427.947598,0.004082
2425.327511,0.004082
2422.707424,0.004082
2420.087336,0.004082
2417.467249,0.004082
2414.847162,0.004082
2412.227074,0.004082
2409.606987,0.004082
2406.986900,0.004082
2404.366812,0.004082
2401.746725,0.004082
2399.126638,0.004082
2396.506550,0.004082
2393.886463,0.002041
2391.266376,0.002041
2388.646288,0.004082
2386.026201,0.004082
2383.406114,0.004082
2380.786026,0.004082
2378.165939,0.002041
2375.545852,0.004082
2372.925764,0.004082
2370.305677,0.004082
2367.685590,0.002041
2365.065502,0.002041
2362.445415,0.002041
2359.825328,0.002041
2357.205240,0.002041
2354.585153,0.002041
2351.965066,0.002041
2349.344978,0.002041
2346.724891,0.002041
2344.104803,0.004082
2341.484716,0.004082
2338.864629,0.004082
2336.244541,0.004082
2333.624454,0.004082
2331.004367,0.004082
2328.384279,0.004082
2325.764192,0.004082
2323.144105,0.004082
2320.524017,0.004082
2317.903930,0.004082
2315.283843,0.004082
2312.663755,0.004082
2310.043668,0.004082
2307.423581,0.004082
2304.803493,0.004082
2302.183406,0.004082
2299.563319,0.004082
2296.943231,0.004082
2294.323144,0.004082
2291.703057,0.004082
2289.082969,0.004082
2286.462882,0.006122
2283.842795,0.006122
2281.222707,0.006122
2278.602620,0.006122
2275.982533,0.006122
2273.362445,0.006122
2270.742358,0.006122
2268.122271,0.006122
2265.502183,0.006122
2262.882096,0.006122
2260.262009,0.006122
2257.641921,0.004082
2255.021834,0.004082
2252.401747,0.004082
2249.781659,0.004082
2247.161572,0.004082
2244.541485,0.004082
2241.921397,0.004082
2239.301310,0.004082
2236.681223,0.004082
2234.061135,0.004082
2231.441048,0.004082
2228.820961,0.004082
2226.200873,0.004082
2223.580786,0.004082
2220.960699,0.004082
2218.340611,0.004082
2215.720524,0.004082
2213.100437,0.006122
2210.480349,0.006122
2207.860262,0.004082
2205.240175,0.004082
2202.620087,0.006122
2200.000000,0.006122
2197.379913,0.006122
2194.759825,0.006122
2192.139738,0.006122
2189.519651,0.006122
2186.899563,0.008163
2184.279476,0.008163
2181.659389,0.008163
2179.039301,0.008163
2176.419214,0.006122
2173.799127,0.006122
2171.179039,0.006122
2168.558952,0.006122
2165.938865,0.006122
2163.318777,0.006122
2160.698690,0.004082
2158.078603,0.004082
2155.458515,0.004082
2152.838428,0.004082
2150.218341,0.004082
2147.598253,0.004082
2144.978166,0.004082
2142.358079,0.004082
2139.737991,0.004082
2137.117904,0.004082
2134.497817,0.004082
2131.877729,0.004082
2129.257642,0.004082
2126.637555,0.004082
2124.017467,0.004082
2121.397380,0.004082
2118.777293,0.004082
2116.157205,0.004082
2113.537118,0.004082
2110.917031,0.004082
2108.296943,0.004082
2105.676856,0.006122
2103.056769,0.006122
2100.436681,0.006122
2097.816594,0.006122
2095.196507,0.006122
2092.576419,0.006122
2089.956332,0.006122
2087.336245,0.006122
2084.716157,0.006122
2082.096070,0.006122
2079.475983,0.004082
2076.855895,0.004082
2074.235808,0.004082
2071.615721,0.004082
2068.995633,0.004082
2066.375546,0.004082
2063.755459,0.004082
2061.135371,0.004082
2058.515284,0.004082
2055.895197,0.004082
2053.275109,0.004082
2050.655022,0.006122
2048.034934,0.006122
2045.414847,0.006122
2042.794760,0.006122
2040.174672,0.006122
2037.554585,0.006122
2034.934498,0.006122
2032.314410,0.006122
2029.694323,0.006122
2027.074236,0.006122
2024.454148,0.006122
2021.834061,0.006122
2019.213974,0.006122
2016.593886,0.006122
2013.973799,0.006122
2011.353712,0.006122
2008.733624,0.006122
2006.113537,0.006122
2003.493450,0.006122
2000.873362,0.006122
1998.253275,0.006122
1995.633188,0.008163
1993.013100,0.008163
1990.393013,0.006122
1987.772926,0.006122
1985.152838,0.006122
1982.532751,0.006122
1979.912664,0.006122
1977.292576,0.008163
1974.672489,0.008163
1972.052402,0.008163
1969.432314,0.008163
1966.812227,0.008163
1964.192140,0.008163
1961.572052,0.008163
1958.951965,0.008163
1956.331878,0.008163
1953.711790,0.008163
1951.091703,0.008163
1948.471616,0.010204
1945.851528,0.010204
1943.231441,0.010204
1940.611354,0.012245
1937.991266,0.012245
1935.371179,0.014286
1932.751092,0.014286
1930.131004,0.014286
1927.510917,0.016327
1924.890830,0.016327
1922.270742,0.018367
1919.650655,0.020408
1917.030568,0.022449
1914.410480,0.022449
1911.790393,0.022449
1909.170306,0.022449
1906.550218,0.020408
1903.930131,0.018367
1901.310044,0.016327
1898.689956,0.014286
1896.069869,0.012245
1893.449782,0.010204
1890.829694,0.008163
1888.209607,0.008163
1885.589520,0.008163
1882.969432,0.006122
1880.349345,0.006122
1877.729258,0.006122
1875.109170,0.006122
1872.489083,0.006122
1869.868996,0.006122
1867.248908,0.006122
1864.628821,0.006122
1862.008734,0.008163
1859.388646,0.008163
1856.768559,0.008163
1854.148472,0.010204
1851.528384,0.010204
1848.908297,0.010204
1846.288210,0.012245
1843.668122,0.012245
1841.048035,0.012245
1838.427948,0.012245
1835.807860,0.012245
1833.187773,0.012245
1830.567686,0.012245
1827.947598,0.012245
1825.327511,0.010204
1822.707424,0.010204
1820.087336,0.010204
1817.467249,0.010204
1814.847162,0.010204
1812.227074,0.010204
1809.606987,0.010204
1806.986900,0.010204
1804.366812,0.010204
1801.746725,0.010204
1799.126638,0.010204
1796.506550,0.010204
1793.886463,0.010204
1791.266376,0.008163
1788.646288,0.008163
1786.026201,0.008163
1783.406114,0.008163
1780.786026,0.008163
1778.165939,0.008163
1775.545852,0.008163
1772.925764,0.008163
1770.305677,0.006122
1767.685590,0.006122
1765.065502,0.008163
1762.445415,0.008163
1759.825328,0.008163
1757.205240,0.008163
1754.585153,0.010204
1751.965066,0.014286
1749.344978,0.018367
1746.724891,0.020408
1744.104803,0.020408
1741.484716,0.018367
1738.864629,0.016327
1736.244541,0.010204
1733.624454,0.008163
1731.004367,0.004082
1728.384279,0.006122
1725.764192,0.006122
1723.144105,0.006122
1720.524017,0.004082
1717.903930,0.004082
1715.283843,0.004082
1712.663755,0.004082
1710.043668,0.006122
1707.423581,0.006122
1704.803493,0.006122
1702.183406,0.006122
1699.563319,0.006122
1696.943231,0.004082
1694.323144,0.006122
1691.703057,0.006122
1689.082969,0.006122
1686.462882,0.008163
1683.842795,0.006122
1681.222707,0.006122
1678.602620,0.008163
1675.982533,0.008163
1673.362445,0.008163
1670.742358,0.008163
1668.122271,0.008163
1665.502183,0.008163
1662.882096,0.008163
1660.262009,0.006122
1657.641921,0.008163
1655.021834,0.008163
1652.401747,0.006122
1649.781659,0.006122
1647.161572,0.006122
1644.541485,0.006122
1641.921397,0.006122
1639.301310,0.006122
1636.681223,0.008163
1634.061135,0.006122
1631.441048,0.008163
1628.820961,0.008163
1626.200873,0.008163
1623.580786,0.008163
1620.960699,0.008163
1618.340611,0.008163
1615.720524,0.008163
1613.100437,0.010204
1610.480349,0.010204
1607.860262,0.012245
1605.240175,0.016327
1602.620087,0.026531
1600.000000,0.048980
1597.379913,0.075510
1594.759825,0.079592
1592.139738,0.079592
1589.519651,0.067347
1586.899563,0.038776
1584.279476,0.022449
1581.659389,0.014286
1579.039301,0.012245
1576.419214,0.010204
1573.799127,0.008163
1571.179039,0.010204
1568.558952,0.010204
1565.938865,0.008163
1563.318777,0.008163
1560.698690,0.008163
1558.078603,0.008163
1555.458515,0.008163
1552.838428,0.008163
1550.218341,0.010204
1547.598253,0.010204
1544.978166,0.010204
1542.358079,0.010204
1539.737991,0.010204
1537.117904,0.012245
1534.497817,0.012245
1531.877729,0.014286
1529.257642,0.014286
1526.637555,0.014286
1524.017467,0.014286
1521.397380,0.012245
1518.777293,0.012245
1516.157205,0.014286
1513.537118,0.014286
1510.917031,0.012245
1508.296943,0.012245
1505.676856,0.012245
1503.056769,0.014286
1500.436681,0.016327
1497.816594,0.018367
1495.196507,0.018367
1492.576419,0.020408
1489.956332,0.026531
1487.336245,0.032653
1484.716157,0.040816
1482.096070,0.042857
1479.475983,0.042857
1476.855895,0.038776
1474.235808,0.032653
1471.615721,0.028571
1468.995633,0.030612
1466.375546,0.032653
1463.755459,0.036735
1461.135371,0.040816
1458.515284,0.046939
1455.895197,0.051020
1453.275109,0.057143
1450.655022,0.063265
1448.034934,0.075510
1445.414847,0.083673
1442.794760,0.085714
1440.174672,0.083673
1437.554585,0.079592
1434.934498,0.069388
1432.314410,0.061224
1429.694323,0.057143
1427.074236,0.061224
1424.454148,0.067347
1421.834061,0.077551
1419.213974,0.095918
1416.593886,0.126531
1413.973799,0.179592
1411.353712,0.236735
1408.733624,0.265306
1406.113537,0.267347
1403.493450,0.265306
1400.873362,0.236735
1398.253275,0.202041
1395.633188,0.208163
1393.013100,0.232653
1390.393013,0.234694
1387.772926,0.234694
1385.152838,0.197959
1382.532751,0.140816
1379.912664,0.102041
1377.292576,0.079592
1374.672489,0.067347
1372.052402,0.061224
1369.432314,0.055102
1366.812227,0.053061
1364.192140,0.048980
1361.572052,0.046939
1358.951965,0.042857
1356.331878,0.038776
1353.711790,0.036735
1351.091703,0.032653
1348.471616,0.030612
1345.851528,0.028571
1343.231441,0.028571
1340.611354,0.026531
1337.991266,0.024490
1335.371179,0.024490
1332.751092,0.024490
1330.131004,0.024490
1327.510917,0.024490
1324.890830,0.024490
1322.270742,0.026531
1319.650655,0.026531
1317.030568,0.028571
1314.410480,0.028571
1311.790393,0.032653
1309.170306,0.034694
1306.550218,0.038776
1303.930131,0.044898
1301.310044,0.053061
1298.689956,0.061224
1296.069869,0.069388
1293.449782,0.071429
1290.829694,0.073469
1288.209607,0.073469
1285.589520,0.075510
1282.969432,0.077551
1280.349345,0.083673
1277.729258,0.091837
1275.109170,0.102041
1272.489083,0.110204
1269.868996,0.120408
1267.248908,0.144898
1264.628821,0.195918
1262.008734,0.300000
1259.388646,0.434694
1256.768559,0.530612
1254.148472,0.577551
1251.528384,0.579592
1248.908297,0.577551
1246.288210,0.487755
1243.668122,0.314286
1241.048035,0.191837
1238.427948,0.128571
1235.807860,0.095918
1233.187773,0.075510
1230.567686,0.061224
1227.947598,0.051020
1225.327511,0.042857
1222.707424,0.038776
1220.087336,0.036735
1217.467249,0.034694
1214.847162,0.032653
1212.227074,0.032653
1209.606987,0.032653
1206.986900,0.032653
1204.366812,0.032653
1201.746725,0.034694
1199.126638,0.034694
1196.506550,0.038776
1193.886463,0.040816
1191.266376,0.044898
1188.646288,0.051020
1186.026201,0.059184
1183.406114,0.069388
1180.786026,0.083673
1178.165939,0.106122
1175.545852,0.130612
1172.925764,0.161224
1170.305677,0.187755
1167.685590,0.197959
1165.065502,0.200000
1162.445415,0.197959
1159.825328,0.191837
1157.205240,0.173469
1154.585153,0.157143
1151.965066,0.144898
1149.344978,0.134694
1146.724891,0.132653
1144.104803,0.138776
1141.484716,0.148980
1138.864629,0.165306
1136.244541,0.185714
1133.624454,0.212245
1131.004367,0.248980
1128.384279,0.295918
1125.764192,0.353061
1123.144105,0.420408
1120.524017,0.512245
1117.903930,0.610204
1115.283843,0.714286
1112.663755,0.812245
1110.043668,0.851020
1107.423581,0.851020
1104.803493,0.844898
1102.183406,0.763265
1099.563319,0.618367
1096.943231,0.502041
1094.323144,0.471429
1091.703057,0.536735
1089.082969,0.600000
1086.462882,0.646939
1083.842795,0.661224
1081.222707,0.663265
1078.602620,0.661224
1075.982533,0.632653
1073.362445,0.563265
1070.742358,0.473469
1068.122271,0.383673
1065.502183,0.302041
1062.882096,0.240816
1060.262009,0.195918
1057.641921,0.163265
1055.021834,0.138776
1052.401747,0.122449
1049.781659,0.108163
1047.161572,0.100000
1044.541485,0.089796
1041.921397,0.081633
1039.301310,0.075510
1036.681223,0.071429
1034.061135,0.067347
1031.441048,0.065306
1028.820961,0.069388
1026.200873,0.075510
1023.580786,0.087755
1020.960699,0.112245
1018.340611,0.155102
1015.720524,0.220408
1013.100437,0.277551
1010.480349,0.291837
1007.860262,0.293878
1005.240175,0.287755
1002.620087,0.251020
1000.000000,0.193878
997.379913,0.132653
994.759825,0.093878
992.139738,0.071429
989.519651,0.057143
986.899563,0.051020
984.279476,0.053061
981.659389,0.057143
979.039301,0.067347
976.419214,0.079592
973.799127,0.100000
971.179039,0.130612
968.558952,0.175510
965.938865,0.238776
963.318777,0.316327
960.698690,0.404082
958.078603,0.463265
955.458515,0.487755
952.838428,0.495918
950.218341,0.495918
947.598253,0.495918
944.978166,0.487755
942.358079,0.463265
939.737991,0.418367
937.117904,0.367347
934.497817,0.318367
931.877729,0.265306
929.257642,0.222449
926.637555,0.181633
924.017467,0.144898
921.397380,0.114286
918.777293,0.091837
916.157205,0.075510
913.537118,0.063265
910.917031,0.055102
908.296943,0.048980
905.676856,0.044898
903.056769,0.042857
900.436681,0.042857
897.816594,0.044898
895.196507,0.046939
892.576419,0.051020
889.956332,0.055102
887.336245,0.059184
884.716157,0.065306
882.096070,0.071429
879.475983,0.077551
876.855895,0.087755
874.235808,0.097959
871.615721,0.110204
868.995633,0.124490
866.375546,0.142857
863.755459,0.165306
861.135371,0.193878
858.515284,0.230612
855.895197,0.281633
853.275109,0.351020
850.655022,0.438776
848.034934,0.548980
845.414847,0.679592
842.794760,0.818367
840.174672,0.930612
837.554585,0.995918
834.934498,1.000000
832.314410,0.997959
829.694323,0.957143
827.074236,0.855102
824.454148,0.742857
821.834061,0.616327
819.213974,0.500000
816.593886,0.408163
813.973799,0.332653
811.353712,0.283673
808.733624,0.251020
806.113537,0.230612
803.493450,0.228571
800.873362,0.253061
798.253275,0.304082
795.633188,0.397959
793.013100,0.551020
790.393013,0.716327
787.772926,0.800000
785.152838,0.804082
782.532751,0.802041
779.912664,0.726531
777.292576,0.604082
774.672489,0.467347
772.052402,0.330612
769.432314,0.234694
766.812227,0.171429
764.192140,0.128571
761.572052,0.102041
758.951965,0.085714
756.331878,0.077551
753.711790,0.071429
751.091703,0.075510
748.471616,0.083673
745.851528,0.093878
743.231441,0.106122
740.611354,0.114286
737.991266,0.122449
735.371179,0.134694
732.751092,0.148980
730.131004,0.159184
727.510917,0.163265
724.890830,0.163265
722.270742,0.159184
719.650655,0.146939
717.030568,0.128571
714.410480,0.114286
711.790393,0.100000
709.170306,0.100000
706.550218,0.112245
703.930131,0.134694
701.310044,0.173469
698.689956,0.212245
696.069869,0.234694
693.449782,0.238776
690.829694,0.236735
688.209607,0.230612
685.589520,0.214286
682.969432,0.195918
680.349345,0.179592
677.729258,0.157143
675.109170,0.134694
672.489083,0.110204
669.868996,0.087755
667.248908,0.073469
664.628821,0.065306
662.008734,0.061224
659.388646,0.057143
656.768559,0.057143
654.148472,0.059184
651.528384,0.061224
648.908297,0.061224
646.288210,0.063265
643.668122,0.067347
641.048035,0.071429
638.427948,0.073469
635.807860,0.077551
633.187773,0.079592
630.567686,0.083673
627.947598,0.089796
625.327511,0.093878
622.707424,0.097959
620.087336,0.102041
617.467249,0.108163
614.847162,0.114286
612.227074,0.120408
609.606987,0.124490
606.986900,0.130612
604.366812,0.140816
601.746725,0.151020
599.126638,0.151020
596.506550,0.151020
593.886463,0.148980
591.266376,0.142857
588.646288,0.132653
586.026201,0.116327
583.406114,0.100000
580.786026,0.083673
578.165939,0.067347
575.545852,0.051020
572.925764,0.038776
570.305677,0.028571
567.685590,0.020408
565.065502,0.014286
562.445415,0.010204
559.825328,0.006122
557.205240,0.004082
554.585153,0.004082
551.965066,0.004082
549.344978,0.002041
546.724891,0.002041
544.104803,0.002041
541.484716,0.002041
538.864629,0.002041
536.244541,0.002041
533.624454,0.002041
531.004367,0.002041
528.384279,0.002041
525.764192,0.002041
523.144105,0.002041
520.524017,0.002041
517.903930,0.002041
515.283843,0.002041
512.663755,0.002041
510.043668,0.002041
507.423581,0.002041
504.803493,0.002041
502.183406,0.002041
499.563319,0.002041
496.943231,0.002041
494.323144,0.002041
491.703057,0.002041
489.082969,0.002041
486.462882,0.002041
483.842795,0.002041
481.222707,0.002041
478.602620,0.002041
475.982533,0.002041
473.362445,0.002041
470.742358,0.002041
468.122271,0.002041
465.502183,0.002041
462.882096,0.002041
460.262009,0.002041
457.641921,0.002041
455.021834,0.002041
452.401747,0.002041
449.781659,0.002041
447.161572,nan
444.541485,nan
441.921397,nan
439.301310,nan
436.681223,nan
434.061135,nan
431.441048,nan
428.820961,nan
426.200873,nan
423.580786,nan
420.960699,nan
418.340611,nan
415.720524,nan
413.100437,nan
410.480349,nan
407.860262,nan
405.240175,nan
402.620087,nan
400.000000,nan
