4000.000000,0.014286
3997.379913,0.016327
3994.759825,0.016327
3992.139738,0.016327
3989.519651,0.014286
3986.899563,0.014286
3984.279476,0.014286
3981.659389,0.014286
3979.039301,0.016327
3976.419214,0.016327
3973.799127,0.014286
3971.179039,0.014286
3968.558952,0.016327
3965.938865,0.016327
3963.318777,0.016327
3960.698690,0.014286
3958.078603,0.014286
3955.458515,0.014286
3952.838428,0.016327
3950.218341,0.016327
3947.598253,0.016327
3944.978166,0.014286
3942.358079,0.014286
3939.737991,0.014286
3937.117904,0.014286
3934.497817,0.014286
3931.877729,0.014286
3929.257642,0.014286
3926.637555,0.014286
3924.017467,0.014286
3921.397380,0.014286
3918.777293,0.014286
3916.157205,0.014286
3913.537118,0.014286
3910.917031,0.014286
3908.296943,0.014286
3905.676856,0.014286
3903.056769,0.014286
3900.436681,0.014286
3897.816594,0.014286
3895.196507,0.014286
3892.576419,0.014286
3889.956332,0.014286
3887.336245,0.014286
3884.716157,0.014286
3882.096070,0.014286
3879.475983,0.014286
3876.855895,0.014286
3874.235808,0.014286
3871.615721,0.014286
3868.995633,0.014286
3866.375546,0.014286
3863.755459,0.014286
3861.135371,0.014286
3858.515284,0.014286
3855.895197,0.014286
3853.275109,0.014286
3850.655022,0.014286
3848.034934,0.012245
3845.414847,0.014286
3842.794760,0.014286
3840.174672,0.016327
3837.554585,0.016327
3834.934498,0.014286
3832.314410,0.014286
3829.694323,0.014286
3827.074236,0.014286
3824.454148,0.016327
3821.834061,0.016327
3819.213974,0.014286
3816.593886,0.014286
3813.973799,0.016327
3811.353712,0.016327
3808.733624,0.016327
3806.113537,0.016327
3803.493450,0.016327
3800.873362,0.016327
3798.253275,0.016327
3795.633188,0.016327
3793.013100,0.016327
3790.393013,0.016327
3787.772926,0.016327
3785.152838,0.016327
3782.532751,0.016327
3779.912664,0.016327
3777.292576,0.016327
3774.672489,0.016327
3772.052402,0.016327
3769.432314,0.016327
3766.812227,0.016327
3764.192140,0.016327
3761.572052,0.016327
3758.951965,0.016327
3756.331878,0.016327
3753.711790,0.016327
3751.091703,0.016327
3748.471616,0.016327
3745.851528,0.016327
3743.231441,0.016327
3740.611354,0.018367
3737.991266,0.018367
3735.371179,0.018367
3732.751092,0.018367
3730.131004,0.018367
3727.510917,0.016327
3724.890830,0.016327
3722.270742,0.016327
3719.650655,0.016327
3717.030568,0.016327
3714.410480,0.016327
3711.790393,0.018367
3709.170306,0.018367
3706.550218,0.018367
3703.930131,0.018367
3701.310044,0.018367
3698.689956,0.016327
3696.069869,0.016327
3693.449782,0.016327
3690.829694,0.016327
3688.209607,0.016327
3685.589520,0.014286
3682.969432,0.016327
3680.349345,0.016327
3677.729258,0.016327
3675.109170,0.014286
3672.489083,0.014286
3669.868996,0.014286
3667.248908,0.016327
3664.628821,0.016327
3662.008734,0.016327
3659.388646,0.016327
3656.768559,0.016327
3654.148472,0.016327
3651.528384,0.016327
3648.908297,0.016327
3646.288210,0.016327
3643.668122,0.016327
3641.048035,0.016327
3638.427948,0.016327
3635.807860,0.016327
3633.187773,0.016327
3630.567686,0.016327
3627.947598,0.016327
3625.327511,0.016327
3622.707424,0.016327
3620.087336,0.016327
3617.467249,0.016327
3614.847162,0.014286
3612.227074,0.014286
3609.606987,0.014286
3606.986900,0.014286
3604.366812,0.014286
3601.746725,0.014286
3599.126638,0.016327
3596.506550,0.016327
3593.886463,0.016327
3591.266376,0.016327
3588.646288,0.016327
3586.026201,0.016327
3583.406114,0.016327
3580.786026,0.016327
3578.165939,0.016327
3575.545852,0.016327
3572.925764,0.016327
3570.305677,0.016327
3567.685590,0.016327
3565.065502,0.016327
3562.445415,0.016327
3559.825328,0.016327
3557.205240,0.016327
3554.585153,0.016327
3551.965066,0.016327
3549.344978,0.016327
3546.724891,0.016327
3544.104803,0.016327
3541.484716,0.016327
3538.864629,0.016327
3536.244541,0.016327
3533.624454,0.016327
3531.004367,0.016327
3528.384279,0.016327
3525.764192,0.016327
3523.144105,0.016327
3520.524017,0.016327
3517.903930,0.016327
3515.283843,0.016327
3512.663755,0.016327
3510.043668,0.014286
3507.423581,0.016327
3504.803493,0.016327
3502.183406,0.016327
3499.563319,0.016327
3496.943231,0.016327
3494.323144,0.016327
3491.703057,0.016327
3489.082969,0.016327
3486.462882,0.016327
3483.842795,0.016327
3481.222707,0.016327
3478.602620,0.016327
3475.982533,0.016327
3473.362445,0.016327
3470.742358,0.016327
3468.122271,0.016327
3465.502183,0.016327
3462.882096,0.016327
3460.262009,0.016327
3457.641921,0.016327
3455.021834,0.016327
3452.401747,0.016327
3449.781659,0.016327
3447.161572,0.016327
3444.541485,0.016327
3441.921397,0.016327
3439.301310,0.016327
3436.681223,0.016327
3434.061135,0.016327
3431.441048,0.018367
3428.820961,0.018367
3426.200873,0.018367
3423.580786,0.018367
3420.960699,0.018367
3418.340611,0.018367
3415.720524,0.018367
3413.100437,0.018367
3410.480349,0.018367
3407.860262,0.018367
3405.240175,0.018367
3402.620087,0.018367
3400.000000,0.018367
3397.379913,0.018367
3394.759825,0.018367
3392.139738,0.018367
3389.519651,0.018367
3386.899563,0.018367
3384.279476,0.018367
3381.659389,0.018367
3379.039301,0.018367
3376.419214,0.018367
3373.799127,0.018367
3371.179039,0.018367
3368.558952,0.018367
3365.938865,0.018367
3363.318777,0.018367
3360.698690,0.018367
3358.078603,0.018367
3355.458515,0.018367
3352.838428,0.018367
3350.218341,0.018367
3347.598253,0.018367
3344.978166,0.018367
3342.358079,0.018367
3339.737991,0.018367
3337.117904,0.018367
3334.497817,0.018367
3331.877729,0.018367
3329.257642,0.018367
3326.637555,0.016327
3324.017467,0.016327
3321.397380,0.016327
3318.777293,0.016327
3316.157205,0.016327
3313.537118,0.016327
3310.917031,0.016327
3308.296943,0.016327
3305.676856,0.016327
3303.056769,0.016327
3300.436681,0.016327
3297.816594,0.016327
3295.196507,0.016327
3292.576419,0.016327
3289.956332,0.016327
3287.336245,0.016327
3284.716157,0.016327
3282.096070,0.016327
3279.475983,0.016327
3276.855895,0.016327
3274.235808,0.016327
3271.615721,0.016327
3268.995633,0.016327
3266.375546,0.016327
3263.755459,0.016327
3261.135371,0.016327
3258.515284,0.016327
3255.895197,0.016327
3253.275109,0.016327
3250.655022,0.016327
3248.034934,0.016327
3245.414847,0.016327
3242.794760,0.016327
3240.174672,0.016327
3237.554585,0.016327
3234.934498,0.016327
3232.314410,0.016327
3229.694323,0.016327
3227.074236,0.016327
3224.454148,0.016327
3221.834061,0.016327
3219.213974,0.016327
3216.593886,0.016327
3213.973799,0.016327
3211.353712,0.016327
3208.733624,0.016327
3206.113537,0.016327
3203.493450,0.016327
3200.873362,0.016327
3198.253275,0.016327
3195.633188,0.018367
3193.013100,0.018367
3190.393013,0.018367
3187.772926,0.018367
3185.152838,0.018367
3182.532751,0.018367
3179.912664,0.018367
3177.292576,0.018367
3174.672489,0.018367
3172.052402,0.016327
3169.432314,0.016327
3166.812227,0.016327
3164.192140,0.016327
3161.572052,0.016327
3158.951965,0.016327
3156.331878,0.016327
3153.711790,0.016327
3151.091703,0.016327
3148.471616,0.016327
3145.851528,0.016327
3143.231441,0.016327
3140.611354,0.018367
3137.991266,0.018367
3135.371179,0.018367
3132.751092,0.018367
3130.131004,0.018367
3127.510917,0.018367
3124.890830,0.020408
3122.270742,0.020408
3119.650655,0.020408
3117.030568,0.020408
3114.410480,0.020408
3111.790393,0.020408
3109.170306,0.020408
3106.550218,0.022449
3103.930131,0.020408
3101.310044,0.020408
3098.689956,0.020408
3096.069869,0.022449
3093.449782,0.020408
3090.829694,0.020408
3088.209607,0.022449
3085.589520,0.022449
3082.969432,0.022449
3080.349345,0.022449
3077.729258,0.022449
3075.109170,0.024490
3072.489083,0.024490
3069.868996,0.024490
3067.248908,0.028571
3064.628821,0.032653
3062.008734,0.042857
3059.388646,0.055102
3056.768559,0.065306
3054.148472,0.069388
3051.528384,0.069388
3048.908297,0.067347
3046.288210,0.055102
3043.668122,0.044898
3041.048035,0.036735
3038.427948,0.032653
3035.807860,0.030612
3033.187773,0.028571
3030.567686,0.028571
3027.947598,0.028571
3025.327511,0.030612
3022.707424,0.034694
3020.087336,0.036735
3017.467249,0.040816
3014.847162,0.042857
3012.227074,0.042857
3009.606987,0.042857
3006.986900,0.038776
3004.366812,0.036735
3001.746725,0.034694
2999.126638,0.034694
2996.506550,0.036735
2993.886463,0.038776
2991.266376,0.042857
2988.646288,0.046939
2986.026201,0.055102
2983.406114,0.065306
2980.786026,0.077551
2978.165939,0.097959
2975.545852,0.128571
2972.925764,0.163265
2970.305677,0.204082
2967.685590,0.263265
2965.065502,0.336735
2962.445415,0.408163
2959.825328,0.436735
2957.205240,0.436735
2954.585153,0.434694
2951.965066,0.397959
2949.344978,0.330612
2946.724891,0.257143
2944.104803,0.200000
2941.484716,0.153061
2938.864629,0.118367
2936.244541,0.093878
2933.624454,0.079592
2931.004367,0.067347
2928.384279,0.059184
2925.764192,0.053061
2923.144105,0.051020
2920.524017,0.046939
2917.903930,0.046939
2915.283843,0.046939
2912.663755,0.051020
2910.043668,0.057143
2907.423581,0.065306
2904.803493,0.073469
2902.183406,0.075510
2899.563319,0.075510
2896.943231,0.075510
2894.323144,0.071429
2891.703057,0.065306
2889.082969,0.057143
2886.462882,0.048980
2883.842795,0.042857
2881.222707,0.038776
2878.602620,0.034694
2875.982533,0.032653
2873.362445,0.028571
2870.742358,0.028571
2868.122271,0.026531
2865.502183,0.026531
2862.882096,0.026531
2860.262009,0.024490
2857.641921,0.026531
2855.021834,0.026531
2852.401747,0.026531
2849.781659,0.024490
2847.161572,0.024490
2844.541485,0.022449
2841.921397,0.022449
2839.301310,0.022449
2836.681223,0.022449
2834.061135,0.022449
2831.441048,0.020408
2828.820961,0.020408
2826.200873,0.020408
2823.580786,0.020408
2820.960699,0.018367
2818.340611,0.018367
2815.720524,0.018367
2813.100437,0.018367
2810.480349,0.018367
2807.860262,0.018367
2805.240175,0.018367
2802.620087,0.018367
2800.000000,0.018367
2797.379913,0.018367
2794.759825,0.018367
2792.139738,0.018367
2789.519651,0.016327
2786.899563,0.016327
2784.279476,0.016327
2781.659389,0.014286
2779.039301,0.012245
2776.419214,0.012245
2773.799127,0.012245
2771.179039,0.012245
2768.558952,0.012245
2765.938865,0.010204
2763.318777,0.010204
2760.698690,0.010204
2758.078603,0.010204
2755.458515,0.010204
2752.838428,0.010204
2750.218341,0.010204
2747.598253,0.010204
2744.978166,0.010204
2742.358079,0.010204
2739.737991,0.008163
2737.117904,0.008163
2734.497817,0.008163
2731.877729,0.008163
2729.257642,0.008163
2726.637555,0.008163
2724.017467,0.008163
2721.397380,0.008163
2718.777293,0.008163
2716.157205,0.008163
2713.537118,0.008163
2710.917031,0.008163
2708.296943,0.008163
2705.676856,0.008163
2703.056769,0.008163
2700.436681,0.008163
2697.816594,0.008163
2695.196507,0.008163
2692.576419,0.008163
2689.956332,0.008163
2687.336245,0.008163
2684.716157,0.008163
2682.096070,0.008163
2679.475983,0.008163
2676.855895,0.008163
2674.235808,0.008163
2671.615721,0.008163
2668.995633,0.008163
2666.375546,0.008163
2663.755459,0.008163
2661.135371,0.008163
2658.515284,0.008163
2655.895197,0.008163
2653.275109,0.008163
2650.655022,0.008163
2648.034934,0.008163
2645.414847,0.008163
2642.794760,0.008163
2640.174672,0.008163
2637.554585,0.006122
2634.934498,0.006122
2632.314410,0.006122
2629.694323,0.006122
2627.074236,0.006122
2624.454148,0.006122
2621.834061,0.006122
2619.213974,0.006122
2616.593886,0.006122
2613.973799,0.006122
2611.353712,0.006122
2608.733624,0.006122
2606.113537,0.006122
2603.493450,0.006122
2600.873362,0.006122
2598.253275,0.006122
2595.633188,0.006122
2593.013100,0.006122
2590.393013,0.008163
2587.772926,0.006122
2585.152838,0.006122
2582.532751,0.006122
2579.912664,0.006122
2577.292576,0.006122
2574.672489,0.006122
2572.052402,0.006122
2569.432314,0.006122
2566.812227,0.006122
2564.192140,0.006122
2561.572052,0.006122
2558.951965,0.006122
2556.331878,0.006122
2553.711790,0.006122
2551.091703,0.006122
2548.471616,0.006122
2545.851528,0.006122
2543.231441,0.006122
2540.611354,0.006122
2537.991266,0.006122
2535.371179,0.006122
2532.751092,0.006122
2530.131004,0.006122
2527.510917,0.006122
2524.890830,0.006122
2522.270742,0.006122
2519.650655,0.006122
2517.030568,0.006122
2514.410480,0.006122
2511.790393,0.006122
2509.170306,0.006122
2506.550218,0.006122
2503.930131,0.006122
2501.310044,0.006122
2498.689956,0.006122
2496.069869,0.006122
2493.449782,0.006122
2490.829694,0.006122
2488.209607,0.006122
2485.589520,0.006122
2482.969432,0.006122
2480.349345,0.006122
2477.729258,0.006122
2475.109170,0.006122
2472.489083,0.006122
2469.868996,0.006122
2467.248908,0.006122
2464.628821,0.006122
2462.008734,0.006122
2459.388646,0.006122
2456.768559,0.006122
2454.148472,0.006122
2451.528384,0.006122
2448.908297,0.006122
2446.288210,0.006122
2443.668122,0.006122
2441.048035,0.006122
2438.427948,0.006122
2435.807860,0.006122
2433.187773,0.006122
2430.567686,0.006122
2427.947598,0.006122
2425.327511,0.006122
2422.707424,0.006122
2420.087336,0.006122
2417.467249,0.006122
2414.847162,0.006122
2412.227074,0.006122
2409.606987,0.006122
2406.986900,0.006122
2404.366812,0.006122
2401.746725,0.006122
2399.126638,0.006122
2396.506550,0.006122
2393.886463,0.006122
2391.266376,0.006122
2388.646288,0.006122
2386.026201,0.006122
2383.406114,0.006122
2380.786026,0.006122
2378.165939,0.006122
2375.545852,0.006122
2372.925764,0.006122
2370.305677,0.006122
2367.685590,0.006122
2365.065502,0.006122
2362.445415,0.006122
2359.825328,0.006122
2357.205240,0.006122
2354.585153,0.006122
2351.965066,0.006122
2349.344978,0.006122
2346.724891,0.006122
2344.104803,0.006122
2341.484716,0.006122
2338.864629,0.004082
2336.244541,0.004082
2333.624454,0.004082
2331.004367,0.006122
2328.384279,0.006122
2325.764192,0.004082
2323.144105,0.004082
2320.524017,0.004082
2317.903930,0.004082
2315.283843,0.006122
2312.663755,0.006122
2310.043668,0.004082
2307.423581,0.004082
2304.803493,0.004082
2302.183406,0.006122
2299.563319,0.006122
2296.943231,0.006122
2294.323144,0.006122
2291.703057,0.006122
2289.082969,0.006122
2286.462882,0.006122
2283.842795,0.006122
2281.222707,0.006122
2278.602620,0.006122
2275.982533,0.006122
2273.362445,0.006122
2270.742358,0.006122
2268.122271,0.006122
2265.502183,0.006122
2262.882096,0.006122
2260.262009,0.006122
2257.641921,0.006122
2255.021834,0.006122
2252.401747,0.006122
2249.781659,0.006122
2247.161572,0.006122
2244.541485,0.006122
2241.921397,0.006122
2239.301310,0.006122
2236.681223,0.006122
2234.061135,0.006122
2231.441048,0.006122
2228.820961,0.006122
2226.200873,0.006122
2223.580786,0.006122
2220.960699,0.004082
2218.340611,0.004082
2215.720524,0.006122
2213.100437,0.006122
2210.480349,0.006122
2207.860262,0.004082
2205.240175,0.004082
2202.620087,0.004082
2200.000000,0.004082
2197.379913,0.004082
2194.759825,0.004082
2192.139738,0.004082
2189.519651,0.004082
2186.899563,0.004082
2184.279476,0.004082
2181.659389,0.004082
2179.039301,0.004082
2176.419214,0.004082
2173.799127,0.004082
2171.179039,0.004082
2168.558952,0.004082
2165.938865,0.004082
2163.318777,0.004082
2160.698690,0.004082
2158.078603,0.004082
2155.458515,0.004082
2152.838428,0.004082
2150.218341,0.004082
2147.598253,0.004082
2144.978166,0.006122
2142.358079,0.006122
2139.737991,0.004082
2137.117904,0.004082
2134.497817,0.004082
2131.877729,0.006122
2129.257642,0.006122
2126.637555,0.006122
2124.017467,0.006122
2121.397380,0.006122
2118.777293,0.006122
2116.157205,0.006122
2113.537118,0.006122
2110.917031,0.006122
2108.296943,0.006122
2105.676856,0.006122
2103.056769,0.006122
2100.436681,0.006122
2097.816594,0.006122
2095.196507,0.006122
2092.576419,0.006122
2089.956332,0.006122
2087.336245,0.006122
2084.716157,0.006122
2082.096070,0.006122
2079.475983,0.006122
2076.855895,0.006122
2074.235808,0.006122
2071.615721,0.006122
2068.995633,0.004082
2066.375546,0.004082
2063.755459,0.004082
2061.135371,0.004082
2058.515284,0.004082
2055.895197,0.004082
2053.275109,0.004082
2050.655022,0.004082
2048.034934,0.004082
2045.414847,0.004082
2042.794760,0.004082
2040.174672,0.004082
2037.554585,0.004082
2034.934498,0.004082
2032.314410,0.004082
2029.694323,0.004082
2027.074236,0.004082
2024.454148,0.006122
2021.834061,0.006122
2019.213974,0.006122
2016.593886,0.006122
2013.973799,0.006122
2011.353712,0.006122
2008.733624,0.008163
2006.113537,0.008163
2003.493450,0.008163
2000.873362,0.008163
1998.253275,0.006122
1995.633188,0.006122
1993.013100,0.006122
1990.393013,0.006122
1987.772926,0.006122
1985.152838,0.006122
1982.532751,0.006122
1979.912664,0.004082
1977.292576,0.004082
1974.672489,0.004082
1972.052402,0.006122
1969.432314,0.006122
1966.812227,0.006122
1964.192140,0.006122
1961.572052,0.006122
1958.951965,0.006122
1956.331878,0.006122
1953.711790,0.008163
1951.091703,0.008163
1948.471616,0.008163
1945.851528,0.010204
1943.231441,0.010204
1940.611354,0.010204
1937.991266,0.010204
1935.371179,0.010204
1932.751092,0.012245
1930.131004,0.012245
1927.510917,0.010204
1924.890830,0.012245
1922.270742,0.012245
1919.650655,0.012245
1917.030568,0.012245
1914.410480,0.012245
1911.790393,0.012245
1909.170306,0.012245
1906.550218,0.010204
1903.930131,0.008163
1901.310044,0.008163
1898.689956,0.006122
1896.069869,0.006122
1893.449782,0.006122
1890.829694,0.006122
1888.209607,0.006122
1885.589520,0.006122
1882.969432,0.006122
1880.349345,0.006122
1877.729258,0.006122
1875.109170,0.006122
1872.489083,0.006122
1869.868996,0.004082
1867.248908,0.004082
1864.628821,0.004082
1862.008734,0.004082
1859.388646,0.004082
1856.768559,0.004082
1854.148472,0.004082
1851.528384,0.004082
1848.908297,0.004082
1846.288210,0.004082
1843.668122,0.004082
1841.048035,0.004082
1838.427948,0.004082
1835.807860,0.004082
1833.187773,0.004082
1830.567686,0.004082
1827.947598,0.004082
1825.327511,0.004082
1822.707424,0.004082
1820.087336,0.004082
1817.467249,0.004082
1814.847162,0.004082
1812.227074,0.004082
1809.606987,0.004082
1806.986900,0.004082
1804.366812,0.004082
1801.746725,0.004082
1799.126638,0.004082
1796.506550,0.004082
1793.886463,0.004082
1791.266376,0.004082
1788.646288,0.004082
1786.026201,0.004082
1783.406114,0.004082
1780.786026,0.004082
1778.165939,0.004082
1775.545852,0.004082
1772.925764,0.004082
1770.305677,0.004082
1767.685590,0.004082
1765.065502,0.006122
1762.445415,0.006122
1759.825328,0.006122
1757.205240,0.006122
1754.585153,0.008163
1751.965066,0.008163
1749.344978,0.006122
1746.724891,0.008163
1744.104803,0.008163
1741.484716,0.008163
1738.864629,0.008163
1736.244541,0.008163
1733.624454,0.008163
1731.004367,0.008163
1728.384279,0.006122
1725.764192,0.006122
1723.144105,0.008163
1720.524017,0.008163
1717.903930,0.006122
1715.283843,0.006122
1712.663755,0.006122
1710.043668,0.006122
1707.423581,0.004082
1704.803493,0.004082
1702.183406,0.004082
1699.563319,0.004082
1696.943231,0.004082
1694.323144,0.004082
1691.703057,0.004082
1689.082969,0.004082
1686.462882,0.004082
1683.842795,0.004082
1681.222707,0.006122
1678.602620,0.006122
1675.982533,0.006122
1673.362445,0.006122
1670.742358,0.006122
1668.122271,0.006122
1665.502183,0.006122
1662.882096,0.008163
1660.262009,0.008163
1657.641921,0.008163
1655.021834,0.008163
1652.401747,0.008163
1649.781659,0.008163
1647.161572,0.008163
1644.541485,0.008163
1641.921397,0.008163
1639.301310,0.008163
1636.681223,0.008163
1634.061135,0.008163
1631.441048,0.010204
1628.820961,0.010204
1626.200873,0.010204
1623.580786,0.010204
1620.960699,0.010204
1618.340611,0.010204
1615.720524,0.010204
1613.100437,0.012245
1610.480349,0.012245
1607.860262,0.012245
1605.240175,0.020408
1602.620087,0.032653
1600.000000,0.040816
1597.379913,0.040816
1594.759825,0.040816
1592.139738,0.036735
1589.519651,0.026531
1586.899563,0.016327
1584.279476,0.016327
1581.659389,0.016327
1579.039301,0.016327
1576.419214,0.014286
1573.799127,0.014286
1571.179039,0.014286
1568.558952,0.014286
1565.938865,0.014286
1563.318777,0.014286
1560.698690,0.014286
1558.078603,0.012245
1555.458515,0.012245
1552.838428,0.014286
1550.218341,0.014286
1547.598253,0.014286
1544.978166,0.014286
1542.358079,0.014286
1539.737991,0.012245
1537.117904,0.012245
1534.497817,0.012245
1531.877729,0.012245
1529.257642,0.012245
1526.637555,0.010204
1524.017467,0.010204
1521.397380,0.010204
1518.777293,0.008163
1516.157205,0.008163
1513.537118,0.008163
1510.917031,0.008163
1508.296943,0.008163
1505.676856,0.006122
1503.056769,0.008163
1500.436681,0.010204
1497.816594,0.010204
1495.196507,0.010204
1492.576419,0.010204
1489.956332,0.010204
1487.336245,0.010204
1484.716157,0.012245
1482.096070,0.012245
1479.475983,0.012245
1476.855895,0.012245
1474.235808,0.014286
1471.615721,0.016327
1468.995633,0.018367
1466.375546,0.020408
1463.755459,0.024490
1461.135371,0.028571
1458.515284,0.032653
1455.895197,0.034694
1453.275109,0.036735
1450.655022,0.036735
1448.034934,0.036735
1445.414847,0.036735
1442.794760,0.038776
1440.174672,0.038776
1437.554585,0.038776
1434.934498,0.038776
1432.314410,0.036735
1429.694323,0.034694
1427.074236,0.038776
1424.454148,0.042857
1421.834061,0.051020
1419.213974,0.061224
1416.593886,0.077551
1413.973799,0.102041
1411.353712,0.126531
1408.733624,0.138776
1406.113537,0.140816
1403.493450,0.140816
1400.873362,0.124490
1398.253275,0.093878
1395.633188,0.063265
1393.013100,0.046939
1390.393013,0.040816
1387.772926,0.030612
1385.152838,0.024490
1382.532751,0.024490
1379.912664,0.024490
1377.292576,0.020408
1374.672489,0.020408
1372.052402,0.022449
1369.432314,0.020408
1366.812227,0.018367
1364.192140,0.020408
1361.572052,0.020408
1358.951965,0.018367
1356.331878,0.020408
1353.711790,0.022449
1351.091703,0.022449
1348.471616,0.020408
1345.851528,0.018367
1343.231441,0.020408
1340.611354,0.020408
1337.991266,0.018367
1335.371179,0.018367
1332.751092,0.018367
1330.131004,0.018367
1327.510917,0.018367
1324.890830,0.022449
1322.270742,0.024490
1319.650655,0.024490
1317.030568,0.026531
1314.410480,0.028571
1311.790393,0.028571
1309.170306,0.028571
1306.550218,0.028571
1303.930131,0.032653
1301.310044,0.032653
1298.689956,0.030612
1296.069869,0.036735
1293.449782,0.040816
1290.829694,0.042857
1288.209607,0.048980
1285.589520,0.063265
1282.969432,0.073469
1280.349345,0.089796
1277.729258,0.122449
1275.109170,0.163265
1272.489083,0.197959
1269.868996,0.251020
1267.248908,0.359184
1264.628821,0.506122
1262.008734,0.624490
1259.388646,0.669388
1256.768559,0.673469
1254.148472,0.673469
1251.528384,0.667347
1248.908297,0.618367
1246.288210,0.493878
1243.668122,0.316327
1241.048035,0.165306
1238.427948,0.110204
1235.807860,0.095918
1233.187773,0.069388
1230.567686,0.044898
1227.947598,0.044898
1225.327511,0.042857
1222.707424,0.032653
1220.087336,0.028571
1217.467249,0.028571
1214.847162,0.026531
1212.227074,0.022449
1209.606987,0.022449
1206.986900,0.022449
1204.366812,0.020408
1201.746725,0.018367
1199.126638,0.020408
1196.506550,0.022449
1193.886463,0.020408
1191.266376,0.022449
1188.646288,0.024490
1186.026201,0.024490
1183.406114,0.024490
1180.786026,0.028571
1178.165939,0.030612
1175.545852,0.032653
1172.925764,0.034694
1170.305677,0.038776
1167.685590,0.040816
1165.065502,0.042857
1162.445415,0.046939
1159.825328,0.053061
1157.205240,0.057143
1154.585153,0.063265
1151.965066,0.071429
1149.344978,0.079592
1146.724891,0.085714
1144.104803,0.091837
1141.484716,0.102041
1138.864629,0.112245
1136.244541,0.122449
1133.624454,0.132653
1131.004367,0.146939
1128.384279,0.161224
1125.764192,0.177551
1123.144105,0.191837
1120.524017,0.212245
1117.903930,0.230612
1115.283843,0.253061
1112.663755,0.283673
1110.043668,0.316327
1107.423581,0.353061
1104.803493,0.402041
1102.183406,0.453061
1099.563319,0.510204
1096.943231,0.575510
1094.323144,0.646939
1091.703057,0.714286
1089.082969,0.773469
1086.462882,0.826531
1083.842795,0.867347
1081.222707,0.897959
1078.602620,0.914286
1075.982533,0.918367
1073.362445,0.920408
1070.742358,0.922449
1068.122271,0.942857
1065.502183,0.971429
1062.882096,0.989796
1060.262009,0.991837
1057.641921,0.991837
1055.021834,0.997959
1052.401747,1.000000
1049.781659,0.997959
1047.161572,0.987755
1044.541485,0.944898
1041.921397,0.875510
1039.301310,0.793878
1036.681223,0.708163
1034.061135,0.610204
1031.441048,0.504082
1028.820961,0.420408
1026.200873,0.355102
1023.580786,0.295918
1020.960699,0.253061
1018.340611,0.220408
1015.720524,0.193878
1013.100437,0.202041
1010.480349,0.206122
1007.860262,0.206122
1005.240175,0.197959
1002.620087,0.165306
1000.000000,0.124490
997.379913,0.097959
994.759825,0.083673
992.139738,0.071429
989.519651,0.063265
986.899563,0.059184
984.279476,0.055102
981.659389,0.046939
979.039301,0.044898
976.419214,0.044898
973.799127,0.042857
971.179039,0.048980
968.558952,0.061224
965.938865,0.079592
963.318777,0.102041
960.698690,0.116327
958.078603,0.116327
955.458515,0.116327
952.838428,0.100000
950.218341,0.073469
947.598253,0.051020
944.978166,0.040816
942.358079,0.032653
939.737991,0.028571
937.117904,0.026531
934.497817,0.024490
931.877729,0.024490
929.257642,0.026531
926.637555,0.026531
924.017467,0.026531
921.397380,0.030612
918.777293,0.032653
916.157205,0.034694
913.537118,0.038776
910.917031,0.042857
908.296943,0.044898
905.676856,0.048980
903.056769,0.057143
900.436681,0.065306
897.816594,0.071429
895.196507,0.079592
892.576419,0.093878
889.956332,0.110204
887.336245,0.128571
884.716157,0.157143
882.096070,0.195918
879.475983,0.255102
876.855895,0.330612
874.235808,0.393878
871.615721,0.414286
868.995633,0.416327
866.375546,0.414286
863.755459,0.387755
861.135371,0.400000
858.515284,0.465306
855.895197,0.559184
853.275109,0.689796
850.655022,0.826531
848.034934,0.932653
845.414847,0.985714
842.794760,0.987755
840.174672,0.987755
837.554585,0.951020
834.934498,0.830612
832.314410,0.661224
829.694323,0.493878
827.074236,0.381633
824.454148,0.300000
821.834061,0.232653
819.213974,0.191837
816.593886,0.173469
813.973799,0.157143
811.353712,0.167347
808.733624,0.195918
806.113537,0.236735
803.493450,0.304082
800.873362,0.385714
798.253275,0.424490
795.633188,0.426531
793.013100,0.432653
790.393013,0.463265
787.772926,0.469388
785.152838,0.469388
782.532751,0.451020
779.912664,0.359184
777.292576,0.257143
774.672489,0.189796
772.052402,0.159184
769.432314,0.175510
766.812227,0.222449
764.192140,0.293878
761.572052,0.391837
758.951965,0.475510
756.331878,0.485714
753.711790,0.485714
751.091703,0.459184
748.471616,0.367347
745.851528,0.277551
743.231441,0.240816
740.611354,0.222449
737.991266,0.181633
735.371179,0.136735
732.751092,0.108163
730.131004,0.089796
727.510917,0.071429
724.890830,0.057143
722.270742,0.055102
719.650655,0.051020
717.030568,0.044898
714.410480,0.046939
711.790393,0.046939
709.170306,0.046939
706.550218,0.053061
703.930131,0.057143
701.310044,0.059184
698.689956,0.067347
696.069869,0.083673
693.449782,0.097959
690.829694,0.108163
688.209607,0.112245
685.589520,0.114286
682.969432,0.114286
680.349345,0.112245
677.729258,0.104082
675.109170,0.095918
672.489083,0.089796
669.868996,0.081633
667.248908,0.073469
664.628821,0.073469
662.008734,0.073469
659.388646,0.071429
656.768559,0.065306
654.148472,0.065306
651.528384,0.065306
648.908297,0.065306
646.288210,0.069388
643.668122,0.073469
641.048035,0.075510
638.427948,0.083673
635.807860,0.102041
633.187773,0.128571
630.567686,0.144898
627.947598,0.148980
625.327511,0.148980
622.707424,0.142857
620.087336,0.124490
617.467249,0.114286
614.847162,0.120408
612.227074,0.124490
609.606987,0.130612
606.986900,0.138776
604.366812,0.146939
601.746725,0.148980
599.126638,0.151020
596.506550,0.148980
593.886463,0.148980
591.266376,0.142857
588.646288,0.130612
586.026201,0.116327
583.406114,0.100000
580.786026,0.083673
578.165939,0.067347
575.545852,0.051020
572.925764,0.038776
570.305677,0.028571
567.685590,0.020408
565.065502,0.014286
562.445415,0.010204
559.825328,0.006122
557.205240,0.004082
554.585153,0.004082
551.965066,0.004082
549.344978,0.002041
546.724891,0.002041
544.104803,0.002041
541.484716,0.002041
538.864629,0.002041
536.244541,0.002041
533.624454,0.002041
531.004367,0.002041
528.384279,0.002041
525.764192,0.002041
523.144105,0.002041
520.524017,0.002041
517.903930,0.002041
515.283843,0.002041
512.663755,0.002041
510.043668,0.002041
507.423581,0.002041
504.803493,0.002041
502.183406,0.002041
499.563319,0.002041
496.943231,0.002041
494.323144,0.002041
491.703057,0.002041
489.082969,0.002041
486.462882,0.002041
483.842795,0.002041
481.222707,0.002041
478.602620,0.002041
475.982533,0.002041
473.362445,0.002041
470.742358,0.002041
468.122271,0.002041
465.502183,0.002041
462.882096,0.002041
460.262009,0.002041
457.641921,0.002041
455.021834,0.002041
452.401747,0.002041
449.781659,0.002041
447.161572,nan
444.541485,nan
441.921397,nan
439.301310,nan
436.681223,nan
434.061135,nan
431.441048,nan
428.820961,nan
426.200873,nan
423.580786,nan
420.960699,nan
418.340611,nan
415.720524,nan
413.100437,nan
410.480349,nan
407.860262,nan
405.240175,nan
402.620087,nan
400.000000,nan
