4000.000000,0.022449
3997.379913,0.022449
3994.759825,0.020408
3992.139738,0.020408
3989.519651,0.022449
3986.899563,0.022449
3984.279476,0.020408
3981.659389,0.020408
3979.039301,0.020408
3976.419214,0.020408
3973.799127,0.020408
3971.179039,0.020408
3968.558952,0.020408
3965.938865,0.022449
3963.318777,0.022449
3960.698690,0.020408
3958.078603,0.020408
3955.458515,0.018367
3952.838428,0.018367
3950.218341,0.018367
3947.598253,0.020408
3944.978166,0.020408
3942.358079,0.020408
3939.737991,0.020408
3937.117904,0.018367
3934.497817,0.018367
3931.877729,0.018367
3929.257642,0.018367
3926.637555,0.018367
3924.017467,0.018367
3921.397380,0.018367
3918.777293,0.018367
3916.157205,0.020408
3913.537118,0.018367
3910.917031,0.018367
3908.296943,0.018367
3905.676856,0.020408
3903.056769,0.022449
3900.436681,0.022449
3897.816594,0.020408
3895.196507,0.016327
3892.576419,0.018367
3889.956332,0.018367
3887.336245,0.018367
3884.716157,0.016327
3882.096070,0.018367
3879.475983,0.018367
3876.855895,0.018367
3874.235808,0.016327
3871.615721,0.018367
3868.995633,0.020408
3866.375546,0.020408
3863.755459,0.018367
3861.135371,0.018367
3858.515284,0.016327
3855.895197,0.018367
3853.275109,0.022449
3850.655022,0.022449
3848.034934,0.020408
3845.414847,0.016327
3842.794760,0.018367
3840.174672,0.018367
3837.554585,0.018367
3834.934498,0.018367
3832.314410,0.016327
3829.694323,0.016327
3827.074236,0.014286
3824.454148,0.016327
3821.834061,0.018367
3819.213974,0.020408
3816.593886,0.018367
3813.973799,0.016327
3811.353712,0.014286
3808.733624,0.016327
3806.113537,0.018367
3803.493450,0.018367
3800.873362,0.018367
3798.253275,0.018367
3795.633188,0.016327
3793.013100,0.016327
3790.393013,0.016327
3787.772926,0.016327
3785.152838,0.016327
3782.532751,0.014286
3779.912664,0.016327
3777.292576,0.016327
3774.672489,0.016327
3772.052402,0.016327
3769.432314,0.018367
3766.812227,0.018367
3764.192140,0.018367
3761.572052,0.016327
3758.951965,0.016327
3756.331878,0.016327
3753.711790,0.016327
3751.091703,0.018367
3748.471616,0.018367
3745.851528,0.016327
3743.231441,0.018367
3740.611354,0.018367
3737.991266,0.014286
3735.371179,0.016327
3732.751092,0.018367
3730.131004,0.016327
3727.510917,0.014286
3724.890830,0.014286
3722.270742,0.014286
3719.650655,0.014286
3717.030568,0.016327
3714.410480,0.016327
3711.790393,0.018367
3709.170306,0.018367
3706.550218,0.018367
3703.930131,0.016327
3701.310044,0.016327
3698.689956,0.016327
3696.069869,0.016327
3693.449782,0.016327
3690.829694,0.016327
3688.209607,0.018367
3685.589520,0.016327
3682.969432,0.014286
3680.349345,0.014286
3677.729258,0.018367
3675.109170,0.020408
3672.489083,0.020408
3669.868996,0.016327
3667.248908,0.018367
3664.628821,0.016327
3662.008734,0.016327
3659.388646,0.016327
3656.768559,0.016327
3654.148472,0.016327
3651.528384,0.016327
3648.908297,0.018367
3646.288210,0.018367
3643.668122,0.016327
3641.048035,0.014286
3638.427948,0.016327
3635.807860,0.016327
3633.187773,0.014286
3630.567686,0.016327
3627.947598,0.016327
3625.327511,0.016327
3622.707424,0.014286
3620.087336,0.016327
3617.467249,0.018367
3614.847162,0.016327
3612.227074,0.016327
3609.606987,0.016327
3606.986900,0.016327
3604.366812,0.016327
3601.746725,0.014286
3599.126638,0.014286
3596.506550,0.016327
3593.886463,0.016327
3591.266376,0.016327
3588.646288,0.016327
3586.026201,0.016327
3583.406114,0.016327
3580.786026,0.014286
3578.165939,0.016327
3575.545852,0.016327
3572.925764,0.016327
3570.305677,0.016327
3567.685590,0.016327
3565.065502,0.016327
3562.445415,0.016327
3559.825328,0.016327
3557.205240,0.016327
3554.585153,0.016327
3551.965066,0.016327
3549.344978,0.016327
3546.724891,0.016327
3544.104803,0.016327
3541.484716,0.016327
3538.864629,0.016327
3536.244541,0.016327
3533.624454,0.016327
3531.004367,0.016327
3528.384279,0.016327
3525.764192,0.016327
3523.144105,0.018367
3520.524017,0.018367
3517.903930,0.016327
3515.283843,0.016327
3512.663755,0.016327
3510.043668,0.016327
3507.423581,0.018367
3504.803493,0.018367
3502.183406,0.016327
3499.563319,0.016327
3496.943231,0.016327
3494.323144,0.016327
3491.703057,0.016327
3489.082969,0.016327
3486.462882,0.016327
3483.842795,0.016327
3481.222707,0.016327
3478.602620,0.014286
3475.982533,0.014286
3473.362445,0.014286
3470.742358,0.014286
3468.122271,0.014286
3465.502183,0.014286
3462.882096,0.014286
3460.262009,0.016327
3457.641921,0.016327
3455.021834,0.016327
3452.401747,0.016327
3449.781659,0.016327
3447.161572,0.016327
3444.541485,0.014286
3441.921397,0.016327
3439.301310,0.016327
3436.681223,0.014286
3434.061135,0.014286
3431.441048,0.014286
3428.820961,0.014286
3426.200873,0.014286
3423.580786,0.014286
3420.960699,0.016327
3418.340611,0.014286
3415.720524,0.014286
3413.100437,0.016327
3410.480349,0.016327
3407.860262,0.016327
3405.240175,0.016327
3402.620087,0.016327
3400.000000,0.016327
3397.379913,0.014286
3394.759825,0.016327
3392.139738,0.014286
3389.519651,0.014286
3386.899563,0.014286
3384.279476,0.016327
3381.659389,0.016327
3379.039301,0.016327
3376.419214,0.016327
3373.799127,0.016327
3371.179039,0.016327
3368.558952,0.016327
3365.938865,0.016327
3363.318777,0.018367
3360.698690,0.018367
3358.078603,0.018367
3355.458515,0.018367
3352.838428,0.018367
3350.218341,0.018367
3347.598253,0.016327
3344.978166,0.016327
3342.358079,0.016327
3339.737991,0.016327
3337.117904,0.016327
3334.497817,0.016327
3331.877729,0.016327
3329.257642,0.016327
3326.637555,0.016327
3324.017467,0.014286
3321.397380,0.016327
3318.777293,0.016327
3316.157205,0.016327
3313.537118,0.016327
3310.917031,0.014286
3308.296943,0.014286
3305.676856,0.014286
3303.056769,0.014286
3300.436681,0.016327
3297.816594,0.016327
3295.196507,0.014286
3292.576419,0.014286
3289.956332,0.014286
3287.336245,0.014286
3284.716157,0.014286
3282.096070,0.016327
3279.475983,0.016327
3276.855895,0.016327
3274.235808,0.016327
3271.615721,0.014286
3268.995633,0.014286
3266.375546,0.014286
3263.755459,0.014286
3261.135371,0.014286
3258.515284,0.014286
3255.895197,0.014286
3253.275109,0.016327
3250.655022,0.016327
3248.034934,0.016327
3245.414847,0.014286
3242.794760,0.014286
3240.174672,0.016327
3237.554585,0.016327
3234.934498,0.016327
3232.314410,0.014286
3229.694323,0.016327
3227.074236,0.016327
3224.454148,0.016327
3221.834061,0.016327
3219.213974,0.018367
3216.593886,0.018367
3213.973799,0.016327
3211.353712,0.016327
3208.733624,0.016327
3206.113537,0.016327
3203.493450,0.016327
3200.873362,0.016327
3198.253275,0.016327
3195.633188,0.016327
3193.013100,0.016327
3190.393013,0.016327
3187.772926,0.016327
3185.152838,0.016327
3182.532751,0.016327
3179.912664,0.016327
3177.292576,0.016327
3174.672489,0.016327
3172.052402,0.016327
3169.432314,0.016327
3166.812227,0.016327
3164.192140,0.016327
3161.572052,0.016327
3158.951965,0.016327
3156.331878,0.016327
3153.711790,0.014286
3151.091703,0.014286
3148.471616,0.016327
3145.851528,0.016327
3143.231441,0.014286
3140.611354,0.014286
3137.991266,0.014286
3135.371179,0.016327
3132.751092,0.016327
3130.131004,0.016327
3127.510917,0.014286
3124.890830,0.014286
3122.270742,0.014286
3119.650655,0.014286
3117.030568,0.014286
3114.410480,0.014286
3111.790393,0.014286
3109.170306,0.014286
3106.550218,0.014286
3103.930131,0.016327
3101.310044,0.016327
3098.689956,0.016327
3096.069869,0.016327
3093.449782,0.016327
3090.829694,0.016327
3088.209607,0.016327
3085.589520,0.016327
3082.969432,0.016327
3080.349345,0.016327
3077.729258,0.018367
3075.109170,0.020408
3072.489083,0.024490
3069.868996,0.026531
3067.248908,0.032653
3064.628821,0.040816
3062.008734,0.046939
3059.388646,0.048980
3056.768559,0.048980
3054.148472,0.046939
3051.528384,0.042857
3048.908297,0.036735
3046.288210,0.032653
3043.668122,0.028571
3041.048035,0.026531
3038.427948,0.026531
3035.807860,0.026531
3033.187773,0.028571
3030.567686,0.030612
3027.947598,0.034694
3025.327511,0.038776
3022.707424,0.042857
3020.087336,0.044898
3017.467249,0.046939
3014.847162,0.046939
3012.227074,0.046939
3009.606987,0.051020
3006.986900,0.055102
3004.366812,0.059184
3001.746725,0.067347
2999.126638,0.077551
2996.506550,0.091837
2993.886463,0.110204
2991.266376,0.140816
2988.646288,0.179592
2986.026201,0.234694
2983.406114,0.302041
2980.786026,0.369388
2978.165939,0.422449
2975.545852,0.440816
2972.925764,0.440816
2970.305677,0.436735
2967.685590,0.397959
2965.065502,0.328571
2962.445415,0.257143
2959.825328,0.204082
2957.205240,0.171429
2954.585153,0.151020
2951.965066,0.144898
2949.344978,0.140816
2946.724891,0.132653
2944.104803,0.128571
2941.484716,0.140816
2938.864629,0.153061
2936.244541,0.165306
2933.624454,0.183673
2931.004367,0.204082
2928.384279,0.214286
2925.764192,0.216327
2923.144105,0.214286
2920.524017,0.204082
2917.903930,0.187755
2915.283843,0.177551
2912.663755,0.171429
2910.043668,0.167347
2907.423581,0.167347
2904.803493,0.169388
2902.183406,0.179592
2899.563319,0.185714
2896.943231,0.193878
2894.323144,0.202041
2891.703057,0.210204
2889.082969,0.218367
2886.462882,0.224490
2883.842795,0.224490
2881.222707,0.224490
2878.602620,0.216327
2875.982533,0.200000
2873.362445,0.177551
2870.742358,0.153061
2868.122271,0.136735
2865.502183,0.122449
2862.882096,0.110204
2860.262009,0.097959
2857.641921,0.085714
2855.021834,0.073469
2852.401747,0.065306
2849.781659,0.059184
2847.161572,0.057143
2844.541485,0.053061
2841.921397,0.048980
2839.301310,0.044898
2836.681223,0.040816
2834.061135,0.036735
2831.441048,0.034694
2828.820961,0.030612
2826.200873,0.028571
2823.580786,0.028571
2820.960699,0.028571
2818.340611,0.028571
2815.720524,0.028571
2813.100437,0.028571
2810.480349,0.026531
2807.860262,0.024490
2805.240175,0.022449
2802.620087,0.020408
2800.000000,0.020408
2797.379913,0.020408
2794.759825,0.018367
2792.139738,0.018367
2789.519651,0.018367
2786.899563,0.018367
2784.279476,0.018367
2781.659389,0.018367
2779.039301,0.018367
2776.419214,0.018367
2773.799127,0.020408
2771.179039,0.022449
2768.558952,0.022449
2765.938865,0.024490
2763.318777,0.024490
2760.698690,0.024490
2758.078603,0.022449
2755.458515,0.022449
2752.838428,0.022449
2750.218341,0.022449
2747.598253,0.022449
2744.978166,0.024490
2742.358079,0.026531
2739.737991,0.028571
2737.117904,0.030612
2734.497817,0.030612
2731.877729,0.030612
2729.257642,0.028571
2726.637555,0.026531
2724.017467,0.022449
2721.397380,0.020408
2718.777293,0.018367
2716.157205,0.018367
2713.537118,0.018367
2710.917031,0.016327
2708.296943,0.014286
2705.676856,0.014286
2703.056769,0.012245
2700.436681,0.012245
2697.816594,0.012245
2695.196507,0.012245
2692.576419,0.012245
2689.956332,0.012245
2687.336245,0.012245
2684.716157,0.012245
2682.096070,0.012245
2679.475983,0.012245
2676.855895,0.012245
2674.235808,0.012245
2671.615721,0.012245
2668.995633,0.012245
2666.375546,0.012245
2663.755459,0.012245
2661.135371,0.012245
2658.515284,0.012245
2655.895197,0.012245
2653.275109,0.012245
2650.655022,0.012245
2648.034934,0.010204
2645.414847,0.012245
2642.794760,0.012245
2640.174672,0.012245
2637.554585,0.012245
2634.934498,0.012245
2632.314410,0.014286
2629.694323,0.014286
2627.074236,0.012245
2624.454148,0.012245
2621.834061,0.012245
2619.213974,0.012245
2616.593886,0.012245
2613.973799,0.012245
2611.353712,0.010204
2608.733624,0.010204
2606.113537,0.012245
2603.493450,0.012245
2600.873362,0.010204
2598.253275,0.010204
2595.633188,0.010204
2593.013100,0.010204
2590.393013,0.010204
2587.772926,0.010204
2585.152838,0.010204
2582.532751,0.010204
2579.912664,0.010204
2577.292576,0.010204
2574.672489,0.010204
2572.052402,0.010204
2569.432314,0.010204
2566.812227,0.010204
2564.192140,0.010204
2561.572052,0.010204
2558.951965,0.010204
2556.331878,0.010204
2553.711790,0.010204
2551.091703,0.010204
2548.471616,0.010204
2545.851528,0.010204
2543.231441,0.008163
2540.611354,0.008163
2537.991266,0.008163
2535.371179,0.008163
2532.751092,0.010204
2530.131004,0.010204
2527.510917,0.010204
2524.890830,0.010204
2522.270742,0.010204
2519.650655,0.010204
2517.030568,0.010204
2514.410480,0.010204
2511.790393,0.008163
2509.170306,0.008163
2506.550218,0.008163
2503.930131,0.008163
2501.310044,0.008163
2498.689956,0.010204
2496.069869,0.010204
2493.449782,0.010204
2490.829694,0.008163
2488.209607,0.008163
2485.589520,0.008163
2482.969432,0.008163
2480.349345,0.008163
2477.729258,0.008163
2475.109170,0.010204
2472.489083,0.010204
2469.868996,0.010204
2467.248908,0.010204
2464.628821,0.010204
2462.008734,0.010204
2459.388646,0.010204
2456.768559,0.010204
2454.148472,0.010204
2451.528384,0.010204
2448.908297,0.010204
2446.288210,0.010204
2443.668122,0.010204
2441.048035,0.010204
2438.427948,0.010204
2435.807860,0.010204
2433.187773,0.010204
2430.567686,0.010204
2427.947598,0.008163
2425.327511,0.008163
2422.707424,0.010204
2420.087336,0.010204
2417.467249,0.010204
2414.847162,0.008163
2412.227074,0.008163
2409.606987,0.008163
2406.986900,0.008163
2404.366812,0.010204
2401.746725,0.008163
2399.126638,0.008163
2396.506550,0.008163
2393.886463,0.008163
2391.266376,0.008163
2388.646288,0.010204
2386.026201,0.010204
2383.406114,0.010204
2380.786026,0.008163
2378.165939,0.008163
2375.545852,0.008163
2372.925764,0.008163
2370.305677,0.008163
2367.685590,0.008163
2365.065502,0.008163
2362.445415,0.006122
2359.825328,0.006122
2357.205240,0.006122
2354.585153,0.004082
2351.965066,0.004082
2349.344978,0.004082
2346.724891,0.008163
2344.104803,0.008163
2341.484716,0.006122
2338.864629,0.004082
2336.244541,0.004082
2333.624454,0.004082
2331.004367,0.004082
2328.384279,0.004082
2325.764192,0.004082
2323.144105,0.004082
2320.524017,0.004082
2317.903930,0.004082
2315.283843,0.004082
2312.663755,0.006122
2310.043668,0.006122
2307.423581,0.006122
2304.803493,0.006122
2302.183406,0.008163
2299.563319,0.008163
2296.943231,0.008163
2294.323144,0.008163
2291.703057,0.008163
2289.082969,0.008163
2286.462882,0.008163
2283.842795,0.008163
2281.222707,0.008163
2278.602620,0.010204
2275.982533,0.010204
2273.362445,0.010204
2270.742358,0.010204
2268.122271,0.008163
2265.502183,0.008163
2262.882096,0.008163
2260.262009,0.008163
2257.641921,0.008163
2255.021834,0.010204
2252.401747,0.010204
2249.781659,0.008163
2247.161572,0.008163
2244.541485,0.008163
2241.921397,0.008163
2239.301310,0.008163
2236.681223,0.010204
2234.061135,0.010204
2231.441048,0.008163
2228.820961,0.008163
2226.200873,0.008163
2223.580786,0.008163
2220.960699,0.008163
2218.340611,0.008163
2215.720524,0.008163
2213.100437,0.008163
2210.480349,0.008163
2207.860262,0.008163
2205.240175,0.008163
2202.620087,0.008163
2200.000000,0.008163
2197.379913,0.008163
2194.759825,0.010204
2192.139738,0.010204
2189.519651,0.010204
2186.899563,0.010204
2184.279476,0.008163
2181.659389,0.008163
2179.039301,0.010204
2176.419214,0.010204
2173.799127,0.010204
2171.179039,0.010204
2168.558952,0.010204
2165.938865,0.010204
2163.318777,0.008163
2160.698690,0.008163
2158.078603,0.008163
2155.458515,0.008163
2152.838428,0.008163
2150.218341,0.008163
2147.598253,0.008163
2144.978166,0.008163
2142.358079,0.008163
2139.737991,0.008163
2137.117904,0.008163
2134.497817,0.008163
2131.877729,0.008163
2129.257642,0.008163
2126.637555,0.008163
2124.017467,0.008163
2121.397380,0.008163
2118.777293,0.008163
2116.157205,0.008163
2113.537118,0.008163
2110.917031,0.008163
2108.296943,0.008163
2105.676856,0.008163
2103.056769,0.008163
2100.436681,0.008163
2097.816594,0.008163
2095.196507,0.008163
2092.576419,0.008163
2089.956332,0.008163
2087.336245,0.008163
2084.716157,0.008163
2082.096070,0.008163
2079.475983,0.008163
2076.855895,0.008163
2074.235808,0.008163
2071.615721,0.008163
2068.995633,0.008163
2066.375546,0.008163
2063.755459,0.008163
2061.135371,0.008163
2058.515284,0.008163
2055.895197,0.008163
2053.275109,0.008163
2050.655022,0.008163
2048.034934,0.008163
2045.414847,0.008163
2042.794760,0.008163
2040.174672,0.008163
2037.554585,0.008163
2034.934498,0.008163
2032.314410,0.008163
2029.694323,0.008163
2027.074236,0.008163
2024.454148,0.008163
2021.834061,0.008163
2019.213974,0.008163
2016.593886,0.010204
2013.973799,0.010204
2011.353712,0.008163
2008.733624,0.010204
2006.113537,0.010204
2003.493450,0.010204
2000.873362,0.008163
1998.253275,0.008163
1995.633188,0.008163
1993.013100,0.008163
1990.393013,0.010204
1987.772926,0.010204
1985.152838,0.010204
1982.532751,0.010204
1979.912664,0.008163
1977.292576,0.010204
1974.672489,0.010204
1972.052402,0.010204
1969.432314,0.010204
1966.812227,0.010204
1964.192140,0.010204
1961.572052,0.010204
1958.951965,0.010204
1956.331878,0.010204
1953.711790,0.012245
1951.091703,0.012245
1948.471616,0.012245
1945.851528,0.014286
1943.231441,0.014286
1940.611354,0.014286
1937.991266,0.014286
1935.371179,0.016327
1932.751092,0.016327
1930.131004,0.016327
1927.510917,0.016327
1924.890830,0.018367
1922.270742,0.018367
1919.650655,0.016327
1917.030568,0.018367
1914.410480,0.016327
1911.790393,0.018367
1909.170306,0.018367
1906.550218,0.018367
1903.930131,0.018367
1901.310044,0.018367
1898.689956,0.018367
1896.069869,0.020408
1893.449782,0.020408
1890.829694,0.020408
1888.209607,0.020408
1885.589520,0.020408
1882.969432,0.020408
1880.349345,0.020408
1877.729258,0.018367
1875.109170,0.018367
1872.489083,0.018367
1869.868996,0.018367
1867.248908,0.018367
1864.628821,0.016327
1862.008734,0.016327
1859.388646,0.016327
1856.768559,0.016327
1854.148472,0.016327
1851.528384,0.014286
1848.908297,0.014286
1846.288210,0.014286
1843.668122,0.014286
1841.048035,0.012245
1838.427948,0.012245
1835.807860,0.012245
1833.187773,0.012245
1830.567686,0.012245
1827.947598,0.012245
1825.327511,0.012245
1822.707424,0.010204
1820.087336,0.010204
1817.467249,0.010204
1814.847162,0.010204
1812.227074,0.010204
1809.606987,0.010204
1806.986900,0.010204
1804.366812,0.010204
1801.746725,0.010204
1799.126638,0.010204
1796.506550,0.010204
1793.886463,0.010204
1791.266376,0.010204
1788.646288,0.008163
1786.026201,0.010204
1783.406114,0.010204
1780.786026,0.010204
1778.165939,0.010204
1775.545852,0.010204
1772.925764,0.010204
1770.305677,0.010204
1767.685590,0.010204
1765.065502,0.010204
1762.445415,0.012245
1759.825328,0.012245
1757.205240,0.012245
1754.585153,0.012245
1751.965066,0.014286
1749.344978,0.014286
1746.724891,0.012245
1744.104803,0.014286
1741.484716,0.014286
1738.864629,0.014286
1736.244541,0.014286
1733.624454,0.016327
1731.004367,0.014286
1728.384279,0.014286
1725.764192,0.016327
1723.144105,0.016327
1720.524017,0.016327
1717.903930,0.016327
1715.283843,0.014286
1712.663755,0.012245
1710.043668,0.014286
1707.423581,0.014286
1704.803493,0.014286
1702.183406,0.014286
1699.563319,0.014286
1696.943231,0.014286
1694.323144,0.010204
1691.703057,0.010204
1689.082969,0.012245
1686.462882,0.012245
1683.842795,0.012245
1681.222707,0.012245
1678.602620,0.012245
1675.982533,0.012245
1673.362445,0.012245
1670.742358,0.012245
1668.122271,0.012245
1665.502183,0.014286
1662.882096,0.014286
1660.262009,0.014286
1657.641921,0.016327
1655.021834,0.018367
1652.401747,0.018367
1649.781659,0.014286
1647.161572,0.014286
1644.541485,0.012245
1641.921397,0.012245
1639.301310,0.014286
1636.681223,0.016327
1634.061135,0.016327
1631.441048,0.014286
1628.820961,0.016327
1626.200873,0.016327
1623.580786,0.014286
1620.960699,0.012245
1618.340611,0.014286
1615.720524,0.014286
1613.100437,0.012245
1610.480349,0.014286
1607.860262,0.018367
1605.240175,0.026531
1602.620087,0.046939
1600.000000,0.059184
1597.379913,0.059184
1594.759825,0.055102
1592.139738,0.034694
1589.519651,0.022449
1586.899563,0.016327
1584.279476,0.016327
1581.659389,0.014286
1579.039301,0.016327
1576.419214,0.016327
1573.799127,0.014286
1571.179039,0.016327
1568.558952,0.016327
1565.938865,0.014286
1563.318777,0.016327
1560.698690,0.018367
1558.078603,0.018367
1555.458515,0.012245
1552.838428,0.012245
1550.218341,0.014286
1547.598253,0.014286
1544.978166,0.014286
1542.358079,0.014286
1539.737991,0.014286
1537.117904,0.012245
1534.497817,0.012245
1531.877729,0.012245
1529.257642,0.014286
1526.637555,0.014286
1524.017467,0.014286
1521.397380,0.016327
1518.777293,0.014286
1516.157205,0.014286
1513.537118,0.014286
1510.917031,0.016327
1508.296943,0.018367
1505.676856,0.018367
1503.056769,0.018367
1500.436681,0.020408
1497.816594,0.020408
1495.196507,0.022449
1492.576419,0.026531
1489.956332,0.030612
1487.336245,0.036735
1484.716157,0.040816
1482.096070,0.042857
1479.475983,0.040816
1476.855895,0.036735
1474.235808,0.032653
1471.615721,0.028571
1468.995633,0.030612
1466.375546,0.032653
1463.755459,0.034694
1461.135371,0.040816
1458.515284,0.044898
1455.895197,0.046939
1453.275109,0.053061
1450.655022,0.057143
1448.034934,0.063265
1445.414847,0.067347
1442.794760,0.069388
1440.174672,0.067347
1437.554585,0.065306
1434.934498,0.061224
1432.314410,0.051020
1429.694323,0.044898
1427.074236,0.044898
1424.454148,0.044898
1421.834061,0.051020
1419.213974,0.059184
1416.593886,0.071429
1413.973799,0.093878
1411.353712,0.114286
1408.733624,0.120408
1406.113537,0.122449
1403.493450,0.120408
1400.873362,0.112245
1398.253275,0.132653
1395.633188,0.165306
1393.013100,0.181633
1390.393013,0.181633
1387.772926,0.181633
1385.152838,0.159184
1382.532751,0.118367
1379.912664,0.091837
1377.292576,0.071429
1374.672489,0.059184
1372.052402,0.053061
1369.432314,0.053061
1366.812227,0.057143
1364.192140,0.057143
1361.572052,0.055102
1358.951965,0.042857
1356.331878,0.034694
1353.711790,0.030612
1351.091703,0.026531
1348.471616,0.026531
1345.851528,0.024490
1343.231441,0.024490
1340.611354,0.024490
1337.991266,0.024490
1335.371179,0.022449
1332.751092,0.024490
1330.131004,0.024490
1327.510917,0.024490
1324.890830,0.026531
1322.270742,0.026531
1319.650655,0.028571
1317.030568,0.028571
1314.410480,0.030612
1311.790393,0.034694
1309.170306,0.038776
1306.550218,0.044898
1303.930131,0.055102
1301.310044,0.063265
1298.689956,0.069388
1296.069869,0.071429
1293.449782,0.071429
1290.829694,0.069388
1288.209607,0.061224
1285.589520,0.053061
1282.969432,0.046939
1280.349345,0.048980
1277.729258,0.051020
1275.109170,0.051020
1272.489083,0.051020
1269.868996,0.046939
1267.248908,0.040816
1264.628821,0.034694
1262.008734,0.032653
1259.388646,0.032653
1256.768559,0.032653
1254.148472,0.032653
1251.528384,0.032653
1248.908297,0.032653
1246.288210,0.034694
1243.668122,0.034694
1241.048035,0.034694
1238.427948,0.036735
1235.807860,0.036735
1233.187773,0.036735
1230.567686,0.038776
1227.947598,0.038776
1225.327511,0.040816
1222.707424,0.040816
1220.087336,0.042857
1217.467249,0.044898
1214.847162,0.046939
1212.227074,0.048980
1209.606987,0.051020
1206.986900,0.055102
1204.366812,0.059184
1201.746725,0.061224
1199.126638,0.065306
1196.506550,0.071429
1193.886463,0.079592
1191.266376,0.087755
1188.646288,0.100000
1186.026201,0.114286
1183.406114,0.134694
1180.786026,0.163265
1178.165939,0.208163
1175.545852,0.261224
1172.925764,0.310204
1170.305677,0.332653
1167.685590,0.334694
1165.065502,0.332653
1162.445415,0.314286
1159.825328,0.275510
1157.205240,0.236735
1154.585153,0.212245
1151.965066,0.195918
1149.344978,0.195918
1146.724891,0.206122
1144.104803,0.224490
1141.484716,0.246939
1138.864629,0.279592
1136.244541,0.318367
1133.624454,0.363265
1131.004367,0.412245
1128.384279,0.465306
1125.764192,0.508163
1123.144105,0.544898
1120.524017,0.583673
1117.903930,0.630612
1115.283843,0.691837
1112.663755,0.771429
1110.043668,0.853061
1107.423581,0.918367
1104.803493,0.936735
1102.183406,0.938776
1099.563319,0.924490
1096.943231,0.842857
1094.323144,0.742857
1091.703057,0.804082
1089.082969,0.887755
1086.462882,0.963265
1083.842795,0.997959
1081.222707,1.000000
1078.602620,0.997959
1075.982533,0.961224
1073.362445,0.848980
1070.742358,0.708163
1068.122271,0.565306
1065.502183,0.444898
1062.882096,0.355102
1060.262009,0.285714
1057.641921,0.236735
1055.021834,0.195918
1052.401747,0.165306
1049.781659,0.140816
1047.161572,0.122449
1044.541485,0.106122
1041.921397,0.093878
1039.301310,0.081633
1036.681223,0.075510
1034.061135,0.069388
1031.441048,0.063265
1028.820961,0.061224
1026.200873,0.059184
1023.580786,0.067347
1020.960699,0.081633
1018.340611,0.108163
1015.720524,0.146939
1013.100437,0.171429
1010.480349,0.173469
1007.860262,0.171429
1005.240175,0.151020
1002.620087,0.110204
1000.000000,0.075510
997.379913,0.055102
994.759825,0.046939
992.139738,0.042857
989.519651,0.048980
986.899563,0.057143
984.279476,0.071429
981.659389,0.089796
979.039301,0.120408
976.419214,0.165306
973.799127,0.220408
971.179039,0.283673
968.558952,0.344898
965.938865,0.379592
963.318777,0.385714
960.698690,0.385714
958.078603,0.383673
955.458515,0.361224
952.838428,0.330612
950.218341,0.295918
947.598253,0.259184
944.978166,0.230612
942.358079,0.208163
939.737991,0.187755
937.117904,0.169388
934.497817,0.153061
931.877729,0.130612
929.257642,0.108163
926.637555,0.087755
924.017467,0.067347
921.397380,0.053061
918.777293,0.042857
916.157205,0.034694
913.537118,0.026531
910.917031,0.022449
908.296943,0.018367
905.676856,0.018367
903.056769,0.016327
900.436681,0.014286
897.816594,0.012245
895.196507,0.012245
892.576419,0.012245
889.956332,0.012245
887.336245,0.012245
884.716157,0.010204
882.096070,0.010204
879.475983,0.010204
876.855895,0.008163
874.235808,0.008163
871.615721,0.010204
868.995633,0.010204
866.375546,0.010204
863.755459,0.012245
861.135371,0.012245
858.515284,0.010204
855.895197,0.012245
853.275109,0.012245
850.655022,0.014286
848.034934,0.014286
845.414847,0.014286
842.794760,0.016327
840.174672,0.016327
837.554585,0.018367
834.934498,0.022449
832.314410,0.024490
829.694323,0.028571
827.074236,0.032653
824.454148,0.038776
821.834061,0.051020
819.213974,0.067347
816.593886,0.083673
813.973799,0.102041
811.353712,0.116327
808.733624,0.122449
806.113537,0.138776
803.493450,0.163265
800.873362,0.202041
798.253275,0.244898
795.633188,0.285714
793.013100,0.320408
790.393013,0.342857
787.772926,0.353061
785.152838,0.353061
782.532751,0.353061
779.912664,0.340816
777.292576,0.310204
774.672489,0.273469
772.052402,0.240816
769.432314,0.261224
766.812227,0.295918
764.192140,0.324490
761.572052,0.332653
758.951965,0.334694
756.331878,0.332653
753.711790,0.312245
751.091703,0.267347
748.471616,0.210204
745.851528,0.157143
743.231441,0.120408
740.611354,0.087755
737.991266,0.065306
735.371179,0.051020
732.751092,0.042857
730.131004,0.034694
727.510917,0.032653
724.890830,0.028571
722.270742,0.026531
719.650655,0.022449
717.030568,0.020408
714.410480,0.018367
711.790393,0.018367
709.170306,0.018367
706.550218,0.018367
703.930131,0.016327
701.310044,0.014286
698.689956,0.016327
696.069869,0.016327
693.449782,0.016327
690.829694,0.016327
688.209607,0.014286
685.589520,0.012245
682.969432,0.014286
680.349345,0.014286
677.729258,0.014286
675.109170,0.014286
672.489083,0.016327
669.868996,0.016327
667.248908,0.016327
664.628821,0.016327
662.008734,0.018367
659.388646,0.018367
656.768559,0.020408
654.148472,0.024490
651.528384,0.028571
648.908297,0.028571
646.288210,0.034694
643.668122,0.034694
641.048035,0.038776
638.427948,0.040816
635.807860,0.040816
633.187773,0.038776
630.567686,0.038776
627.947598,0.038776
625.327511,0.038776
622.707424,0.032653
620.087336,0.032653
617.467249,0.032653
614.847162,0.032653
612.227074,0.034694
609.606987,0.036735
606.986900,0.038776
604.366812,0.042857
601.746725,0.042857
599.126638,0.040816
596.506550,0.038776
593.886463,0.036735
591.266376,0.036735
588.646288,0.032653
586.026201,0.028571
583.406114,0.026531
580.786026,0.022449
578.165939,0.016327
575.545852,0.014286
572.925764,0.010204
570.305677,0.008163
567.685590,0.006122
565.065502,0.004082
562.445415,0.004082
559.825328,0.004082
557.205240,0.004082
554.585153,0.002041
551.965066,0.002041
549.344978,0.002041
546.724891,0.002041
544.104803,0.002041
541.484716,0.002041
538.864629,0.002041
536.244541,0.002041
533.624454,0.002041
531.004367,0.002041
528.384279,0.002041
525.764192,0.002041
523.144105,0.002041
520.524017,0.002041
517.903930,0.002041
515.283843,0.002041
512.663755,0.002041
510.043668,0.002041
507.423581,0.002041
504.803493,0.002041
502.183406,0.002041
499.563319,0.002041
496.943231,0.002041
494.323144,0.002041
491.703057,0.002041
489.082969,0.002041
486.462882,0.002041
483.842795,0.002041
481.222707,0.002041
478.602620,0.002041
475.982533,0.002041
473.362445,0.002041
470.742358,0.002041
468.122271,0.002041
465.502183,0.002041
462.882096,0.002041
460.262009,0.002041
457.641921,0.002041
455.021834,0.002041
452.401747,0.002041
449.781659,0.002041
447.161572,nan
444.541485,nan
441.921397,nan
439.301310,nan
436.681223,nan
434.061135,nan
431.441048,nan
428.820961,nan
426.200873,nan
423.580786,nan
420.960699,nan
418.340611,nan
415.720524,nan
413.100437,nan
410.480349,nan
407.860262,nan
405.240175,nan
402.620087,nan
400.000000,nan
