4000.000000,0.012245
3997.379913,0.012245
3994.759825,0.012245
3992.139738,0.012245
3989.519651,0.012245
3986.899563,0.012245
3984.279476,0.012245
3981.659389,0.012245
3979.039301,0.012245
3976.419214,0.012245
3973.799127,0.012245
3971.179039,0.012245
3968.558952,0.012245
3965.938865,0.012245
3963.318777,0.012245
3960.698690,0.010204
3958.078603,0.010204
3955.458515,0.010204
3952.838428,0.010204
3950.218341,0.010204
3947.598253,0.010204
3944.978166,0.010204
3942.358079,0.010204
3939.737991,0.010204
3937.117904,0.010204
3934.497817,0.010204
3931.877729,0.010204
3929.257642,0.010204
3926.637555,0.010204
3924.017467,0.010204
3921.397380,0.010204
3918.777293,0.010204
3916.157205,0.010204
3913.537118,0.010204
3910.917031,0.010204
3908.296943,0.010204
3905.676856,0.010204
3903.056769,0.010204
3900.436681,0.010204
3897.816594,0.008163
3895.196507,0.008163
3892.576419,0.008163
3889.956332,0.008163
3887.336245,0.008163
3884.716157,0.008163
3882.096070,0.008163
3879.475983,0.008163
3876.855895,0.008163
3874.235808,0.008163
3871.615721,0.008163
3868.995633,0.008163
3866.375546,0.008163
3863.755459,0.006122
3861.135371,0.006122
3858.515284,0.006122
3855.895197,0.008163
3853.275109,0.010204
3850.655022,0.008163
3848.034934,0.006122
3845.414847,0.006122
3842.794760,0.008163
3840.174672,0.008163
3837.554585,0.006122
3834.934498,0.006122
3832.314410,0.006122
3829.694323,0.006122
3827.074236,0.006122
3824.454148,0.006122
3821.834061,0.008163
3819.213974,0.008163
3816.593886,0.006122
3813.973799,0.006122
3811.353712,0.006122
3808.733624,0.006122
3806.113537,0.006122
3803.493450,0.006122
3800.873362,0.006122
3798.253275,0.006122
3795.633188,0.006122
3793.013100,0.006122
3790.393013,0.006122
3787.772926,0.006122
3785.152838,0.006122
3782.532751,0.006122
3779.912664,0.006122
3777.292576,0.006122
3774.672489,0.006122
3772.052402,0.006122
3769.432314,0.006122
3766.812227,0.006122
3764.192140,0.006122
3761.572052,0.006122
3758.951965,0.006122
3756.331878,0.006122
3753.711790,0.006122
3751.091703,0.006122
3748.471616,0.006122
3745.851528,0.006122
3743.231441,0.006122
3740.611354,0.006122
3737.991266,0.004082
3735.371179,0.004082
3732.751092,0.004082
3730.131004,0.004082
3727.510917,0.004082
3724.890830,0.004082
3722.270742,0.004082
3719.650655,0.004082
3717.030568,0.004082
3714.410480,0.004082
3711.790393,0.006122
3709.170306,0.006122
3706.550218,0.004082
3703.930131,0.006122
3701.310044,0.006122
3698.689956,0.006122
3696.069869,0.006122
3693.449782,0.006122
3690.829694,0.006122
3688.209607,0.006122
3685.589520,0.006122
3682.969432,0.004082
3680.349345,0.004082
3677.729258,0.006122
3675.109170,0.006122
3672.489083,0.006122
3669.868996,0.004082
3667.248908,0.004082
3664.628821,0.004082
3662.008734,0.006122
3659.388646,0.006122
3656.768559,0.006122
3654.148472,0.008163
3651.528384,0.006122
3648.908297,0.006122
3646.288210,0.006122
3643.668122,0.006122
3641.048035,0.006122
3638.427948,0.008163
3635.807860,0.008163
3633.187773,0.008163
3630.567686,0.008163
3627.947598,0.010204
3625.327511,0.010204
3622.707424,0.008163
3620.087336,0.010204
3617.467249,0.010204
3614.847162,0.010204
3612.227074,0.010204
3609.606987,0.012245
3606.986900,0.012245
3604.366812,0.012245
3601.746725,0.012245
3599.126638,0.012245
3596.506550,0.012245
3593.886463,0.012245
3591.266376,0.014286
3588.646288,0.014286
3586.026201,0.014286
3583.406114,0.014286
3580.786026,0.016327
3578.165939,0.018367
3575.545852,0.018367
3572.925764,0.020408
3570.305677,0.022449
3567.685590,0.022449
3565.065502,0.022449
3562.445415,0.022449
3559.825328,0.022449
3557.205240,0.024490
3554.585153,0.026531
3551.965066,0.028571
3549.344978,0.028571
3546.724891,0.028571
3544.104803,0.030612
3541.484716,0.030612
3538.864629,0.032653
3536.244541,0.034694
3533.624454,0.036735
3531.004367,0.036735
3528.384279,0.038776
3525.764192,0.040816
3523.144105,0.040816
3520.524017,0.042857
3517.903930,0.044898
3515.283843,0.044898
3512.663755,0.046939
3510.043668,0.048980
3507.423581,0.051020
3504.803493,0.051020
3502.183406,0.053061
3499.563319,0.055102
3496.943231,0.057143
3494.323144,0.059184
3491.703057,0.061224
3489.082969,0.063265
3486.462882,0.065306
3483.842795,0.067347
3481.222707,0.069388
3478.602620,0.071429
3475.982533,0.073469
3473.362445,0.075510
3470.742358,0.077551
3468.122271,0.079592
3465.502183,0.081633
3462.882096,0.083673
3460.262009,0.085714
3457.641921,0.087755
3455.021834,0.091837
3452.401747,0.093878
3449.781659,0.095918
3447.161572,0.097959
3444.541485,0.100000
3441.921397,0.102041
3439.301310,0.104082
3436.681223,0.104082
3434.061135,0.108163
3431.441048,0.110204
3428.820961,0.112245
3426.200873,0.114286
3423.580786,0.118367
3420.960699,0.120408
3418.340611,0.122449
3415.720524,0.124490
3413.100437,0.128571
3410.480349,0.130612
3407.860262,0.132653
3405.240175,0.136735
3402.620087,0.138776
3400.000000,0.140816
3397.379913,0.144898
3394.759825,0.146939
3392.139738,0.148980
3389.519651,0.153061
3386.899563,0.157143
3384.279476,0.161224
3381.659389,0.163265
3379.039301,0.167347
3376.419214,0.171429
3373.799127,0.173469
3371.179039,0.177551
3368.558952,0.179592
3365.938865,0.183673
3363.318777,0.187755
3360.698690,0.191837
3358.078603,0.193878
3355.458515,0.197959
3352.838428,0.202041
3350.218341,0.204082
3347.598253,0.208163
3344.978166,0.210204
3342.358079,0.212245
3339.737991,0.214286
3337.117904,0.216327
3334.497817,0.218367
3331.877729,0.220408
3329.257642,0.222449
3326.637555,0.222449
3324.017467,0.224490
3321.397380,0.226531
3318.777293,0.228571
3316.157205,0.230612
3313.537118,0.232653
3310.917031,0.232653
3308.296943,0.234694
3305.676856,0.236735
3303.056769,0.236735
3300.436681,0.238776
3297.816594,0.240816
3295.196507,0.240816
3292.576419,0.240816
3289.956332,0.242857
3287.336245,0.244898
3284.716157,0.244898
3282.096070,0.246939
3279.475983,0.246939
3276.855895,0.246939
3274.235808,0.246939
3271.615721,0.246939
3268.995633,0.246939
3266.375546,0.248980
3263.755459,0.248980
3261.135371,0.248980
3258.515284,0.248980
3255.895197,0.248980
3253.275109,0.248980
3250.655022,0.248980
3248.034934,0.246939
3245.414847,0.246939
3242.794760,0.246939
3240.174672,0.246939
3237.554585,0.244898
3234.934498,0.242857
3232.314410,0.242857
3229.694323,0.242857
3227.074236,0.240816
3224.454148,0.238776
3221.834061,0.238776
3219.213974,0.236735
3216.593886,0.234694
3213.973799,0.232653
3211.353712,0.230612
3208.733624,0.228571
3206.113537,0.226531
3203.493450,0.224490
3200.873362,0.222449
3198.253275,0.220408
3195.633188,0.218367
3193.013100,0.216327
3190.393013,0.214286
3187.772926,0.212245
3185.152838,0.208163
3182.532751,0.206122
3179.912664,0.204082
3177.292576,0.200000
3174.672489,0.197959
3172.052402,0.193878
3169.432314,0.191837
3166.812227,0.189796
3164.192140,0.185714
3161.572052,0.183673
3158.951965,0.181633
3156.331878,0.179592
3153.711790,0.177551
3151.091703,0.175510
3148.471616,0.173469
3145.851528,0.173469
3143.231441,0.173469
3140.611354,0.173469
3137.991266,0.173469
3135.371179,0.173469
3132.751092,0.173469
3130.131004,0.173469
3127.510917,0.173469
3124.890830,0.173469
3122.270742,0.173469
3119.650655,0.173469
3117.030568,0.171429
3114.410480,0.171429
3111.790393,0.171429
3109.170306,0.169388
3106.550218,0.169388
3103.930131,0.167347
3101.310044,0.165306
3098.689956,0.163265
3096.069869,0.161224
3093.449782,0.161224
3090.829694,0.159184
3088.209607,0.159184
3085.589520,0.157143
3082.969432,0.157143
3080.349345,0.155102
3077.729258,0.155102
3075.109170,0.155102
3072.489083,0.155102
3069.868996,0.157143
3067.248908,0.161224
3064.628821,0.165306
3062.008734,0.167347
3059.388646,0.167347
3056.768559,0.165306
3054.148472,0.163265
3051.528384,0.157143
3048.908297,0.151020
3046.288210,0.144898
3043.668122,0.142857
3041.048035,0.138776
3038.427948,0.138776
3035.807860,0.138776
3033.187773,0.140816
3030.567686,0.142857
3027.947598,0.144898
3025.327511,0.148980
3022.707424,0.151020
3020.087336,0.153061
3017.467249,0.151020
3014.847162,0.151020
3012.227074,0.151020
3009.606987,0.153061
3006.986900,0.159184
3004.366812,0.167347
3001.746725,0.177551
2999.126638,0.191837
2996.506550,0.210204
2993.886463,0.236735
2991.266376,0.267347
2988.646288,0.300000
2986.026201,0.340816
2983.406114,0.383673
2980.786026,0.428571
2978.165939,0.471429
2975.545852,0.500000
2972.925764,0.506122
2970.305677,0.506122
2967.685590,0.497959
2965.065502,0.461224
2962.445415,0.408163
2959.825328,0.363265
2957.205240,0.332653
2954.585153,0.316327
2951.965066,0.308163
2949.344978,0.300000
2946.724891,0.314286
2944.104803,0.338776
2941.484716,0.361224
2938.864629,0.365306
2936.244541,0.365306
2933.624454,0.361224
2931.004367,0.342857
2928.384279,0.320408
2925.764192,0.310204
2923.144105,0.312245
2920.524017,0.312245
2917.903930,0.312245
2915.283843,0.308163
2912.663755,0.300000
2910.043668,0.289796
2907.423581,0.279592
2904.803493,0.269388
2902.183406,0.263265
2899.563319,0.257143
2896.943231,0.255102
2894.323144,0.255102
2891.703057,0.255102
2889.082969,0.257143
2886.462882,0.265306
2883.842795,0.279592
2881.222707,0.287755
2878.602620,0.289796
2875.982533,0.287755
2873.362445,0.277551
2870.742358,0.248980
2868.122271,0.222449
2865.502183,0.202041
2862.882096,0.189796
2860.262009,0.181633
2857.641921,0.177551
2855.021834,0.173469
2852.401747,0.173469
2849.781659,0.171429
2847.161572,0.169388
2844.541485,0.165306
2841.921397,0.157143
2839.301310,0.151020
2836.681223,0.146939
2834.061135,0.140816
2831.441048,0.136735
2828.820961,0.132653
2826.200873,0.126531
2823.580786,0.120408
2820.960699,0.114286
2818.340611,0.110204
2815.720524,0.106122
2813.100437,0.102041
2810.480349,0.100000
2807.860262,0.097959
2805.240175,0.095918
2802.620087,0.093878
2800.000000,0.091837
2797.379913,0.089796
2794.759825,0.085714
2792.139738,0.085714
2789.519651,0.083673
2786.899563,0.081633
2784.279476,0.079592
2781.659389,0.077551
2779.039301,0.075510
2776.419214,0.073469
2773.799127,0.073469
2771.179039,0.071429
2768.558952,0.069388
2765.938865,0.069388
2763.318777,0.069388
2760.698690,0.069388
2758.078603,0.067347
2755.458515,0.065306
2752.838428,0.065306
2750.218341,0.065306
2747.598253,0.063265
2744.978166,0.063265
2742.358079,0.063265
2739.737991,0.063265
2737.117904,0.063265
2734.497817,0.063265
2731.877729,0.063265
2729.257642,0.061224
2726.637555,0.059184
2724.017467,0.059184
2721.397380,0.059184
2718.777293,0.057143
2716.157205,0.055102
2713.537118,0.055102
2710.917031,0.053061
2708.296943,0.053061
2705.676856,0.053061
2703.056769,0.051020
2700.436681,0.051020
2697.816594,0.048980
2695.196507,0.048980
2692.576419,0.048980
2689.956332,0.046939
2687.336245,0.046939
2684.716157,0.046939
2682.096070,0.046939
2679.475983,0.044898
2676.855895,0.044898
2674.235808,0.042857
2671.615721,0.042857
2668.995633,0.042857
2666.375546,0.040816
2663.755459,0.040816
2661.135371,0.040816
2658.515284,0.040816
2655.895197,0.040816
2653.275109,0.040816
2650.655022,0.038776
2648.034934,0.040816
2645.414847,0.040816
2642.794760,0.038776
2640.174672,0.038776
2637.554585,0.038776
2634.934498,0.038776
2632.314410,0.038776
2629.694323,0.036735
2627.074236,0.036735
2624.454148,0.034694
2621.834061,0.034694
2619.213974,0.034694
2616.593886,0.034694
2613.973799,0.034694
2611.353712,0.032653
2608.733624,0.032653
2606.113537,0.032653
2603.493450,0.032653
2600.873362,0.032653
2598.253275,0.032653
2595.633188,0.032653
2593.013100,0.030612
2590.393013,0.030612
2587.772926,0.030612
2585.152838,0.030612
2582.532751,0.030612
2579.912664,0.030612
2577.292576,0.028571
2574.672489,0.028571
2572.052402,0.028571
2569.432314,0.028571
2566.812227,0.028571
2564.192140,0.028571
2561.572052,0.026531
2558.951965,0.026531
2556.331878,0.026531
2553.711790,0.026531
2551.091703,0.026531
2548.471616,0.026531
2545.851528,0.026531
2543.231441,0.026531
2540.611354,0.026531
2537.991266,0.026531
2535.371179,0.026531
2532.751092,0.024490
2530.131004,0.024490
2527.510917,0.024490
2524.890830,0.024490
2522.270742,0.024490
2519.650655,0.024490
2517.030568,0.024490
2514.410480,0.024490
2511.790393,0.024490
2509.170306,0.024490
2506.550218,0.024490
2503.930131,0.022449
2501.310044,0.022449
2498.689956,0.022449
2496.069869,0.022449
2493.449782,0.022449
2490.829694,0.022449
2488.209607,0.022449
2485.589520,0.022449
2482.969432,0.022449
2480.349345,0.022449
2477.729258,0.022449
2475.109170,0.022449
2472.489083,0.022449
2469.868996,0.022449
2467.248908,0.022449
2464.628821,0.022449
2462.008734,0.022449
2459.388646,0.022449
2456.768559,0.022449
2454.148472,0.022449
2451.528384,0.022449
2448.908297,0.020408
2446.288210,0.020408
2443.668122,0.020408
2441.048035,0.020408
2438.427948,0.020408
2435.807860,0.020408
2433.187773,0.020408
2430.567686,0.020408
2427.947598,0.020408
2425.327511,0.020408
2422.707424,0.020408
2420.087336,0.020408
2417.467249,0.020408
2414.847162,0.020408
2412.227074,0.020408
2409.606987,0.018367
2406.986900,0.018367
2404.366812,0.018367
2401.746725,0.018367
2399.126638,0.018367
2396.506550,0.018367
2393.886463,0.018367
2391.266376,0.018367
2388.646288,0.018367
2386.026201,0.018367
2383.406114,0.018367
2380.786026,0.018367
2378.165939,0.018367
2375.545852,0.018367
2372.925764,0.018367
2370.305677,0.018367
2367.685590,0.018367
2365.065502,0.016327
2362.445415,0.016327
2359.825328,0.014286
2357.205240,0.014286
2354.585153,0.014286
2351.965066,0.012245
2349.344978,0.014286
2346.724891,0.014286
2344.104803,0.016327
2341.484716,0.014286
2338.864629,0.014286
2336.244541,0.014286
2333.624454,0.014286
2331.004367,0.014286
2328.384279,0.012245
2325.764192,0.012245
2323.144105,0.012245
2320.524017,0.012245
2317.903930,0.012245
2315.283843,0.012245
2312.663755,0.012245
2310.043668,0.012245
2307.423581,0.014286
2304.803493,0.014286
2302.183406,0.014286
2299.563319,0.014286
2296.943231,0.014286
2294.323144,0.014286
2291.703057,0.014286
2289.082969,0.014286
2286.462882,0.014286
2283.842795,0.014286
2281.222707,0.014286
2278.602620,0.014286
2275.982533,0.014286
2273.362445,0.014286
2270.742358,0.014286
2268.122271,0.014286
2265.502183,0.014286
2262.882096,0.012245
2260.262009,0.014286
2257.641921,0.012245
2255.021834,0.012245
2252.401747,0.012245
2249.781659,0.012245
2247.161572,0.012245
2244.541485,0.012245
2241.921397,0.012245
2239.301310,0.012245
2236.681223,0.012245
2234.061135,0.012245
2231.441048,0.012245
2228.820961,0.012245
2226.200873,0.012245
2223.580786,0.012245
2220.960699,0.012245
2218.340611,0.012245
2215.720524,0.012245
2213.100437,0.012245
2210.480349,0.012245
2207.860262,0.012245
2205.240175,0.010204
2202.620087,0.010204
2200.000000,0.010204
2197.379913,0.010204
2194.759825,0.010204
2192.139738,0.010204
2189.519651,0.010204
2186.899563,0.010204
2184.279476,0.010204
2181.659389,0.010204
2179.039301,0.010204
2176.419214,0.010204
2173.799127,0.010204
2171.179039,0.010204
2168.558952,0.010204
2165.938865,0.012245
2163.318777,0.012245
2160.698690,0.012245
2158.078603,0.010204
2155.458515,0.010204
2152.838428,0.010204
2150.218341,0.010204
2147.598253,0.010204
2144.978166,0.010204
2142.358079,0.010204
2139.737991,0.010204
2137.117904,0.010204
2134.497817,0.008163
2131.877729,0.008163
2129.257642,0.008163
2126.637555,0.008163
2124.017467,0.008163
2121.397380,0.008163
2118.777293,0.008163
2116.157205,0.008163
2113.537118,0.008163
2110.917031,0.008163
2108.296943,0.008163
2105.676856,0.008163
2103.056769,0.008163
2100.436681,0.008163
2097.816594,0.008163
2095.196507,0.008163
2092.576419,0.008163
2089.956332,0.008163
2087.336245,0.008163
2084.716157,0.008163
2082.096070,0.008163
2079.475983,0.008163
2076.855895,0.008163
2074.235808,0.008163
2071.615721,0.008163
2068.995633,0.008163
2066.375546,0.008163
2063.755459,0.008163
2061.135371,0.008163
2058.515284,0.008163
2055.895197,0.008163
2053.275109,0.008163
2050.655022,0.008163
2048.034934,0.008163
2045.414847,0.008163
2042.794760,0.008163
2040.174672,0.008163
2037.554585,0.006122
2034.934498,0.006122
2032.314410,0.008163
2029.694323,0.008163
2027.074236,0.008163
2024.454148,0.006122
2021.834061,0.006122
2019.213974,0.006122
2016.593886,0.006122
2013.973799,0.006122
2011.353712,0.006122
2008.733624,0.006122
2006.113537,0.006122
2003.493450,0.006122
2000.873362,0.006122
1998.253275,0.006122
1995.633188,0.006122
1993.013100,0.006122
1990.393013,0.006122
1987.772926,0.006122
1985.152838,0.006122
1982.532751,0.006122
1979.912664,0.006122
1977.292576,0.006122
1974.672489,0.006122
1972.052402,0.006122
1969.432314,0.006122
1966.812227,0.006122
1964.192140,0.006122
1961.572052,0.008163
1958.951965,0.008163
1956.331878,0.008163
1953.711790,0.008163
1951.091703,0.008163
1948.471616,0.008163
1945.851528,0.008163
1943.231441,0.008163
1940.611354,0.010204
1937.991266,0.010204
1935.371179,0.010204
1932.751092,0.010204
1930.131004,0.010204
1927.510917,0.010204
1924.890830,0.010204
1922.270742,0.010204
1919.650655,0.010204
1917.030568,0.010204
1914.410480,0.010204
1911.790393,0.010204
1909.170306,0.008163
1906.550218,0.008163
1903.930131,0.008163
1901.310044,0.008163
1898.689956,0.008163
1896.069869,0.008163
1893.449782,0.008163
1890.829694,0.008163
1888.209607,0.008163
1885.589520,0.008163
1882.969432,0.008163
1880.349345,0.008163
1877.729258,0.008163
1875.109170,0.008163
1872.489083,0.008163
1869.868996,0.008163
1867.248908,0.008163
1864.628821,0.008163
1862.008734,0.010204
1859.388646,0.010204
1856.768559,0.010204
1854.148472,0.010204
1851.528384,0.010204
1848.908297,0.010204
1846.288210,0.010204
1843.668122,0.010204
1841.048035,0.010204
1838.427948,0.010204
1835.807860,0.010204
1833.187773,0.012245
1830.567686,0.012245
1827.947598,0.010204
1825.327511,0.010204
1822.707424,0.012245
1820.087336,0.012245
1817.467249,0.012245
1814.847162,0.012245
1812.227074,0.012245
1809.606987,0.012245
1806.986900,0.014286
1804.366812,0.014286
1801.746725,0.014286
1799.126638,0.014286
1796.506550,0.014286
1793.886463,0.014286
1791.266376,0.014286
1788.646288,0.014286
1786.026201,0.014286
1783.406114,0.014286
1780.786026,0.014286
1778.165939,0.014286
1775.545852,0.014286
1772.925764,0.012245
1770.305677,0.012245
1767.685590,0.010204
1765.065502,0.012245
1762.445415,0.012245
1759.825328,0.012245
1757.205240,0.010204
1754.585153,0.010204
1751.965066,0.010204
1749.344978,0.010204
1746.724891,0.008163
1744.104803,0.010204
1741.484716,0.010204
1738.864629,0.010204
1736.244541,0.010204
1733.624454,0.010204
1731.004367,0.008163
1728.384279,0.008163
1725.764192,0.010204
1723.144105,0.010204
1720.524017,0.010204
1717.903930,0.010204
1715.283843,0.008163
1712.663755,0.008163
1710.043668,0.010204
1707.423581,0.010204
1704.803493,0.010204
1702.183406,0.010204
1699.563319,0.010204
1696.943231,0.010204
1694.323144,0.010204
1691.703057,0.012245
1689.082969,0.014286
1686.462882,0.016327
1683.842795,0.016327
1681.222707,0.022449
1678.602620,0.028571
1675.982533,0.036735
1673.362445,0.044898
1670.742358,0.055102
1668.122271,0.063265
1665.502183,0.067347
1662.882096,0.067347
1660.262009,0.065306
1657.641921,0.061224
1655.021834,0.057143
1652.401747,0.055102
1649.781659,0.051020
1647.161572,0.057143
1644.541485,0.065306
1641.921397,0.069388
1639.301310,0.071429
1636.681223,0.071429
1634.061135,0.069388
1631.441048,0.059184
1628.820961,0.053061
1626.200873,0.051020
1623.580786,0.044898
1620.960699,0.042857
1618.340611,0.042857
1615.720524,0.042857
1613.100437,0.044898
1610.480349,0.048980
1607.860262,0.061224
1605.240175,0.085714
1602.620087,0.106122
1600.000000,0.108163
1597.379913,0.108163
1594.759825,0.093878
1592.139738,0.071429
1589.519651,0.059184
1586.899563,0.057143
1584.279476,0.059184
1581.659389,0.059184
1579.039301,0.061224
1576.419214,0.061224
1573.799127,0.059184
1571.179039,0.061224
1568.558952,0.061224
1565.938865,0.059184
1563.318777,0.059184
1560.698690,0.061224
1558.078603,0.061224
1555.458515,0.057143
1552.838428,0.057143
1550.218341,0.057143
1547.598253,0.059184
1544.978166,0.059184
1542.358079,0.057143
1539.737991,0.057143
1537.117904,0.055102
1534.497817,0.057143
1531.877729,0.057143
1529.257642,0.059184
1526.637555,0.061224
1524.017467,0.061224
1521.397380,0.061224
1518.777293,0.063265
1516.157205,0.067347
1513.537118,0.071429
1510.917031,0.073469
1508.296943,0.075510
1505.676856,0.081633
1503.056769,0.087755
1500.436681,0.095918
1497.816594,0.100000
1495.196507,0.106122
1492.576419,0.112245
1489.956332,0.118367
1487.336245,0.126531
1484.716157,0.134694
1482.096070,0.140816
1479.475983,0.148980
1476.855895,0.155102
1474.235808,0.167347
1471.615721,0.193878
1468.995633,0.230612
1466.375546,0.283673
1463.755459,0.314286
1461.135371,0.318367
1458.515284,0.318367
1455.895197,0.312245
1453.275109,0.271429
1450.655022,0.244898
1448.034934,0.234694
1445.414847,0.226531
1442.794760,0.218367
1440.174672,0.216327
1437.554585,0.218367
1434.934498,0.216327
1432.314410,0.212245
1429.694323,0.208163
1427.074236,0.200000
1424.454148,0.187755
1421.834061,0.177551
1419.213974,0.173469
1416.593886,0.189796
1413.973799,0.212245
1411.353712,0.226531
1408.733624,0.228571
1406.113537,0.226531
1403.493450,0.210204
1400.873362,0.173469
1398.253275,0.146939
1395.633188,0.130612
1393.013100,0.120408
1390.393013,0.120408
1387.772926,0.132653
1385.152838,0.155102
1382.532751,0.187755
1379.912664,0.216327
1377.292576,0.224490
1374.672489,0.224490
1372.052402,0.242857
1369.432314,0.259184
1366.812227,0.261224
1364.192140,0.259184
1361.572052,0.228571
1358.951965,0.161224
1356.331878,0.118367
1353.711790,0.097959
1351.091703,0.083673
1348.471616,0.077551
1345.851528,0.071429
1343.231441,0.069388
1340.611354,0.067347
1337.991266,0.067347
1335.371179,0.073469
1332.751092,0.081633
1330.131004,0.087755
1327.510917,0.089796
1324.890830,0.089796
1322.270742,0.087755
1319.650655,0.083673
1317.030568,0.079592
1314.410480,0.073469
1311.790393,0.071429
1309.170306,0.069388
1306.550218,0.065306
1303.930131,0.063265
1301.310044,0.061224
1298.689956,0.061224
1296.069869,0.059184
1293.449782,0.059184
1290.829694,0.061224
1288.209607,0.065306
1285.589520,0.071429
1282.969432,0.079592
1280.349345,0.089796
1277.729258,0.097959
1275.109170,0.100000
1272.489083,0.100000
1269.868996,0.100000
1267.248908,0.093878
1264.628821,0.087755
1262.008734,0.085714
1259.388646,0.081633
1256.768559,0.071429
1254.148472,0.061224
1251.528384,0.071429
1248.908297,0.087755
1246.288210,0.100000
1243.668122,0.102041
1241.048035,0.102041
1238.427948,0.097959
1235.807860,0.087755
1233.187773,0.097959
1230.567686,0.114286
1227.947598,0.116327
1225.327511,0.114286
1222.707424,0.108163
1220.087336,0.091837
1217.467249,0.079592
1214.847162,0.071429
1212.227074,0.063265
1209.606987,0.057143
1206.986900,0.051020
1204.366812,0.048980
1201.746725,0.048980
1199.126638,0.048980
1196.506550,0.048980
1193.886463,0.051020
1191.266376,0.053061
1188.646288,0.053061
1186.026201,0.057143
1183.406114,0.059184
1180.786026,0.063265
1178.165939,0.069388
1175.545852,0.077551
1172.925764,0.085714
1170.305677,0.095918
1167.685590,0.112245
1165.065502,0.128571
1162.445415,0.151020
1159.825328,0.173469
1157.205240,0.195918
1154.585153,0.224490
1151.965066,0.248980
1149.344978,0.269388
1146.724891,0.289796
1144.104803,0.308163
1141.484716,0.322449
1138.864629,0.334694
1136.244541,0.344898
1133.624454,0.353061
1131.004367,0.359184
1128.384279,0.365306
1125.764192,0.369388
1123.144105,0.371429
1120.524017,0.373469
1117.903930,0.375510
1115.283843,0.375510
1112.663755,0.373469
1110.043668,0.373469
1107.423581,0.373469
1104.803493,0.385714
1102.183406,0.404082
1099.563319,0.420408
1096.943231,0.426531
1094.323144,0.428571
1091.703057,0.426531
1089.082969,0.414286
1086.462882,0.395918
1083.842795,0.381633
1081.222707,0.367347
1078.602620,0.383673
1075.982533,0.402041
1073.362445,0.404082
1070.742358,0.404082
1068.122271,0.381633
1065.502183,0.334694
1062.882096,0.291837
1060.262009,0.261224
1057.641921,0.240816
1055.021834,0.228571
1052.401747,0.228571
1049.781659,0.232653
1047.161572,0.232653
1044.541485,0.232653
1041.921397,0.230612
1039.301310,0.224490
1036.681223,0.216327
1034.061135,0.208163
1031.441048,0.200000
1028.820961,0.197959
1026.200873,0.206122
1023.580786,0.222449
1020.960699,0.253061
1018.340611,0.293878
1015.720524,0.338776
1013.100437,0.379592
1010.480349,0.393878
1007.860262,0.395918
1005.240175,0.393878
1002.620087,0.371429
1000.000000,0.336735
997.379913,0.304082
994.759825,0.304082
992.139738,0.334694
989.519651,0.373469
986.899563,0.422449
984.279476,0.469388
981.659389,0.504082
979.039301,0.520408
976.419214,0.522449
973.799127,0.522449
971.179039,0.526531
968.558952,0.532653
965.938865,0.534694
963.318777,0.532653
960.698690,0.532653
958.078603,0.548980
955.458515,0.591837
952.838428,0.644898
950.218341,0.702041
947.598253,0.761224
944.978166,0.820408
942.358079,0.883673
939.737991,0.940816
937.117904,0.973469
934.497817,0.991837
931.877729,0.995918
929.257642,1.000000
926.637555,0.997959
924.017467,0.985714
921.397380,0.981633
918.777293,0.944898
916.157205,0.889796
913.537118,0.822449
910.917031,0.742857
908.296943,0.661224
905.676856,0.569388
903.056769,0.483673
900.436681,0.410204
897.816594,0.340816
895.196507,0.289796
892.576419,0.251020
889.956332,0.222449
887.336245,0.210204
884.716157,0.222449
882.096070,0.234694
879.475983,0.240816
876.855895,0.242857
874.235808,0.242857
871.615721,0.240816
868.995633,0.234694
866.375546,0.224490
863.755459,0.210204
861.135371,0.195918
858.515284,0.181633
855.895197,0.165306
853.275109,0.151020
850.655022,0.136735
848.034934,0.124490
845.414847,0.114286
842.794760,0.104082
840.174672,0.097959
837.554585,0.089796
834.934498,0.081633
832.314410,0.077551
829.694323,0.073469
827.074236,0.069388
824.454148,0.069388
821.834061,0.071429
819.213974,0.075510
816.593886,0.081633
813.973799,0.091837
811.353712,0.106122
808.733624,0.136735
806.113537,0.187755
803.493450,0.255102
800.873362,0.304082
798.253275,0.308163
795.633188,0.308163
793.013100,0.281633
790.393013,0.230612
787.772926,0.212245
785.152838,0.216327
782.532751,0.218367
779.912664,0.214286
777.292576,0.208163
774.672489,0.214286
772.052402,0.214286
769.432314,0.214286
766.812227,0.210204
764.192140,0.200000
761.572052,0.187755
758.951965,0.173469
756.331878,0.157143
753.711790,0.138776
751.091703,0.126531
748.471616,0.114286
745.851528,0.102041
743.231441,0.091837
740.611354,0.085714
737.991266,0.079592
735.371179,0.073469
732.751092,0.073469
730.131004,0.069388
727.510917,0.069388
724.890830,0.069388
722.270742,0.069388
719.650655,0.075510
717.030568,0.085714
714.410480,0.106122
711.790393,0.132653
709.170306,0.159184
706.550218,0.173469
703.930131,0.177551
701.310044,0.177551
698.689956,0.175510
696.069869,0.163265
693.449782,0.142857
690.829694,0.122449
688.209607,0.104082
685.589520,0.093878
682.969432,0.081633
680.349345,0.075510
677.729258,0.069388
675.109170,0.065306
672.489083,0.063265
669.868996,0.063265
667.248908,0.059184
664.628821,0.061224
662.008734,0.061224
659.388646,0.059184
656.768559,0.061224
654.148472,0.061224
651.528384,0.059184
648.908297,0.061224
646.288210,0.061224
643.668122,0.063265
641.048035,0.063265
638.427948,0.063265
635.807860,0.065306
633.187773,0.065306
630.567686,0.069388
627.947598,0.071429
625.327511,0.073469
622.707424,0.075510
620.087336,0.081633
617.467249,0.089796
614.847162,0.093878
612.227074,0.095918
609.606987,0.097959
606.986900,0.097959
604.366812,0.095918
601.746725,0.093878
599.126638,0.093878
596.506550,0.093878
593.886463,0.091837
591.266376,0.087755
588.646288,0.081633
586.026201,0.073469
583.406114,0.063265
580.786026,0.053061
578.165939,0.040816
575.545852,0.032653
572.925764,0.024490
570.305677,0.018367
567.685590,0.012245
565.065502,0.010204
562.445415,0.006122
559.825328,0.004082
557.205240,0.004082
554.585153,0.004082
551.965066,0.004082
549.344978,0.002041
546.724891,0.002041
544.104803,0.002041
541.484716,0.002041
538.864629,0.002041
536.244541,0.002041
533.624454,0.002041
531.004367,0.002041
528.384279,0.002041
525.764192,0.002041
523.144105,0.002041
520.524017,0.002041
517.903930,0.002041
515.283843,0.002041
512.663755,0.002041
510.043668,0.002041
507.423581,0.002041
504.803493,0.002041
502.183406,0.002041
499.563319,0.002041
496.943231,0.002041
494.323144,0.002041
491.703057,0.002041
489.082969,0.002041
486.462882,0.002041
483.842795,0.002041
481.222707,0.002041
478.602620,0.002041
475.982533,0.002041
473.362445,0.002041
470.742358,0.002041
468.122271,0.002041
465.502183,0.002041
462.882096,0.002041
460.262009,0.002041
457.641921,0.002041
455.021834,0.002041
452.401747,0.002041
449.781659,0.002041
447.161572,nan
444.541485,nan
441.921397,nan
439.301310,nan
436.681223,nan
434.061135,nan
431.441048,nan
428.820961,nan
426.200873,nan
423.580786,nan
420.960699,nan
418.340611,nan
415.720524,nan
413.100437,nan
410.480349,nan
407.860262,nan
405.240175,nan
402.620087,nan
400.000000,nan
