4000.000000,0.020408
3997.379913,0.020408
3994.759825,0.020408
3992.139738,0.020408
3989.519651,0.020408
3986.899563,0.020408
3984.279476,0.020408
3981.659389,0.020408
3979.039301,0.020408
3976.419214,0.020408
3973.799127,0.020408
3971.179039,0.020408
3968.558952,0.020408
3965.938865,0.020408
3963.318777,0.020408
3960.698690,0.020408
3958.078603,0.020408
3955.458515,0.020408
3952.838428,0.020408
3950.218341,0.020408
3947.598253,0.020408
3944.978166,0.020408
3942.358079,0.020408
3939.737991,0.020408
3937.117904,0.020408
3934.497817,0.020408
3931.877729,0.020408
3929.257642,0.020408
3926.637555,0.020408
3924.017467,0.020408
3921.397380,0.020408
3918.777293,0.020408
3916.157205,0.020408
3913.537118,0.020408
3910.917031,0.020408
3908.296943,0.020408
3905.676856,0.020408
3903.056769,0.020408
3900.436681,0.020408
3897.816594,0.020408
3895.196507,0.020408
3892.576419,0.020408
3889.956332,0.020408
3887.336245,0.020408
3884.716157,0.020408
3882.096070,0.020408
3879.475983,0.020408
3876.855895,0.020408
3874.235808,0.020408
3871.615721,0.020408
3868.995633,0.018367
3866.375546,0.018367
3863.755459,0.018367
3861.135371,0.018367
3858.515284,0.018367
3855.895197,0.018367
3853.275109,0.018367
3850.655022,0.016327
3848.034934,0.018367
3845.414847,0.020408
3842.794760,0.020408
3840.174672,0.020408
3837.554585,0.020408
3834.934498,0.018367
3832.314410,0.018367
3829.694323,0.020408
3827.074236,0.020408
3824.454148,0.020408
3821.834061,0.020408
3819.213974,0.020408
3816.593886,0.020408
3813.973799,0.020408
3811.353712,0.022449
3808.733624,0.022449
3806.113537,0.022449
3803.493450,0.022449
3800.873362,0.022449
3798.253275,0.020408
3795.633188,0.022449
3793.013100,0.022449
3790.393013,0.022449
3787.772926,0.022449
3785.152838,0.022449
3782.532751,0.022449
3779.912664,0.022449
3777.292576,0.022449
3774.672489,0.022449
3772.052402,0.022449
3769.432314,0.022449
3766.812227,0.022449
3764.192140,0.022449
3761.572052,0.024490
3758.951965,0.024490
3756.331878,0.024490
3753.711790,0.024490
3751.091703,0.024490
3748.471616,0.022449
3745.851528,0.022449
3743.231441,0.022449
3740.611354,0.022449
3737.991266,0.024490
3735.371179,0.024490
3732.751092,0.022449
3730.131004,0.022449
3727.510917,0.024490
3724.890830,0.024490
3722.270742,0.024490
3719.650655,0.024490
3717.030568,0.024490
3714.410480,0.024490
3711.790393,0.024490
3709.170306,0.024490
3706.550218,0.024490
3703.930131,0.024490
3701.310044,0.024490
3698.689956,0.024490
3696.069869,0.024490
3693.449782,0.024490
3690.829694,0.024490
3688.209607,0.022449
3685.589520,0.022449
3682.969432,0.022449
3680.349345,0.022449
3677.729258,0.022449
3675.109170,0.022449
3672.489083,0.020408
3669.868996,0.020408
3667.248908,0.022449
3664.628821,0.022449
3662.008734,0.022449
3659.388646,0.022449
3656.768559,0.022449
3654.148472,0.022449
3651.528384,0.022449
3648.908297,0.022449
3646.288210,0.022449
3643.668122,0.022449
3641.048035,0.022449
3638.427948,0.022449
3635.807860,0.022449
3633.187773,0.022449
3630.567686,0.022449
3627.947598,0.022449
3625.327511,0.020408
3622.707424,0.022449
3620.087336,0.022449
3617.467249,0.022449
3614.847162,0.022449
3612.227074,0.022449
3609.606987,0.022449
3606.986900,0.022449
3604.366812,0.022449
3601.746725,0.022449
3599.126638,0.022449
3596.506550,0.022449
3593.886463,0.022449
3591.266376,0.022449
3588.646288,0.022449
3586.026201,0.022449
3583.406114,0.022449
3580.786026,0.022449
3578.165939,0.022449
3575.545852,0.022449
3572.925764,0.022449
3570.305677,0.022449
3567.685590,0.022449
3565.065502,0.022449
3562.445415,0.022449
3559.825328,0.022449
3557.205240,0.022449
3554.585153,0.022449
3551.965066,0.022449
3549.344978,0.022449
3546.724891,0.022449
3544.104803,0.022449
3541.484716,0.022449
3538.864629,0.022449
3536.244541,0.024490
3533.624454,0.022449
3531.004367,0.022449
3528.384279,0.024490
3525.764192,0.024490
3523.144105,0.022449
3520.524017,0.022449
3517.903930,0.022449
3515.283843,0.022449
3512.663755,0.022449
3510.043668,0.022449
3507.423581,0.022449
3504.803493,0.022449
3502.183406,0.022449
3499.563319,0.022449
3496.943231,0.022449
3494.323144,0.024490
3491.703057,0.024490
3489.082969,0.024490
3486.462882,0.024490
3483.842795,0.024490
3481.222707,0.024490
3478.602620,0.024490
3475.982533,0.024490
3473.362445,0.024490
3470.742358,0.024490
3468.122271,0.024490
3465.502183,0.024490
3462.882096,0.024490
3460.262009,0.024490
3457.641921,0.024490
3455.021834,0.024490
3452.401747,0.026531
3449.781659,0.026531
3447.161572,0.026531
3444.541485,0.026531
3441.921397,0.026531
3439.301310,0.026531
3436.681223,0.026531
3434.061135,0.026531
3431.441048,0.026531
3428.820961,0.026531
3426.200873,0.026531
3423.580786,0.026531
3420.960699,0.026531
3418.340611,0.026531
3415.720524,0.026531
3413.100437,0.026531
3410.480349,0.026531
3407.860262,0.026531
3405.240175,0.026531
3402.620087,0.026531
3400.000000,0.026531
3397.379913,0.026531
3394.759825,0.026531
3392.139738,0.026531
3389.519651,0.026531
3386.899563,0.026531
3384.279476,0.028571
3381.659389,0.028571
3379.039301,0.028571
3376.419214,0.028571
3373.799127,0.028571
3371.179039,0.028571
3368.558952,0.028571
3365.938865,0.026531
3363.318777,0.028571
3360.698690,0.026531
3358.078603,0.028571
3355.458515,0.028571
3352.838428,0.028571
3350.218341,0.028571
3347.598253,0.028571
3344.978166,0.028571
3342.358079,0.028571
3339.737991,0.028571
3337.117904,0.026531
3334.497817,0.026531
3331.877729,0.026531
3329.257642,0.026531
3326.637555,0.026531
3324.017467,0.026531
3321.397380,0.026531
3318.777293,0.026531
3316.157205,0.026531
3313.537118,0.026531
3310.917031,0.026531
3308.296943,0.026531
3305.676856,0.026531
3303.056769,0.026531
3300.436681,0.026531
3297.816594,0.026531
3295.196507,0.026531
3292.576419,0.026531
3289.956332,0.026531
3287.336245,0.026531
3284.716157,0.026531
3282.096070,0.026531
3279.475983,0.026531
3276.855895,0.026531
3274.235808,0.026531
3271.615721,0.026531
3268.995633,0.026531
3266.375546,0.026531
3263.755459,0.026531
3261.135371,0.028571
3258.515284,0.028571
3255.895197,0.028571
3253.275109,0.028571
3250.655022,0.028571
3248.034934,0.028571
3245.414847,0.028571
3242.794760,0.028571
3240.174672,0.028571
3237.554585,0.028571
3234.934498,0.028571
3232.314410,0.028571
3229.694323,0.028571
3227.074236,0.028571
3224.454148,0.028571
3221.834061,0.028571
3219.213974,0.028571
3216.593886,0.028571
3213.973799,0.028571
3211.353712,0.028571
3208.733624,0.028571
3206.113537,0.028571
3203.493450,0.028571
3200.873362,0.030612
3198.253275,0.030612
3195.633188,0.030612
3193.013100,0.030612
3190.393013,0.030612
3187.772926,0.030612
3185.152838,0.030612
3182.532751,0.030612
3179.912664,0.030612
3177.292576,0.030612
3174.672489,0.030612
3172.052402,0.030612
3169.432314,0.030612
3166.812227,0.030612
3164.192140,0.030612
3161.572052,0.030612
3158.951965,0.030612
3156.331878,0.030612
3153.711790,0.032653
3151.091703,0.032653
3148.471616,0.032653
3145.851528,0.032653
3143.231441,0.032653
3140.611354,0.032653
3137.991266,0.032653
3135.371179,0.032653
3132.751092,0.032653
3130.131004,0.032653
3127.510917,0.032653
3124.890830,0.034694
3122.270742,0.034694
3119.650655,0.034694
3117.030568,0.034694
3114.410480,0.034694
3111.790393,0.034694
3109.170306,0.034694
3106.550218,0.034694
3103.930131,0.034694
3101.310044,0.034694
3098.689956,0.034694
3096.069869,0.034694
3093.449782,0.034694
3090.829694,0.034694
3088.209607,0.034694
3085.589520,0.034694
3082.969432,0.034694
3080.349345,0.034694
3077.729258,0.036735
3075.109170,0.036735
3072.489083,0.036735
3069.868996,0.034694
3067.248908,0.036735
3064.628821,0.036735
3062.008734,0.036735
3059.388646,0.036735
3056.768559,0.036735
3054.148472,0.036735
3051.528384,0.036735
3048.908297,0.036735
3046.288210,0.036735
3043.668122,0.036735
3041.048035,0.036735
3038.427948,0.036735
3035.807860,0.036735
3033.187773,0.036735
3030.567686,0.036735
3027.947598,0.036735
3025.327511,0.038776
3022.707424,0.038776
3020.087336,0.038776
3017.467249,0.038776
3014.847162,0.040816
3012.227074,0.040816
3009.606987,0.040816
3006.986900,0.042857
3004.366812,0.042857
3001.746725,0.044898
2999.126638,0.046939
2996.506550,0.048980
2993.886463,0.053061
2991.266376,0.057143
2988.646288,0.063265
2986.026201,0.073469
2983.406114,0.087755
2980.786026,0.106122
2978.165939,0.132653
2975.545852,0.169388
2972.925764,0.206122
2970.305677,0.232653
2967.685590,0.251020
2965.065502,0.261224
2962.445415,0.267347
2959.825328,0.269388
2957.205240,0.269388
2954.585153,0.261224
2951.965066,0.240816
2949.344978,0.220408
2946.724891,0.228571
2944.104803,0.263265
2941.484716,0.320408
2938.864629,0.397959
2936.244541,0.495918
2933.624454,0.618367
2931.004367,0.734694
2928.384279,0.826531
2925.764192,0.859184
2923.144105,0.859184
2920.524017,0.853061
2917.903930,0.791837
2915.283843,0.689796
2912.663755,0.577551
2910.043668,0.487755
2907.423581,0.418367
2904.803493,0.365306
2902.183406,0.332653
2899.563319,0.308163
2896.943231,0.287755
2894.323144,0.269388
2891.703057,0.251020
2889.082969,0.234694
2886.462882,0.218367
2883.842795,0.208163
2881.222707,0.204082
2878.602620,0.210204
2875.982533,0.218367
2873.362445,0.228571
2870.742358,0.240816
2868.122271,0.263265
2865.502183,0.295918
2862.882096,0.338776
2860.262009,0.381633
2857.641921,0.397959
2855.021834,0.397959
2852.401747,0.395918
2849.781659,0.371429
2847.161572,0.326531
2844.541485,0.271429
2841.921397,0.216327
2839.301310,0.167347
2836.681223,0.126531
2834.061135,0.100000
2831.441048,0.081633
2828.820961,0.071429
2826.200873,0.063265
2823.580786,0.057143
2820.960699,0.053061
2818.340611,0.051020
2815.720524,0.048980
2813.100437,0.048980
2810.480349,0.046939
2807.860262,0.046939
2805.240175,0.046939
2802.620087,0.046939
2800.000000,0.048980
2797.379913,0.051020
2794.759825,0.051020
2792.139738,0.053061
2789.519651,0.053061
2786.899563,0.053061
2784.279476,0.053061
2781.659389,0.051020
2779.039301,0.046939
2776.419214,0.042857
2773.799127,0.040816
2771.179039,0.036735
2768.558952,0.034694
2765.938865,0.034694
2763.318777,0.032653
2760.698690,0.032653
2758.078603,0.032653
2755.458515,0.030612
2752.838428,0.030612
2750.218341,0.030612
2747.598253,0.028571
2744.978166,0.028571
2742.358079,0.028571
2739.737991,0.028571
2737.117904,0.026531
2734.497817,0.026531
2731.877729,0.026531
2729.257642,0.024490
2726.637555,0.024490
2724.017467,0.024490
2721.397380,0.024490
2718.777293,0.024490
2716.157205,0.024490
2713.537118,0.022449
2710.917031,0.022449
2708.296943,0.022449
2705.676856,0.022449
2703.056769,0.022449
2700.436681,0.022449
2697.816594,0.022449
2695.196507,0.022449
2692.576419,0.022449
2689.956332,0.022449
2687.336245,0.022449
2684.716157,0.022449
2682.096070,0.022449
2679.475983,0.020408
2676.855895,0.022449
2674.235808,0.020408
2671.615721,0.020408
2668.995633,0.020408
2666.375546,0.022449
2663.755459,0.022449
2661.135371,0.020408
2658.515284,0.022449
2655.895197,0.022449
2653.275109,0.020408
2650.655022,0.020408
2648.034934,0.020408
2645.414847,0.020408
2642.794760,0.020408
2640.174672,0.018367
2637.554585,0.018367
2634.934498,0.018367
2632.314410,0.018367
2629.694323,0.018367
2627.074236,0.016327
2624.454148,0.018367
2621.834061,0.018367
2619.213974,0.016327
2616.593886,0.016327
2613.973799,0.016327
2611.353712,0.016327
2608.733624,0.016327
2606.113537,0.016327
2603.493450,0.016327
2600.873362,0.016327
2598.253275,0.016327
2595.633188,0.016327
2593.013100,0.016327
2590.393013,0.014286
2587.772926,0.014286
2585.152838,0.014286
2582.532751,0.014286
2579.912664,0.014286
2577.292576,0.012245
2574.672489,0.014286
2572.052402,0.012245
2569.432314,0.012245
2566.812227,0.012245
2564.192140,0.012245
2561.572052,0.012245
2558.951965,0.012245
2556.331878,0.012245
2553.711790,0.012245
2551.091703,0.012245
2548.471616,0.012245
2545.851528,0.012245
2543.231441,0.012245
2540.611354,0.012245
2537.991266,0.012245
2535.371179,0.012245
2532.751092,0.012245
2530.131004,0.012245
2527.510917,0.012245
2524.890830,0.012245
2522.270742,0.012245
2519.650655,0.012245
2517.030568,0.012245
2514.410480,0.010204
2511.790393,0.012245
2509.170306,0.012245
2506.550218,0.012245
2503.930131,0.012245
2501.310044,0.012245
2498.689956,0.014286
2496.069869,0.014286
2493.449782,0.014286
2490.829694,0.014286
2488.209607,0.014286
2485.589520,0.014286
2482.969432,0.012245
2480.349345,0.012245
2477.729258,0.012245
2475.109170,0.012245
2472.489083,0.012245
2469.868996,0.012245
2467.248908,0.010204
2464.628821,0.010204
2462.008734,0.010204
2459.388646,0.010204
2456.768559,0.012245
2454.148472,0.012245
2451.528384,0.010204
2448.908297,0.010204
2446.288210,0.010204
2443.668122,0.010204
2441.048035,0.010204
2438.427948,0.010204
2435.807860,0.010204
2433.187773,0.010204
2430.567686,0.010204
2427.947598,0.010204
2425.327511,0.010204
2422.707424,0.010204
2420.087336,0.010204
2417.467249,0.010204
2414.847162,0.010204
2412.227074,0.010204
2409.606987,0.010204
2406.986900,0.010204
2404.366812,0.010204
2401.746725,0.010204
2399.126638,0.010204
2396.506550,0.010204
2393.886463,0.010204
2391.266376,0.010204
2388.646288,0.010204
2386.026201,0.010204
2383.406114,0.010204
2380.786026,0.010204
2378.165939,0.010204
2375.545852,0.010204
2372.925764,0.010204
2370.305677,0.010204
2367.685590,0.010204
2365.065502,0.010204
2362.445415,0.010204
2359.825328,0.010204
2357.205240,0.010204
2354.585153,0.010204
2351.965066,0.010204
2349.344978,0.010204
2346.724891,0.010204
2344.104803,0.010204
2341.484716,0.010204
2338.864629,0.010204
2336.244541,0.010204
2333.624454,0.010204
2331.004367,0.010204
2328.384279,0.010204
2325.764192,0.010204
2323.144105,0.010204
2320.524017,0.010204
2317.903930,0.010204
2315.283843,0.010204
2312.663755,0.010204
2310.043668,0.010204
2307.423581,0.010204
2304.803493,0.010204
2302.183406,0.010204
2299.563319,0.010204
2296.943231,0.010204
2294.323144,0.010204
2291.703057,0.010204
2289.082969,0.010204
2286.462882,0.010204
2283.842795,0.010204
2281.222707,0.010204
2278.602620,0.010204
2275.982533,0.010204
2273.362445,0.010204
2270.742358,0.010204
2268.122271,0.010204
2265.502183,0.010204
2262.882096,0.010204
2260.262009,0.010204
2257.641921,0.010204
2255.021834,0.010204
2252.401747,0.010204
2249.781659,0.010204
2247.161572,0.010204
2244.541485,0.010204
2241.921397,0.010204
2239.301310,0.010204
2236.681223,0.010204
2234.061135,0.010204
2231.441048,0.010204
2228.820961,0.010204
2226.200873,0.010204
2223.580786,0.010204
2220.960699,0.010204
2218.340611,0.010204
2215.720524,0.010204
2213.100437,0.010204
2210.480349,0.010204
2207.860262,0.010204
2205.240175,0.010204
2202.620087,0.010204
2200.000000,0.010204
2197.379913,0.010204
2194.759825,0.010204
2192.139738,0.010204
2189.519651,0.010204
2186.899563,0.010204
2184.279476,0.010204
2181.659389,0.010204
2179.039301,0.010204
2176.419214,0.008163
2173.799127,0.008163
2171.179039,0.008163
2168.558952,0.010204
2165.938865,0.010204
2163.318777,0.010204
2160.698690,0.010204
2158.078603,0.010204
2155.458515,0.010204
2152.838428,0.010204
2150.218341,0.008163
2147.598253,0.010204
2144.978166,0.010204
2142.358079,0.010204
2139.737991,0.010204
2137.117904,0.010204
2134.497817,0.010204
2131.877729,0.010204
2129.257642,0.010204
2126.637555,0.010204
2124.017467,0.010204
2121.397380,0.010204
2118.777293,0.010204
2116.157205,0.010204
2113.537118,0.010204
2110.917031,0.010204
2108.296943,0.010204
2105.676856,0.010204
2103.056769,0.010204
2100.436681,0.010204
2097.816594,0.010204
2095.196507,0.010204
2092.576419,0.010204
2089.956332,0.010204
2087.336245,0.010204
2084.716157,0.010204
2082.096070,0.010204
2079.475983,0.010204
2076.855895,0.010204
2074.235808,0.010204
2071.615721,0.010204
2068.995633,0.012245
2066.375546,0.012245
2063.755459,0.012245
2061.135371,0.012245
2058.515284,0.012245
2055.895197,0.012245
2053.275109,0.012245
2050.655022,0.012245
2048.034934,0.012245
2045.414847,0.012245
2042.794760,0.012245
2040.174672,0.012245
2037.554585,0.012245
2034.934498,0.012245
2032.314410,0.010204
2029.694323,0.010204
2027.074236,0.010204
2024.454148,0.010204
2021.834061,0.010204
2019.213974,0.010204
2016.593886,0.010204
2013.973799,0.010204
2011.353712,0.010204
2008.733624,0.010204
2006.113537,0.010204
2003.493450,0.010204
2000.873362,0.010204
1998.253275,0.010204
1995.633188,0.010204
1993.013100,0.008163
1990.393013,0.008163
1987.772926,0.008163
1985.152838,0.008163
1982.532751,0.008163
1979.912664,0.008163
1977.292576,0.010204
1974.672489,0.010204
1972.052402,0.010204
1969.432314,0.010204
1966.812227,0.010204
1964.192140,0.012245
1961.572052,0.012245
1958.951965,0.012245
1956.331878,0.012245
1953.711790,0.012245
1951.091703,0.012245
1948.471616,0.012245
1945.851528,0.012245
1943.231441,0.012245
1940.611354,0.012245
1937.991266,0.010204
1935.371179,0.010204
1932.751092,0.010204
1930.131004,0.010204
1927.510917,0.010204
1924.890830,0.010204
1922.270742,0.010204
1919.650655,0.008163
1917.030568,0.008163
1914.410480,0.008163
1911.790393,0.008163
1909.170306,0.010204
1906.550218,0.010204
1903.930131,0.010204
1901.310044,0.012245
1898.689956,0.012245
1896.069869,0.014286
1893.449782,0.014286
1890.829694,0.012245
1888.209607,0.012245
1885.589520,0.010204
1882.969432,0.008163
1880.349345,0.008163
1877.729258,0.008163
1875.109170,0.008163
1872.489083,0.006122
1869.868996,0.006122
1867.248908,0.006122
1864.628821,0.006122
1862.008734,0.006122
1859.388646,0.006122
1856.768559,0.006122
1854.148472,0.006122
1851.528384,0.006122
1848.908297,0.006122
1846.288210,0.006122
1843.668122,0.004082
1841.048035,0.006122
1838.427948,0.006122
1835.807860,0.006122
1833.187773,0.006122
1830.567686,0.006122
1827.947598,0.004082
1825.327511,0.004082
1822.707424,0.006122
1820.087336,0.006122
1817.467249,0.006122
1814.847162,0.004082
1812.227074,0.004082
1809.606987,0.004082
1806.986900,0.004082
1804.366812,0.004082
1801.746725,0.004082
1799.126638,0.004082
1796.506550,0.004082
1793.886463,0.004082
1791.266376,0.004082
1788.646288,0.004082
1786.026201,0.004082
1783.406114,0.004082
1780.786026,0.004082
1778.165939,0.004082
1775.545852,0.004082
1772.925764,0.004082
1770.305677,0.004082
1767.685590,0.004082
1765.065502,0.004082
1762.445415,0.004082
1759.825328,0.004082
1757.205240,0.004082
1754.585153,0.004082
1751.965066,0.004082
1749.344978,0.004082
1746.724891,0.004082
1744.104803,0.006122
1741.484716,0.004082
1738.864629,0.004082
1736.244541,0.004082
1733.624454,0.004082
1731.004367,0.004082
1728.384279,0.006122
1725.764192,0.006122
1723.144105,0.006122
1720.524017,0.006122
1717.903930,0.004082
1715.283843,0.004082
1712.663755,0.006122
1710.043668,0.006122
1707.423581,0.006122
1704.803493,0.004082
1702.183406,0.004082
1699.563319,0.004082
1696.943231,0.002041
1694.323144,0.004082
1691.703057,0.006122
1689.082969,0.006122
1686.462882,0.006122
1683.842795,0.004082
1681.222707,0.006122
1678.602620,0.006122
1675.982533,0.006122
1673.362445,0.006122
1670.742358,0.006122
1668.122271,0.006122
1665.502183,0.008163
1662.882096,0.008163
1660.262009,0.008163
1657.641921,0.008163
1655.021834,0.008163
1652.401747,0.006122
1649.781659,0.008163
1647.161572,0.008163
1644.541485,0.010204
1641.921397,0.010204
1639.301310,0.010204
1636.681223,0.010204
1634.061135,0.008163
1631.441048,0.010204
1628.820961,0.010204
1626.200873,0.008163
1623.580786,0.008163
1620.960699,0.008163
1618.340611,0.008163
1615.720524,0.006122
1613.100437,0.008163
1610.480349,0.008163
1607.860262,0.008163
1605.240175,0.008163
1602.620087,0.008163
1600.000000,0.008163
1597.379913,0.008163
1594.759825,0.008163
1592.139738,0.008163
1589.519651,0.008163
1586.899563,0.008163
1584.279476,0.008163
1581.659389,0.008163
1579.039301,0.008163
1576.419214,0.008163
1573.799127,0.008163
1571.179039,0.008163
1568.558952,0.008163
1565.938865,0.008163
1563.318777,0.008163
1560.698690,0.008163
1558.078603,0.006122
1555.458515,0.006122
1552.838428,0.008163
1550.218341,0.010204
1547.598253,0.010204
1544.978166,0.010204
1542.358079,0.008163
1539.737991,0.006122
1537.117904,0.008163
1534.497817,0.010204
1531.877729,0.010204
1529.257642,0.010204
1526.637555,0.010204
1524.017467,0.010204
1521.397380,0.008163
1518.777293,0.010204
1516.157205,0.010204
1513.537118,0.012245
1510.917031,0.012245
1508.296943,0.012245
1505.676856,0.010204
1503.056769,0.014286
1500.436681,0.014286
1497.816594,0.014286
1495.196507,0.016327
1492.576419,0.016327
1489.956332,0.016327
1487.336245,0.016327
1484.716157,0.018367
1482.096070,0.020408
1479.475983,0.020408
1476.855895,0.022449
1474.235808,0.028571
1471.615721,0.044898
1468.995633,0.071429
1466.375546,0.095918
1463.755459,0.106122
1461.135371,0.106122
1458.515284,0.106122
1455.895197,0.100000
1453.275109,0.091837
1450.655022,0.085714
1448.034934,0.081633
1445.414847,0.077551
1442.794760,0.069388
1440.174672,0.063265
1437.554585,0.059184
1434.934498,0.053061
1432.314410,0.051020
1429.694323,0.057143
1427.074236,0.063265
1424.454148,0.071429
1421.834061,0.079592
1419.213974,0.093878
1416.593886,0.114286
1413.973799,0.140816
1411.353712,0.163265
1408.733624,0.169388
1406.113537,0.169388
1403.493450,0.165306
1400.873362,0.144898
1398.253275,0.120408
1395.633188,0.100000
1393.013100,0.083673
1390.393013,0.071429
1387.772926,0.061224
1385.152838,0.053061
1382.532751,0.046939
1379.912664,0.042857
1377.292576,0.036735
1374.672489,0.034694
1372.052402,0.036735
1369.432314,0.038776
1366.812227,0.040816
1364.192140,0.040816
1361.572052,0.038776
1358.951965,0.038776
1356.331878,0.042857
1353.711790,0.046939
1351.091703,0.048980
1348.471616,0.053061
1345.851528,0.055102
1343.231441,0.055102
1340.611354,0.055102
1337.991266,0.051020
1335.371179,0.044898
1332.751092,0.038776
1330.131004,0.032653
1327.510917,0.028571
1324.890830,0.026531
1322.270742,0.028571
1319.650655,0.028571
1317.030568,0.032653
1314.410480,0.034694
1311.790393,0.036735
1309.170306,0.036735
1306.550218,0.038776
1303.930131,0.040816
1301.310044,0.040816
1298.689956,0.040816
1296.069869,0.040816
1293.449782,0.040816
1290.829694,0.042857
1288.209607,0.042857
1285.589520,0.044898
1282.969432,0.044898
1280.349345,0.048980
1277.729258,0.055102
1275.109170,0.065306
1272.489083,0.085714
1269.868996,0.120408
1267.248908,0.191837
1264.628821,0.336735
1262.008734,0.575510
1259.388646,0.795918
1256.768559,0.934694
1254.148472,0.934694
1251.528384,0.928571
1248.908297,0.722449
1246.288210,0.424490
1243.668122,0.244898
1241.048035,0.146939
1238.427948,0.100000
1235.807860,0.073469
1233.187773,0.055102
1230.567686,0.044898
1227.947598,0.038776
1225.327511,0.034694
1222.707424,0.030612
1220.087336,0.026531
1217.467249,0.024490
1214.847162,0.024490
1212.227074,0.026531
1209.606987,0.032653
1206.986900,0.042857
1204.366812,0.053061
1201.746725,0.065306
1199.126638,0.075510
1196.506550,0.085714
1193.886463,0.095918
1191.266376,0.100000
1188.646288,0.100000
1186.026201,0.095918
1183.406114,0.081633
1180.786026,0.063265
1178.165939,0.048980
1175.545852,0.040816
1172.925764,0.034694
1170.305677,0.034694
1167.685590,0.040816
1165.065502,0.055102
1162.445415,0.069388
1159.825328,0.075510
1157.205240,0.075510
1154.585153,0.073469
1151.965066,0.069388
1149.344978,0.065306
1146.724891,0.063265
1144.104803,0.057143
1141.484716,0.053061
1138.864629,0.048980
1136.244541,0.044898
1133.624454,0.042857
1131.004367,0.042857
1128.384279,0.042857
1125.764192,0.040816
1123.144105,0.038776
1120.524017,0.038776
1117.903930,0.038776
1115.283843,0.040816
1112.663755,0.042857
1110.043668,0.046939
1107.423581,0.048980
1104.803493,0.051020
1102.183406,0.055102
1099.563319,0.059184
1096.943231,0.063265
1094.323144,0.069388
1091.703057,0.075510
1089.082969,0.079592
1086.462882,0.083673
1083.842795,0.085714
1081.222707,0.087755
1078.602620,0.085714
1075.982533,0.085714
1073.362445,0.087755
1070.742358,0.087755
1068.122271,0.089796
1065.502183,0.091837
1062.882096,0.093878
1060.262009,0.095918
1057.641921,0.095918
1055.021834,0.095918
1052.401747,0.095918
1049.781659,0.095918
1047.161572,0.095918
1044.541485,0.095918
1041.921397,0.095918
1039.301310,0.095918
1036.681223,0.093878
1034.061135,0.089796
1031.441048,0.085714
1028.820961,0.081633
1026.200873,0.079592
1023.580786,0.077551
1020.960699,0.075510
1018.340611,0.073469
1015.720524,0.073469
1013.100437,0.073469
1010.480349,0.071429
1007.860262,0.069388
1005.240175,0.067347
1002.620087,0.061224
1000.000000,0.055102
997.379913,0.051020
994.759825,0.048980
992.139738,0.048980
989.519651,0.048980
986.899563,0.048980
984.279476,0.046939
981.659389,0.042857
979.039301,0.040816
976.419214,0.046939
973.799127,0.053061
971.179039,0.059184
968.558952,0.061224
965.938865,0.063265
963.318777,0.063265
960.698690,0.061224
958.078603,0.057143
955.458515,0.051020
952.838428,0.048980
950.218341,0.051020
947.598253,0.053061
944.978166,0.055102
942.358079,0.057143
939.737991,0.061224
937.117904,0.067347
934.497817,0.075510
931.877729,0.083673
929.257642,0.087755
926.637555,0.093878
924.017467,0.097959
921.397380,0.104082
918.777293,0.112245
916.157205,0.120408
913.537118,0.128571
910.917031,0.136735
908.296943,0.153061
905.676856,0.173469
903.056769,0.181633
900.436681,0.181633
897.816594,0.177551
895.196507,0.148980
892.576419,0.122449
889.956332,0.112245
887.336245,0.126531
884.716157,0.148980
882.096070,0.177551
879.475983,0.206122
876.855895,0.230612
874.235808,0.246939
871.615721,0.265306
868.995633,0.302041
866.375546,0.357143
863.755459,0.446939
861.135371,0.577551
858.515284,0.734694
855.895197,0.885714
853.275109,0.983673
850.655022,1.000000
848.034934,0.997959
845.414847,0.979592
842.794760,0.895918
840.174672,0.781633
837.554585,0.685714
834.934498,0.606122
832.314410,0.536735
829.694323,0.518367
827.074236,0.579592
824.454148,0.659184
821.834061,0.746939
819.213974,0.822449
816.593886,0.861224
813.973799,0.883673
811.353712,0.885714
808.733624,0.885714
806.113537,0.871429
803.493450,0.840816
800.873362,0.781633
798.253275,0.714286
795.633188,0.712245
793.013100,0.736735
790.393013,0.738776
787.772926,0.732653
785.152838,0.681633
782.532751,0.602041
779.912664,0.532653
777.292576,0.461224
774.672489,0.369388
772.052402,0.287755
769.432314,0.234694
766.812227,0.197959
764.192140,0.167347
761.572052,0.142857
758.951965,0.132653
756.331878,0.134694
753.711790,0.134694
751.091703,0.132653
748.471616,0.122449
745.851528,0.112245
743.231441,0.102041
740.611354,0.093878
737.991266,0.085714
735.371179,0.079592
732.751092,0.081633
730.131004,0.087755
727.510917,0.093878
724.890830,0.104082
722.270742,0.122449
719.650655,0.146939
717.030568,0.169388
714.410480,0.175510
711.790393,0.175510
709.170306,0.175510
706.550218,0.167347
703.930131,0.155102
701.310044,0.144898
698.689956,0.134694
696.069869,0.124490
693.449782,0.112245
690.829694,0.093878
688.209607,0.077551
685.589520,0.067347
682.969432,0.067347
680.349345,0.077551
677.729258,0.093878
675.109170,0.118367
672.489083,0.136735
669.868996,0.148980
667.248908,0.151020
664.628821,0.151020
662.008734,0.148980
659.388646,0.138776
656.768559,0.120408
654.148472,0.102041
651.528384,0.120408
648.908297,0.167347
646.288210,0.208163
643.668122,0.216327
641.048035,0.216327
638.427948,0.200000
635.807860,0.142857
633.187773,0.089796
630.567686,0.059184
627.947598,0.046939
625.327511,0.053061
622.707424,0.065306
620.087336,0.079592
617.467249,0.085714
614.847162,0.087755
612.227074,0.087755
609.606987,0.083673
606.986900,0.069388
604.366812,0.048980
601.746725,0.034694
599.126638,0.028571
596.506550,0.026531
593.886463,0.024490
591.266376,0.024490
588.646288,0.022449
586.026201,0.020408
583.406114,0.016327
580.786026,0.014286
578.165939,0.012245
575.545852,0.010204
572.925764,0.008163
570.305677,0.006122
567.685590,0.004082
565.065502,0.004082
562.445415,0.004082
559.825328,0.004082
557.205240,0.002041
554.585153,0.002041
551.965066,0.002041
549.344978,0.002041
546.724891,0.002041
544.104803,0.002041
541.484716,0.002041
538.864629,0.002041
536.244541,0.002041
533.624454,0.002041
531.004367,0.002041
528.384279,0.002041
525.764192,0.002041
523.144105,0.002041
520.524017,0.002041
517.903930,0.002041
515.283843,0.002041
512.663755,0.002041
510.043668,0.002041
507.423581,0.002041
504.803493,0.002041
502.183406,0.002041
499.563319,0.002041
496.943231,0.002041
494.323144,0.002041
491.703057,0.002041
489.082969,0.002041
486.462882,0.002041
483.842795,0.002041
481.222707,0.002041
478.602620,0.002041
475.982533,0.002041
473.362445,0.002041
470.742358,0.002041
468.122271,0.002041
465.502183,0.002041
462.882096,0.002041
460.262009,0.002041
457.641921,0.002041
455.021834,0.002041
452.401747,0.002041
449.781659,0.002041
447.161572,nan
444.541485,nan
441.921397,nan
439.301310,nan
436.681223,nan
434.061135,nan
431.441048,nan
428.820961,nan
426.200873,nan
423.580786,nan
420.960699,nan
418.340611,nan
415.720524,nan
413.100437,nan
410.480349,nan
407.860262,nan
405.240175,nan
402.620087,nan
400.000000,nan
