4000.000000,0.018367
3997.379913,0.020408
3994.759825,0.020408
3992.139738,0.020408
3989.519651,0.020408
3986.899563,0.020408
3984.279476,0.020408
3981.659389,0.020408
3979.039301,0.020408
3976.419214,0.020408
3973.799127,0.020408
3971.179039,0.020408
3968.558952,0.018367
3965.938865,0.018367
3963.318777,0.018367
3960.698690,0.018367
3958.078603,0.018367
3955.458515,0.018367
3952.838428,0.018367
3950.218341,0.018367
3947.598253,0.016327
3944.978166,0.016327
3942.358079,0.016327
3939.737991,0.016327
3937.117904,0.016327
3934.497817,0.016327
3931.877729,0.016327
3929.257642,0.016327
3926.637555,0.016327
3924.017467,0.016327
3921.397380,0.016327
3918.777293,0.014286
3916.157205,0.014286
3913.537118,0.014286
3910.917031,0.014286
3908.296943,0.014286
3905.676856,0.014286
3903.056769,0.014286
3900.436681,0.012245
3897.816594,0.012245
3895.196507,0.012245
3892.576419,0.012245
3889.956332,0.012245
3887.336245,0.012245
3884.716157,0.012245
3882.096070,0.012245
3879.475983,0.012245
3876.855895,0.012245
3874.235808,0.012245
3871.615721,0.012245
3868.995633,0.012245
3866.375546,0.012245
3863.755459,0.012245
3861.135371,0.012245
3858.515284,0.012245
3855.895197,0.012245
3853.275109,0.012245
3850.655022,0.010204
3848.034934,0.010204
3845.414847,0.012245
3842.794760,0.012245
3840.174672,0.012245
3837.554585,0.012245
3834.934498,0.012245
3832.314410,0.010204
3829.694323,0.012245
3827.074236,0.012245
3824.454148,0.012245
3821.834061,0.012245
3819.213974,0.012245
3816.593886,0.012245
3813.973799,0.012245
3811.353712,0.012245
3808.733624,0.012245
3806.113537,0.012245
3803.493450,0.012245
3800.873362,0.012245
3798.253275,0.012245
3795.633188,0.010204
3793.013100,0.012245
3790.393013,0.012245
3787.772926,0.014286
3785.152838,0.014286
3782.532751,0.014286
3779.912664,0.014286
3777.292576,0.014286
3774.672489,0.014286
3772.052402,0.014286
3769.432314,0.014286
3766.812227,0.012245
3764.192140,0.012245
3761.572052,0.012245
3758.951965,0.012245
3756.331878,0.012245
3753.711790,0.012245
3751.091703,0.012245
3748.471616,0.010204
3745.851528,0.010204
3743.231441,0.010204
3740.611354,0.010204
3737.991266,0.010204
3735.371179,0.012245
3732.751092,0.012245
3730.131004,0.010204
3727.510917,0.012245
3724.890830,0.012245
3722.270742,0.012245
3719.650655,0.012245
3717.030568,0.012245
3714.410480,0.012245
3711.790393,0.012245
3709.170306,0.012245
3706.550218,0.012245
3703.930131,0.012245
3701.310044,0.012245
3698.689956,0.012245
3696.069869,0.012245
3693.449782,0.014286
3690.829694,0.014286
3688.209607,0.014286
3685.589520,0.012245
3682.969432,0.012245
3680.349345,0.014286
3677.729258,0.014286
3675.109170,0.014286
3672.489083,0.012245
3669.868996,0.012245
3667.248908,0.012245
3664.628821,0.014286
3662.008734,0.014286
3659.388646,0.016327
3656.768559,0.016327
3654.148472,0.016327
3651.528384,0.016327
3648.908297,0.016327
3646.288210,0.016327
3643.668122,0.016327
3641.048035,0.018367
3638.427948,0.020408
3635.807860,0.020408
3633.187773,0.020408
3630.567686,0.022449
3627.947598,0.022449
3625.327511,0.020408
3622.707424,0.022449
3620.087336,0.024490
3617.467249,0.024490
3614.847162,0.026531
3612.227074,0.028571
3609.606987,0.028571
3606.986900,0.028571
3604.366812,0.030612
3601.746725,0.034694
3599.126638,0.036735
3596.506550,0.038776
3593.886463,0.038776
3591.266376,0.040816
3588.646288,0.042857
3586.026201,0.044898
3583.406114,0.046939
3580.786026,0.051020
3578.165939,0.053061
3575.545852,0.057143
3572.925764,0.061224
3570.305677,0.063265
3567.685590,0.067347
3565.065502,0.069388
3562.445415,0.073469
3559.825328,0.077551
3557.205240,0.081633
3554.585153,0.087755
3551.965066,0.091837
3549.344978,0.095918
3546.724891,0.102041
3544.104803,0.106122
3541.484716,0.112245
3538.864629,0.118367
3536.244541,0.126531
3533.624454,0.132653
3531.004367,0.138776
3528.384279,0.146939
3525.764192,0.153061
3523.144105,0.161224
3520.524017,0.169388
3517.903930,0.177551
3515.283843,0.185714
3512.663755,0.193878
3510.043668,0.202041
3507.423581,0.212245
3504.803493,0.220408
3502.183406,0.230612
3499.563319,0.240816
3496.943231,0.248980
3494.323144,0.259184
3491.703057,0.269388
3489.082969,0.279592
3486.462882,0.289796
3483.842795,0.297959
3481.222707,0.310204
3478.602620,0.318367
3475.982533,0.328571
3473.362445,0.340816
3470.742358,0.351020
3468.122271,0.361224
3465.502183,0.371429
3462.882096,0.381633
3460.262009,0.391837
3457.641921,0.400000
3455.021834,0.410204
3452.401747,0.420408
3449.781659,0.430612
3447.161572,0.438776
3444.541485,0.448980
3441.921397,0.455102
3439.301310,0.463265
3436.681223,0.471429
3434.061135,0.479592
3431.441048,0.485714
3428.820961,0.491837
3426.200873,0.500000
3423.580786,0.508163
3420.960699,0.512245
3418.340611,0.518367
3415.720524,0.522449
3413.100437,0.528571
3410.480349,0.534694
3407.860262,0.538776
3405.240175,0.544898
3402.620087,0.548980
3400.000000,0.553061
3397.379913,0.557143
3394.759825,0.561224
3392.139738,0.565306
3389.519651,0.569388
3386.899563,0.571429
3384.279476,0.575510
3381.659389,0.579592
3379.039301,0.583673
3376.419214,0.585714
3373.799127,0.589796
3371.179039,0.591837
3368.558952,0.593878
3365.938865,0.597959
3363.318777,0.600000
3360.698690,0.600000
3358.078603,0.602041
3355.458515,0.602041
3352.838428,0.604082
3350.218341,0.604082
3347.598253,0.602041
3344.978166,0.604082
3342.358079,0.604082
3339.737991,0.604082
3337.117904,0.602041
3334.497817,0.600000
3331.877729,0.597959
3329.257642,0.597959
3326.637555,0.595918
3324.017467,0.593878
3321.397380,0.589796
3318.777293,0.585714
3316.157205,0.581633
3313.537118,0.579592
3310.917031,0.575510
3308.296943,0.571429
3305.676856,0.567347
3303.056769,0.563265
3300.436681,0.559184
3297.816594,0.553061
3295.196507,0.548980
3292.576419,0.544898
3289.956332,0.538776
3287.336245,0.532653
3284.716157,0.526531
3282.096070,0.520408
3279.475983,0.514286
3276.855895,0.508163
3274.235808,0.502041
3271.615721,0.495918
3268.995633,0.489796
3266.375546,0.481633
3263.755459,0.475510
3261.135371,0.469388
3258.515284,0.461224
3255.895197,0.455102
3253.275109,0.446939
3250.655022,0.440816
3248.034934,0.432653
3245.414847,0.424490
3242.794760,0.418367
3240.174672,0.410204
3237.554585,0.404082
3234.934498,0.395918
3232.314410,0.387755
3229.694323,0.379592
3227.074236,0.371429
3224.454148,0.363265
3221.834061,0.357143
3219.213974,0.348980
3216.593886,0.340816
3213.973799,0.332653
3211.353712,0.326531
3208.733624,0.318367
3206.113537,0.310204
3203.493450,0.304082
3200.873362,0.295918
3198.253275,0.289796
3195.633188,0.283673
3193.013100,0.275510
3190.393013,0.269388
3187.772926,0.261224
3185.152838,0.255102
3182.532751,0.248980
3179.912664,0.242857
3177.292576,0.236735
3174.672489,0.232653
3172.052402,0.224490
3169.432314,0.220408
3166.812227,0.214286
3164.192140,0.208163
3161.572052,0.204082
3158.951965,0.197959
3156.331878,0.193878
3153.711790,0.187755
3151.091703,0.183673
3148.471616,0.179592
3145.851528,0.175510
3143.231441,0.171429
3140.611354,0.167347
3137.991266,0.161224
3135.371179,0.157143
3132.751092,0.153061
3130.131004,0.151020
3127.510917,0.146939
3124.890830,0.144898
3122.270742,0.140816
3119.650655,0.138776
3117.030568,0.134694
3114.410480,0.130612
3111.790393,0.128571
3109.170306,0.126531
3106.550218,0.124490
3103.930131,0.122449
3101.310044,0.120408
3098.689956,0.116327
3096.069869,0.114286
3093.449782,0.114286
3090.829694,0.112245
3088.209607,0.110204
3085.589520,0.108163
3082.969432,0.106122
3080.349345,0.104082
3077.729258,0.102041
3075.109170,0.102041
3072.489083,0.100000
3069.868996,0.100000
3067.248908,0.097959
3064.628821,0.095918
3062.008734,0.095918
3059.388646,0.095918
3056.768559,0.093878
3054.148472,0.093878
3051.528384,0.091837
3048.908297,0.091837
3046.288210,0.091837
3043.668122,0.091837
3041.048035,0.091837
3038.427948,0.091837
3035.807860,0.093878
3033.187773,0.093878
3030.567686,0.095918
3027.947598,0.095918
3025.327511,0.097959
3022.707424,0.100000
3020.087336,0.104082
3017.467249,0.106122
3014.847162,0.110204
3012.227074,0.114286
3009.606987,0.120408
3006.986900,0.128571
3004.366812,0.138776
3001.746725,0.153061
2999.126638,0.169388
2996.506550,0.191837
2993.886463,0.222449
2991.266376,0.265306
2988.646288,0.322449
2986.026201,0.400000
2983.406114,0.497959
2980.786026,0.610204
2978.165939,0.726531
2975.545852,0.822449
2972.925764,0.861224
2970.305677,0.865306
2967.685590,0.863265
2965.065502,0.834694
2962.445415,0.753061
2959.825328,0.659184
2957.205240,0.573469
2954.585153,0.500000
2951.965066,0.451020
2949.344978,0.424490
2946.724891,0.426531
2944.104803,0.444898
2941.484716,0.465306
2938.864629,0.485714
2936.244541,0.508163
2933.624454,0.532653
2931.004367,0.551020
2928.384279,0.563265
2925.764192,0.567347
2923.144105,0.567347
2920.524017,0.563265
2917.903930,0.548980
2915.283843,0.526531
2912.663755,0.504082
2910.043668,0.483673
2907.423581,0.471429
2904.803493,0.471429
2902.183406,0.481633
2899.563319,0.495918
2896.943231,0.512245
2894.323144,0.526531
2891.703057,0.542857
2889.082969,0.561224
2886.462882,0.583673
2883.842795,0.610204
2881.222707,0.632653
2878.602620,0.648980
2875.982533,0.657143
2873.362445,0.659184
2870.742358,0.657143
2868.122271,0.646939
2865.502183,0.622449
2862.882096,0.579592
2860.262009,0.530612
2857.641921,0.479592
2855.021834,0.428571
2852.401747,0.385714
2849.781659,0.348980
2847.161572,0.318367
2844.541485,0.291837
2841.921397,0.271429
2839.301310,0.253061
2836.681223,0.238776
2834.061135,0.228571
2831.441048,0.218367
2828.820961,0.208163
2826.200873,0.197959
2823.580786,0.189796
2820.960699,0.181633
2818.340611,0.173469
2815.720524,0.167347
2813.100437,0.161224
2810.480349,0.155102
2807.860262,0.151020
2805.240175,0.144898
2802.620087,0.140816
2800.000000,0.134694
2797.379913,0.128571
2794.759825,0.122449
2792.139738,0.118367
2789.519651,0.112245
2786.899563,0.106122
2784.279476,0.102041
2781.659389,0.097959
2779.039301,0.095918
2776.419214,0.091837
2773.799127,0.089796
2771.179039,0.087755
2768.558952,0.087755
2765.938865,0.087755
2763.318777,0.085714
2760.698690,0.085714
2758.078603,0.085714
2755.458515,0.085714
2752.838428,0.085714
2750.218341,0.085714
2747.598253,0.085714
2744.978166,0.085714
2742.358079,0.085714
2739.737991,0.085714
2737.117904,0.087755
2734.497817,0.087755
2731.877729,0.087755
2729.257642,0.087755
2726.637555,0.087755
2724.017467,0.085714
2721.397380,0.085714
2718.777293,0.083673
2716.157205,0.081633
2713.537118,0.079592
2710.917031,0.077551
2708.296943,0.075510
2705.676856,0.073469
2703.056769,0.071429
2700.436681,0.069388
2697.816594,0.067347
2695.196507,0.065306
2692.576419,0.063265
2689.956332,0.059184
2687.336245,0.057143
2684.716157,0.055102
2682.096070,0.053061
2679.475983,0.051020
2676.855895,0.048980
2674.235808,0.046939
2671.615721,0.044898
2668.995633,0.044898
2666.375546,0.042857
2663.755459,0.042857
2661.135371,0.040816
2658.515284,0.040816
2655.895197,0.040816
2653.275109,0.038776
2650.655022,0.038776
2648.034934,0.038776
2645.414847,0.036735
2642.794760,0.036735
2640.174672,0.036735
2637.554585,0.036735
2634.934498,0.036735
2632.314410,0.036735
2629.694323,0.036735
2627.074236,0.036735
2624.454148,0.036735
2621.834061,0.036735
2619.213974,0.036735
2616.593886,0.034694
2613.973799,0.034694
2611.353712,0.034694
2608.733624,0.032653
2606.113537,0.032653
2603.493450,0.032653
2600.873362,0.032653
2598.253275,0.032653
2595.633188,0.032653
2593.013100,0.030612
2590.393013,0.030612
2587.772926,0.030612
2585.152838,0.030612
2582.532751,0.030612
2579.912664,0.028571
2577.292576,0.028571
2574.672489,0.028571
2572.052402,0.028571
2569.432314,0.028571
2566.812227,0.028571
2564.192140,0.028571
2561.572052,0.028571
2558.951965,0.028571
2556.331878,0.028571
2553.711790,0.028571
2551.091703,0.028571
2548.471616,0.030612
2545.851528,0.030612
2543.231441,0.030612
2540.611354,0.030612
2537.991266,0.030612
2535.371179,0.030612
2532.751092,0.030612
2530.131004,0.030612
2527.510917,0.028571
2524.890830,0.028571
2522.270742,0.028571
2519.650655,0.028571
2517.030568,0.028571
2514.410480,0.028571
2511.790393,0.028571
2509.170306,0.028571
2506.550218,0.028571
2503.930131,0.028571
2501.310044,0.028571
2498.689956,0.028571
2496.069869,0.026531
2493.449782,0.026531
2490.829694,0.026531
2488.209607,0.026531
2485.589520,0.024490
2482.969432,0.024490
2480.349345,0.024490
2477.729258,0.024490
2475.109170,0.022449
2472.489083,0.022449
2469.868996,0.022449
2467.248908,0.022449
2464.628821,0.020408
2462.008734,0.020408
2459.388646,0.020408
2456.768559,0.020408
2454.148472,0.018367
2451.528384,0.018367
2448.908297,0.018367
2446.288210,0.016327
2443.668122,0.016327
2441.048035,0.016327
2438.427948,0.016327
2435.807860,0.016327
2433.187773,0.016327
2430.567686,0.016327
2427.947598,0.016327
2425.327511,0.016327
2422.707424,0.016327
2420.087336,0.016327
2417.467249,0.016327
2414.847162,0.016327
2412.227074,0.016327
2409.606987,0.016327
2406.986900,0.016327
2404.366812,0.016327
2401.746725,0.016327
2399.126638,0.014286
2396.506550,0.014286
2393.886463,0.014286
2391.266376,0.014286
2388.646288,0.014286
2386.026201,0.012245
2383.406114,0.012245
2380.786026,0.012245
2378.165939,0.012245
2375.545852,0.012245
2372.925764,0.012245
2370.305677,0.012245
2367.685590,0.012245
2365.065502,0.012245
2362.445415,0.012245
2359.825328,0.012245
2357.205240,0.012245
2354.585153,0.012245
2351.965066,0.012245
2349.344978,0.012245
2346.724891,0.010204
2344.104803,0.010204
2341.484716,0.010204
2338.864629,0.010204
2336.244541,0.010204
2333.624454,0.010204
2331.004367,0.010204
2328.384279,0.010204
2325.764192,0.008163
2323.144105,0.008163
2320.524017,0.008163
2317.903930,0.008163
2315.283843,0.008163
2312.663755,0.008163
2310.043668,0.008163
2307.423581,0.008163
2304.803493,0.008163
2302.183406,0.008163
2299.563319,0.008163
2296.943231,0.008163
2294.323144,0.008163
2291.703057,0.008163
2289.082969,0.008163
2286.462882,0.008163
2283.842795,0.008163
2281.222707,0.008163
2278.602620,0.008163
2275.982533,0.008163
2273.362445,0.008163
2270.742358,0.008163
2268.122271,0.008163
2265.502183,0.010204
2262.882096,0.010204
2260.262009,0.010204
2257.641921,0.010204
2255.021834,0.010204
2252.401747,0.010204
2249.781659,0.010204
2247.161572,0.010204
2244.541485,0.010204
2241.921397,0.008163
2239.301310,0.008163
2236.681223,0.008163
2234.061135,0.008163
2231.441048,0.008163
2228.820961,0.008163
2226.200873,0.008163
2223.580786,0.008163
2220.960699,0.008163
2218.340611,0.008163
2215.720524,0.008163
2213.100437,0.008163
2210.480349,0.008163
2207.860262,0.008163
2205.240175,0.008163
2202.620087,0.008163
2200.000000,0.008163
2197.379913,0.008163
2194.759825,0.008163
2192.139738,0.008163
2189.519651,0.008163
2186.899563,0.008163
2184.279476,0.008163
2181.659389,0.008163
2179.039301,0.008163
2176.419214,0.008163
2173.799127,0.008163
2171.179039,0.008163
2168.558952,0.008163
2165.938865,0.008163
2163.318777,0.008163
2160.698690,0.008163
2158.078603,0.008163
2155.458515,0.008163
2152.838428,0.008163
2150.218341,0.008163
2147.598253,0.008163
2144.978166,0.008163
2142.358079,0.008163
2139.737991,0.008163
2137.117904,0.008163
2134.497817,0.008163
2131.877729,0.008163
2129.257642,0.008163
2126.637555,0.008163
2124.017467,0.008163
2121.397380,0.006122
2118.777293,0.006122
2116.157205,0.006122
2113.537118,0.006122
2110.917031,0.006122
2108.296943,0.006122
2105.676856,0.004082
2103.056769,0.004082
2100.436681,0.004082
2097.816594,0.004082
2095.196507,0.004082
2092.576419,0.004082
2089.956332,0.004082
2087.336245,0.004082
2084.716157,0.004082
2082.096070,0.004082
2079.475983,0.004082
2076.855895,0.004082
2074.235808,0.004082
2071.615721,0.004082
2068.995633,0.004082
2066.375546,0.004082
2063.755459,0.004082
2061.135371,0.002041
2058.515284,0.002041
2055.895197,0.002041
2053.275109,0.002041
2050.655022,0.002041
2048.034934,0.002041
2045.414847,0.004082
2042.794760,0.004082
2040.174672,0.002041
2037.554585,0.002041
2034.934498,0.004082
2032.314410,0.002041
2029.694323,0.002041
2027.074236,0.002041
2024.454148,0.002041
2021.834061,0.004082
2019.213974,0.004082
2016.593886,0.004082
2013.973799,0.004082
2011.353712,0.004082
2008.733624,0.004082
2006.113537,0.004082
2003.493450,0.004082
2000.873362,0.004082
1998.253275,0.004082
1995.633188,0.004082
1993.013100,0.004082
1990.393013,0.004082
1987.772926,0.004082
1985.152838,0.006122
1982.532751,0.006122
1979.912664,0.006122
1977.292576,0.006122
1974.672489,0.006122
1972.052402,0.006122
1969.432314,0.006122
1966.812227,0.006122
1964.192140,0.006122
1961.572052,0.006122
1958.951965,0.006122
1956.331878,0.006122
1953.711790,0.006122
1951.091703,0.006122
1948.471616,0.006122
1945.851528,0.008163
1943.231441,0.008163
1940.611354,0.008163
1937.991266,0.010204
1935.371179,0.012245
1932.751092,0.014286
1930.131004,0.016327
1927.510917,0.018367
1924.890830,0.018367
1922.270742,0.018367
1919.650655,0.016327
1917.030568,0.014286
1914.410480,0.012245
1911.790393,0.012245
1909.170306,0.010204
1906.550218,0.010204
1903.930131,0.008163
1901.310044,0.008163
1898.689956,0.008163
1896.069869,0.006122
1893.449782,0.006122
1890.829694,0.006122
1888.209607,0.006122
1885.589520,0.006122
1882.969432,0.006122
1880.349345,0.006122
1877.729258,0.006122
1875.109170,0.006122
1872.489083,0.006122
1869.868996,0.006122
1867.248908,0.004082
1864.628821,0.006122
1862.008734,0.006122
1859.388646,0.006122
1856.768559,0.006122
1854.148472,0.006122
1851.528384,0.006122
1848.908297,0.006122
1846.288210,0.004082
1843.668122,0.004082
1841.048035,0.004082
1838.427948,0.004082
1835.807860,0.004082
1833.187773,0.004082
1830.567686,0.004082
1827.947598,0.004082
1825.327511,0.004082
1822.707424,0.004082
1820.087336,0.006122
1817.467249,0.006122
1814.847162,0.006122
1812.227074,0.006122
1809.606987,0.006122
1806.986900,0.006122
1804.366812,0.006122
1801.746725,0.006122
1799.126638,0.006122
1796.506550,0.006122
1793.886463,0.006122
1791.266376,0.004082
1788.646288,0.004082
1786.026201,0.006122
1783.406114,0.006122
1780.786026,0.006122
1778.165939,0.006122
1775.545852,0.006122
1772.925764,0.006122
1770.305677,0.004082
1767.685590,0.006122
1765.065502,0.008163
1762.445415,0.008163
1759.825328,0.006122
1757.205240,0.008163
1754.585153,0.008163
1751.965066,0.008163
1749.344978,0.006122
1746.724891,0.006122
1744.104803,0.006122
1741.484716,0.006122
1738.864629,0.006122
1736.244541,0.006122
1733.624454,0.006122
1731.004367,0.006122
1728.384279,0.006122
1725.764192,0.008163
1723.144105,0.008163
1720.524017,0.008163
1717.903930,0.006122
1715.283843,0.004082
1712.663755,0.006122
1710.043668,0.008163
1707.423581,0.008163
1704.803493,0.006122
1702.183406,0.006122
1699.563319,0.006122
1696.943231,0.004082
1694.323144,0.004082
1691.703057,0.008163
1689.082969,0.008163
1686.462882,0.008163
1683.842795,0.006122
1681.222707,0.006122
1678.602620,0.008163
1675.982533,0.008163
1673.362445,0.008163
1670.742358,0.008163
1668.122271,0.008163
1665.502183,0.010204
1662.882096,0.010204
1660.262009,0.010204
1657.641921,0.012245
1655.021834,0.012245
1652.401747,0.010204
1649.781659,0.008163
1647.161572,0.010204
1644.541485,0.010204
1641.921397,0.012245
1639.301310,0.012245
1636.681223,0.012245
1634.061135,0.010204
1631.441048,0.010204
1628.820961,0.012245
1626.200873,0.012245
1623.580786,0.012245
1620.960699,0.012245
1618.340611,0.012245
1615.720524,0.010204
1613.100437,0.012245
1610.480349,0.012245
1607.860262,0.012245
1605.240175,0.012245
1602.620087,0.012245
1600.000000,0.012245
1597.379913,0.012245
1594.759825,0.012245
1592.139738,0.012245
1589.519651,0.014286
1586.899563,0.014286
1584.279476,0.014286
1581.659389,0.014286
1579.039301,0.014286
1576.419214,0.014286
1573.799127,0.012245
1571.179039,0.014286
1568.558952,0.014286
1565.938865,0.014286
1563.318777,0.016327
1560.698690,0.016327
1558.078603,0.014286
1555.458515,0.014286
1552.838428,0.016327
1550.218341,0.018367
1547.598253,0.018367
1544.978166,0.020408
1542.358079,0.018367
1539.737991,0.016327
1537.117904,0.020408
1534.497817,0.022449
1531.877729,0.024490
1529.257642,0.026531
1526.637555,0.026531
1524.017467,0.026531
1521.397380,0.026531
1518.777293,0.028571
1516.157205,0.032653
1513.537118,0.034694
1510.917031,0.036735
1508.296943,0.036735
1505.676856,0.040816
1503.056769,0.048980
1500.436681,0.055102
1497.816594,0.063265
1495.196507,0.073469
1492.576419,0.085714
1489.956332,0.106122
1487.336245,0.122449
1484.716157,0.128571
1482.096070,0.128571
1479.475983,0.128571
1476.855895,0.128571
1474.235808,0.136735
1471.615721,0.148980
1468.995633,0.155102
1466.375546,0.163265
1463.755459,0.179592
1461.135371,0.197959
1458.515284,0.208163
1455.895197,0.216327
1453.275109,0.216327
1450.655022,0.216327
1448.034934,0.212245
1445.414847,0.204082
1442.794760,0.195918
1440.174672,0.187755
1437.554585,0.177551
1434.934498,0.165306
1432.314410,0.161224
1429.694323,0.161224
1427.074236,0.163265
1424.454148,0.165306
1421.834061,0.167347
1419.213974,0.169388
1416.593886,0.173469
1413.973799,0.175510
1411.353712,0.177551
1408.733624,0.177551
1406.113537,0.175510
1403.493450,0.173469
1400.873362,0.171429
1398.253275,0.179592
1395.633188,0.191837
1393.013100,0.206122
1390.393013,0.224490
1387.772926,0.236735
1385.152838,0.242857
1382.532751,0.244898
1379.912664,0.244898
1377.292576,0.242857
1374.672489,0.236735
1372.052402,0.220408
1369.432314,0.200000
1366.812227,0.177551
1364.192140,0.159184
1361.572052,0.144898
1358.951965,0.138776
1356.331878,0.138776
1353.711790,0.140816
1351.091703,0.140816
1348.471616,0.140816
1345.851528,0.132653
1343.231441,0.122449
1340.611354,0.120408
1337.991266,0.124490
1335.371179,0.126531
1332.751092,0.130612
1330.131004,0.132653
1327.510917,0.132653
1324.890830,0.132653
1322.270742,0.130612
1319.650655,0.126531
1317.030568,0.126531
1314.410480,0.124490
1311.790393,0.122449
1309.170306,0.120408
1306.550218,0.118367
1303.930131,0.116327
1301.310044,0.114286
1298.689956,0.112245
1296.069869,0.112245
1293.449782,0.116327
1290.829694,0.128571
1288.209607,0.151020
1285.589520,0.171429
1282.969432,0.183673
1280.349345,0.187755
1277.729258,0.187755
1275.109170,0.187755
1272.489083,0.179592
1269.868996,0.169388
1267.248908,0.167347
1264.628821,0.155102
1262.008734,0.130612
1259.388646,0.108163
1256.768559,0.095918
1254.148472,0.087755
1251.528384,0.081633
1248.908297,0.079592
1246.288210,0.079592
1243.668122,0.075510
1241.048035,0.067347
1238.427948,0.061224
1235.807860,0.055102
1233.187773,0.053061
1230.567686,0.051020
1227.947598,0.051020
1225.327511,0.048980
1222.707424,0.048980
1220.087336,0.048980
1217.467249,0.046939
1214.847162,0.048980
1212.227074,0.053061
1209.606987,0.061224
1206.986900,0.067347
1204.366812,0.067347
1201.746725,0.067347
1199.126638,0.063265
1196.506550,0.057143
1193.886463,0.059184
1191.266376,0.059184
1188.646288,0.061224
1186.026201,0.063265
1183.406114,0.067347
1180.786026,0.075510
1178.165939,0.087755
1175.545852,0.100000
1172.925764,0.114286
1170.305677,0.124490
1167.685590,0.130612
1165.065502,0.132653
1162.445415,0.136735
1159.825328,0.142857
1157.205240,0.148980
1154.585153,0.148980
1151.965066,0.148980
1149.344978,0.148980
1146.724891,0.159184
1144.104803,0.181633
1141.484716,0.216327
1138.864629,0.267347
1136.244541,0.328571
1133.624454,0.391837
1131.004367,0.436735
1128.384279,0.459184
1125.764192,0.465306
1123.144105,0.475510
1120.524017,0.502041
1117.903930,0.544898
1115.283843,0.600000
1112.663755,0.646939
1110.043668,0.685714
1107.423581,0.751020
1104.803493,0.808163
1102.183406,0.822449
1099.563319,0.824490
1096.943231,0.834694
1094.323144,0.851020
1091.703057,0.859184
1089.082969,0.859184
1086.462882,0.857143
1083.842795,0.844898
1081.222707,0.818367
1078.602620,0.789796
1075.982533,0.757143
1073.362445,0.718367
1070.742358,0.679592
1068.122271,0.640816
1065.502183,0.602041
1062.882096,0.595918
1060.262009,0.700000
1057.641921,0.844898
1055.021834,0.967347
1052.401747,1.000000
1049.781659,1.000000
1047.161572,0.985714
1044.541485,0.885714
1041.921397,0.728571
1039.301310,0.557143
1036.681223,0.426531
1034.061135,0.330612
1031.441048,0.267347
1028.820961,0.228571
1026.200873,0.208163
1023.580786,0.206122
1020.960699,0.197959
1018.340611,0.165306
1015.720524,0.132653
1013.100437,0.116327
1010.480349,0.104082
1007.860262,0.108163
1005.240175,0.136735
1002.620087,0.169388
1000.000000,0.175510
997.379913,0.175510
994.759825,0.163265
992.139738,0.126531
989.519651,0.089796
986.899563,0.071429
984.279476,0.063265
981.659389,0.075510
979.039301,0.091837
976.419214,0.093878
973.799127,0.093878
971.179039,0.087755
968.558952,0.073469
965.938865,0.071429
963.318777,0.077551
960.698690,0.079592
958.078603,0.083673
955.458515,0.085714
952.838428,0.085714
950.218341,0.089796
947.598253,0.104082
944.978166,0.132653
942.358079,0.177551
939.737991,0.210204
937.117904,0.212245
934.497817,0.212245
931.877729,0.197959
929.257642,0.169388
926.637555,0.146939
924.017467,0.136735
921.397380,0.169388
918.777293,0.216327
916.157205,0.228571
913.537118,0.228571
910.917031,0.220408
908.296943,0.175510
905.676856,0.128571
903.056769,0.173469
900.436681,0.216327
897.816594,0.220408
895.196507,0.220408
892.576419,0.202041
889.956332,0.197959
887.336245,0.242857
884.716157,0.287755
882.096070,0.295918
879.475983,0.297959
876.855895,0.283673
874.235808,0.214286
871.615721,0.134694
868.995633,0.091837
866.375546,0.067347
863.755459,0.051020
861.135371,0.042857
858.515284,0.038776
855.895197,0.036735
853.275109,0.034694
850.655022,0.034694
848.034934,0.034694
845.414847,0.034694
842.794760,0.036735
840.174672,0.040816
837.554585,0.044898
834.934498,0.046939
832.314410,0.051020
829.694323,0.057143
827.074236,0.063265
824.454148,0.071429
821.834061,0.085714
819.213974,0.106122
816.593886,0.132653
813.973799,0.167347
811.353712,0.210204
808.733624,0.253061
806.113537,0.293878
803.493450,0.328571
800.873362,0.348980
798.253275,0.348980
795.633188,0.348980
793.013100,0.336735
790.393013,0.302041
787.772926,0.263265
785.152838,0.230612
782.532751,0.206122
779.912664,0.214286
777.292576,0.242857
774.672489,0.263265
772.052402,0.269388
769.432314,0.271429
766.812227,0.269388
764.192140,0.257143
761.572052,0.267347
758.951965,0.295918
756.331878,0.302041
753.711790,0.300000
751.091703,0.289796
748.471616,0.251020
745.851528,0.206122
743.231441,0.173469
740.611354,0.155102
737.991266,0.148980
735.371179,0.157143
732.751092,0.171429
730.131004,0.191837
727.510917,0.214286
724.890830,0.236735
722.270742,0.253061
719.650655,0.263265
717.030568,0.271429
714.410480,0.273469
711.790393,0.273469
709.170306,0.273469
706.550218,0.269388
703.930131,0.259184
701.310044,0.244898
698.689956,0.230612
696.069869,0.216327
693.449782,0.202041
690.829694,0.191837
688.209607,0.183673
685.589520,0.177551
682.969432,0.171429
680.349345,0.167347
677.729258,0.161224
675.109170,0.157143
672.489083,0.151020
669.868996,0.146939
667.248908,0.142857
664.628821,0.138776
662.008734,0.134694
659.388646,0.132653
656.768559,0.130612
654.148472,0.128571
651.528384,0.124490
648.908297,0.122449
646.288210,0.122449
643.668122,0.118367
641.048035,0.116327
638.427948,0.118367
635.807860,0.118367
633.187773,0.114286
630.567686,0.114286
627.947598,0.120408
625.327511,0.122449
622.707424,0.126531
620.087336,0.130612
617.467249,0.140816
614.847162,0.148980
612.227074,0.161224
609.606987,0.169388
606.986900,0.171429
604.366812,0.173469
601.746725,0.171429
599.126638,0.167347
596.506550,0.163265
593.886463,0.161224
591.266376,0.155102
588.646288,0.142857
586.026201,0.126531
583.406114,0.108163
580.786026,0.089796
578.165939,0.071429
575.545852,0.055102
572.925764,0.042857
570.305677,0.030612
567.685590,0.020408
565.065502,0.014286
562.445415,0.010204
559.825328,0.006122
557.205240,0.004082
554.585153,0.004082
551.965066,0.004082
549.344978,0.002041
546.724891,0.002041
544.104803,0.002041
541.484716,0.002041
538.864629,0.002041
536.244541,0.002041
533.624454,0.002041
531.004367,0.002041
528.384279,0.002041
525.764192,0.002041
523.144105,0.002041
520.524017,0.002041
517.903930,0.002041
515.283843,0.002041
512.663755,0.002041
510.043668,0.002041
507.423581,0.002041
504.803493,0.002041
502.183406,0.002041
499.563319,0.002041
496.943231,0.002041
494.323144,0.002041
491.703057,0.002041
489.082969,0.002041
486.462882,0.002041
483.842795,0.002041
481.222707,0.002041
478.602620,0.002041
475.982533,0.002041
473.362445,0.002041
470.742358,0.002041
468.122271,0.002041
465.502183,0.002041
462.882096,0.002041
460.262009,0.002041
457.641921,0.002041
455.021834,0.002041
452.401747,0.002041
449.781659,0.002041
447.161572,nan
444.541485,nan
441.921397,nan
439.301310,nan
436.681223,nan
434.061135,nan
431.441048,nan
428.820961,nan
426.200873,nan
423.580786,nan
420.960699,nan
418.340611,nan
415.720524,nan
413.100437,nan
410.480349,nan
407.860262,nan
405.240175,nan
402.620087,nan
400.000000,nan
