4000.000000,0.010204
3997.379913,0.012245
3994.759825,0.012245
3992.139738,0.012245
3989.519651,0.012245
3986.899563,0.010204
3984.279476,0.012245
3981.659389,0.012245
3979.039301,0.010204
3976.419214,0.010204
3973.799127,0.010204
3971.179039,0.010204
3968.558952,0.010204
3965.938865,0.010204
3963.318777,0.010204
3960.698690,0.010204
3958.078603,0.010204
3955.458515,0.010204
3952.838428,0.010204
3950.218341,0.010204
3947.598253,0.010204
3944.978166,0.010204
3942.358079,0.010204
3939.737991,0.010204
3937.117904,0.010204
3934.497817,0.010204
3931.877729,0.010204
3929.257642,0.010204
3926.637555,0.010204
3924.017467,0.010204
3921.397380,0.010204
3918.777293,0.010204
3916.157205,0.010204
3913.537118,0.010204
3910.917031,0.010204
3908.296943,0.010204
3905.676856,0.010204
3903.056769,0.010204
3900.436681,0.008163
3897.816594,0.008163
3895.196507,0.008163
3892.576419,0.008163
3889.956332,0.008163
3887.336245,0.008163
3884.716157,0.008163
3882.096070,0.008163
3879.475983,0.008163
3876.855895,0.008163
3874.235808,0.008163
3871.615721,0.008163
3868.995633,0.008163
3866.375546,0.006122
3863.755459,0.006122
3861.135371,0.006122
3858.515284,0.008163
3855.895197,0.008163
3853.275109,0.008163
3850.655022,0.008163
3848.034934,0.006122
3845.414847,0.006122
3842.794760,0.006122
3840.174672,0.006122
3837.554585,0.008163
3834.934498,0.008163
3832.314410,0.006122
3829.694323,0.006122
3827.074236,0.006122
3824.454148,0.008163
3821.834061,0.008163
3819.213974,0.008163
3816.593886,0.008163
3813.973799,0.006122
3811.353712,0.006122
3808.733624,0.006122
3806.113537,0.008163
3803.493450,0.008163
3800.873362,0.006122
3798.253275,0.006122
3795.633188,0.006122
3793.013100,0.006122
3790.393013,0.008163
3787.772926,0.008163
3785.152838,0.008163
3782.532751,0.008163
3779.912664,0.008163
3777.292576,0.008163
3774.672489,0.008163
3772.052402,0.008163
3769.432314,0.008163
3766.812227,0.008163
3764.192140,0.008163
3761.572052,0.008163
3758.951965,0.008163
3756.331878,0.008163
3753.711790,0.008163
3751.091703,0.008163
3748.471616,0.008163
3745.851528,0.008163
3743.231441,0.008163
3740.611354,0.006122
3737.991266,0.006122
3735.371179,0.006122
3732.751092,0.008163
3730.131004,0.006122
3727.510917,0.006122
3724.890830,0.008163
3722.270742,0.008163
3719.650655,0.008163
3717.030568,0.008163
3714.410480,0.008163
3711.790393,0.008163
3709.170306,0.008163
3706.550218,0.008163
3703.930131,0.008163
3701.310044,0.008163
3698.689956,0.008163
3696.069869,0.008163
3693.449782,0.008163
3690.829694,0.008163
3688.209607,0.010204
3685.589520,0.008163
3682.969432,0.008163
3680.349345,0.010204
3677.729258,0.010204
3675.109170,0.010204
3672.489083,0.010204
3669.868996,0.010204
3667.248908,0.010204
3664.628821,0.010204
3662.008734,0.012245
3659.388646,0.012245
3656.768559,0.012245
3654.148472,0.012245
3651.528384,0.012245
3648.908297,0.012245
3646.288210,0.012245
3643.668122,0.012245
3641.048035,0.012245
3638.427948,0.012245
3635.807860,0.014286
3633.187773,0.014286
3630.567686,0.014286
3627.947598,0.014286
3625.327511,0.014286
3622.707424,0.014286
3620.087336,0.014286
3617.467249,0.014286
3614.847162,0.014286
3612.227074,0.016327
3609.606987,0.016327
3606.986900,0.016327
3604.366812,0.016327
3601.746725,0.014286
3599.126638,0.016327
3596.506550,0.016327
3593.886463,0.016327
3591.266376,0.016327
3588.646288,0.016327
3586.026201,0.016327
3583.406114,0.018367
3580.786026,0.018367
3578.165939,0.016327
3575.545852,0.016327
3572.925764,0.016327
3570.305677,0.016327
3567.685590,0.014286
3565.065502,0.014286
3562.445415,0.014286
3559.825328,0.014286
3557.205240,0.014286
3554.585153,0.014286
3551.965066,0.014286
3549.344978,0.014286
3546.724891,0.014286
3544.104803,0.014286
3541.484716,0.016327
3538.864629,0.016327
3536.244541,0.016327
3533.624454,0.016327
3531.004367,0.016327
3528.384279,0.016327
3525.764192,0.016327
3523.144105,0.016327
3520.524017,0.016327
3517.903930,0.016327
3515.283843,0.016327
3512.663755,0.016327
3510.043668,0.016327
3507.423581,0.016327
3504.803493,0.016327
3502.183406,0.016327
3499.563319,0.014286
3496.943231,0.014286
3494.323144,0.014286
3491.703057,0.014286
3489.082969,0.014286
3486.462882,0.014286
3483.842795,0.014286
3481.222707,0.014286
3478.602620,0.014286
3475.982533,0.014286
3473.362445,0.012245
3470.742358,0.012245
3468.122271,0.012245
3465.502183,0.012245
3462.882096,0.014286
3460.262009,0.012245
3457.641921,0.012245
3455.021834,0.012245
3452.401747,0.012245
3449.781659,0.012245
3447.161572,0.012245
3444.541485,0.012245
3441.921397,0.012245
3439.301310,0.012245
3436.681223,0.012245
3434.061135,0.012245
3431.441048,0.012245
3428.820961,0.012245
3426.200873,0.012245
3423.580786,0.012245
3420.960699,0.012245
3418.340611,0.012245
3415.720524,0.012245
3413.100437,0.012245
3410.480349,0.012245
3407.860262,0.012245
3405.240175,0.012245
3402.620087,0.012245
3400.000000,0.012245
3397.379913,0.012245
3394.759825,0.012245
3392.139738,0.012245
3389.519651,0.012245
3386.899563,0.012245
3384.279476,0.012245
3381.659389,0.012245
3379.039301,0.012245
3376.419214,0.012245
3373.799127,0.012245
3371.179039,0.012245
3368.558952,0.012245
3365.938865,0.012245
3363.318777,0.012245
3360.698690,0.012245
3358.078603,0.012245
3355.458515,0.012245
3352.838428,0.010204
3350.218341,0.010204
3347.598253,0.010204
3344.978166,0.010204
3342.358079,0.010204
3339.737991,0.010204
3337.117904,0.010204
3334.497817,0.010204
3331.877729,0.010204
3329.257642,0.010204
3326.637555,0.010204
3324.017467,0.010204
3321.397380,0.010204
3318.777293,0.010204
3316.157205,0.010204
3313.537118,0.010204
3310.917031,0.010204
3308.296943,0.010204
3305.676856,0.010204
3303.056769,0.010204
3300.436681,0.010204
3297.816594,0.010204
3295.196507,0.010204
3292.576419,0.010204
3289.956332,0.010204
3287.336245,0.010204
3284.716157,0.010204
3282.096070,0.010204
3279.475983,0.010204
3276.855895,0.010204
3274.235808,0.010204
3271.615721,0.010204
3268.995633,0.010204
3266.375546,0.010204
3263.755459,0.010204
3261.135371,0.010204
3258.515284,0.010204
3255.895197,0.010204
3253.275109,0.010204
3250.655022,0.010204
3248.034934,0.008163
3245.414847,0.008163
3242.794760,0.010204
3240.174672,0.010204
3237.554585,0.008163
3234.934498,0.010204
3232.314410,0.010204
3229.694323,0.010204
3227.074236,0.008163
3224.454148,0.008163
3221.834061,0.010204
3219.213974,0.010204
3216.593886,0.010204
3213.973799,0.010204
3211.353712,0.010204
3208.733624,0.010204
3206.113537,0.010204
3203.493450,0.010204
3200.873362,0.010204
3198.253275,0.008163
3195.633188,0.010204
3193.013100,0.010204
3190.393013,0.010204
3187.772926,0.010204
3185.152838,0.010204
3182.532751,0.008163
3179.912664,0.010204
3177.292576,0.010204
3174.672489,0.010204
3172.052402,0.010204
3169.432314,0.010204
3166.812227,0.010204
3164.192140,0.010204
3161.572052,0.010204
3158.951965,0.010204
3156.331878,0.010204
3153.711790,0.010204
3151.091703,0.010204
3148.471616,0.010204
3145.851528,0.010204
3143.231441,0.010204
3140.611354,0.010204
3137.991266,0.010204
3135.371179,0.010204
3132.751092,0.010204
3130.131004,0.010204
3127.510917,0.010204
3124.890830,0.012245
3122.270742,0.012245
3119.650655,0.012245
3117.030568,0.012245
3114.410480,0.012245
3111.790393,0.012245
3109.170306,0.012245
3106.550218,0.012245
3103.930131,0.014286
3101.310044,0.014286
3098.689956,0.014286
3096.069869,0.014286
3093.449782,0.014286
3090.829694,0.016327
3088.209607,0.016327
3085.589520,0.016327
3082.969432,0.018367
3080.349345,0.018367
3077.729258,0.020408
3075.109170,0.020408
3072.489083,0.020408
3069.868996,0.022449
3067.248908,0.022449
3064.628821,0.024490
3062.008734,0.024490
3059.388646,0.026531
3056.768559,0.028571
3054.148472,0.028571
3051.528384,0.030612
3048.908297,0.032653
3046.288210,0.034694
3043.668122,0.034694
3041.048035,0.036735
3038.427948,0.038776
3035.807860,0.040816
3033.187773,0.042857
3030.567686,0.044898
3027.947598,0.046939
3025.327511,0.048980
3022.707424,0.051020
3020.087336,0.053061
3017.467249,0.057143
3014.847162,0.059184
3012.227074,0.063265
3009.606987,0.067347
3006.986900,0.071429
3004.366812,0.077551
3001.746725,0.083673
2999.126638,0.089796
2996.506550,0.097959
2993.886463,0.106122
2991.266376,0.114286
2988.646288,0.124490
2986.026201,0.136735
2983.406114,0.148980
2980.786026,0.159184
2978.165939,0.171429
2975.545852,0.181633
2972.925764,0.191837
2970.305677,0.197959
2967.685590,0.206122
2965.065502,0.212245
2962.445415,0.218367
2959.825328,0.224490
2957.205240,0.234694
2954.585153,0.246939
2951.965066,0.265306
2949.344978,0.285714
2946.724891,0.300000
2944.104803,0.306122
2941.484716,0.306122
2938.864629,0.304082
2936.244541,0.291837
2933.624454,0.265306
2931.004367,0.240816
2928.384279,0.218367
2925.764192,0.206122
2923.144105,0.195918
2920.524017,0.187755
2917.903930,0.179592
2915.283843,0.175510
2912.663755,0.171429
2910.043668,0.169388
2907.423581,0.163265
2904.803493,0.157143
2902.183406,0.153061
2899.563319,0.146939
2896.943231,0.138776
2894.323144,0.130612
2891.703057,0.122449
2889.082969,0.114286
2886.462882,0.106122
2883.842795,0.100000
2881.222707,0.091837
2878.602620,0.085714
2875.982533,0.079592
2873.362445,0.075510
2870.742358,0.071429
2868.122271,0.067347
2865.502183,0.067347
2862.882096,0.069388
2860.262009,0.075510
2857.641921,0.085714
2855.021834,0.100000
2852.401747,0.128571
2849.781659,0.175510
2847.161572,0.242857
2844.541485,0.316327
2841.921397,0.363265
2839.301310,0.365306
2836.681223,0.363265
2834.061135,0.328571
2831.441048,0.248980
2828.820961,0.169388
2826.200873,0.118367
2823.580786,0.085714
2820.960699,0.065306
2818.340611,0.053061
2815.720524,0.044898
2813.100437,0.038776
2810.480349,0.034694
2807.860262,0.030612
2805.240175,0.030612
2802.620087,0.028571
2800.000000,0.026531
2797.379913,0.026531
2794.759825,0.024490
2792.139738,0.022449
2789.519651,0.020408
2786.899563,0.018367
2784.279476,0.018367
2781.659389,0.016327
2779.039301,0.014286
2776.419214,0.014286
2773.799127,0.014286
2771.179039,0.012245
2768.558952,0.012245
2765.938865,0.012245
2763.318777,0.012245
2760.698690,0.010204
2758.078603,0.010204
2755.458515,0.010204
2752.838428,0.010204
2750.218341,0.010204
2747.598253,0.010204
2744.978166,0.010204
2742.358079,0.010204
2739.737991,0.010204
2737.117904,0.008163
2734.497817,0.008163
2731.877729,0.008163
2729.257642,0.008163
2726.637555,0.008163
2724.017467,0.008163
2721.397380,0.008163
2718.777293,0.008163
2716.157205,0.008163
2713.537118,0.008163
2710.917031,0.008163
2708.296943,0.008163
2705.676856,0.008163
2703.056769,0.008163
2700.436681,0.008163
2697.816594,0.008163
2695.196507,0.008163
2692.576419,0.008163
2689.956332,0.008163
2687.336245,0.008163
2684.716157,0.008163
2682.096070,0.008163
2679.475983,0.008163
2676.855895,0.008163
2674.235808,0.008163
2671.615721,0.008163
2668.995633,0.008163
2666.375546,0.008163
2663.755459,0.008163
2661.135371,0.008163
2658.515284,0.008163
2655.895197,0.008163
2653.275109,0.008163
2650.655022,0.008163
2648.034934,0.008163
2645.414847,0.008163
2642.794760,0.008163
2640.174672,0.008163
2637.554585,0.008163
2634.934498,0.008163
2632.314410,0.008163
2629.694323,0.008163
2627.074236,0.008163
2624.454148,0.008163
2621.834061,0.008163
2619.213974,0.008163
2616.593886,0.008163
2613.973799,0.008163
2611.353712,0.008163
2608.733624,0.008163
2606.113537,0.008163
2603.493450,0.006122
2600.873362,0.008163
2598.253275,0.008163
2595.633188,0.006122
2593.013100,0.006122
2590.393013,0.006122
2587.772926,0.006122
2585.152838,0.006122
2582.532751,0.006122
2579.912664,0.006122
2577.292576,0.006122
2574.672489,0.006122
2572.052402,0.006122
2569.432314,0.006122
2566.812227,0.006122
2564.192140,0.006122
2561.572052,0.004082
2558.951965,0.006122
2556.331878,0.006122
2553.711790,0.006122
2551.091703,0.006122
2548.471616,0.006122
2545.851528,0.006122
2543.231441,0.006122
2540.611354,0.004082
2537.991266,0.004082
2535.371179,0.004082
2532.751092,0.004082
2530.131004,0.004082
2527.510917,0.004082
2524.890830,0.004082
2522.270742,0.004082
2519.650655,0.004082
2517.030568,0.004082
2514.410480,0.004082
2511.790393,0.004082
2509.170306,0.004082
2506.550218,0.004082
2503.930131,0.004082
2501.310044,0.004082
2498.689956,0.004082
2496.069869,0.004082
2493.449782,0.004082
2490.829694,0.004082
2488.209607,0.004082
2485.589520,0.004082
2482.969432,0.004082
2480.349345,0.004082
2477.729258,0.004082
2475.109170,0.004082
2472.489083,0.004082
2469.868996,0.004082
2467.248908,0.004082
2464.628821,0.004082
2462.008734,0.004082
2459.388646,0.004082
2456.768559,0.004082
2454.148472,0.004082
2451.528384,0.004082
2448.908297,0.004082
2446.288210,0.004082
2443.668122,0.004082
2441.048035,0.004082
2438.427948,0.004082
2435.807860,0.004082
2433.187773,0.004082
2430.567686,0.004082
2427.947598,0.004082
2425.327511,0.004082
2422.707424,0.004082
2420.087336,0.004082
2417.467249,0.004082
2414.847162,0.004082
2412.227074,0.004082
2409.606987,0.004082
2406.986900,0.004082
2404.366812,0.004082
2401.746725,0.004082
2399.126638,0.004082
2396.506550,0.002041
2393.886463,0.002041
2391.266376,0.002041
2388.646288,0.002041
2386.026201,0.002041
2383.406114,0.004082
2380.786026,0.002041
2378.165939,0.002041
2375.545852,0.002041
2372.925764,0.002041
2370.305677,0.004082
2367.685590,0.004082
2365.065502,0.002041
2362.445415,0.002041
2359.825328,0.002041
2357.205240,0.002041
2354.585153,0.002041
2351.965066,0.002041
2349.344978,0.002041
2346.724891,0.002041
2344.104803,0.002041
2341.484716,0.002041
2338.864629,0.004082
2336.244541,0.004082
2333.624454,0.004082
2331.004367,0.002041
2328.384279,0.002041
2325.764192,0.004082
2323.144105,0.004082
2320.524017,0.002041
2317.903930,0.004082
2315.283843,0.004082
2312.663755,0.004082
2310.043668,0.004082
2307.423581,0.004082
2304.803493,0.004082
2302.183406,0.004082
2299.563319,0.004082
2296.943231,0.004082
2294.323144,0.004082
2291.703057,0.004082
2289.082969,0.004082
2286.462882,0.004082
2283.842795,0.004082
2281.222707,0.004082
2278.602620,0.004082
2275.982533,0.004082
2273.362445,0.004082
2270.742358,0.004082
2268.122271,0.004082
2265.502183,0.004082
2262.882096,0.004082
2260.262009,0.004082
2257.641921,0.004082
2255.021834,0.004082
2252.401747,0.004082
2249.781659,0.004082
2247.161572,0.004082
2244.541485,0.004082
2241.921397,0.004082
2239.301310,0.004082
2236.681223,0.004082
2234.061135,0.004082
2231.441048,0.004082
2228.820961,0.004082
2226.200873,0.004082
2223.580786,0.004082
2220.960699,0.004082
2218.340611,0.004082
2215.720524,0.004082
2213.100437,0.004082
2210.480349,0.004082
2207.860262,0.004082
2205.240175,0.004082
2202.620087,0.006122
2200.000000,0.006122
2197.379913,0.006122
2194.759825,0.006122
2192.139738,0.006122
2189.519651,0.006122
2186.899563,0.006122
2184.279476,0.006122
2181.659389,0.006122
2179.039301,0.006122
2176.419214,0.006122
2173.799127,0.006122
2171.179039,0.006122
2168.558952,0.006122
2165.938865,0.006122
2163.318777,0.006122
2160.698690,0.006122
2158.078603,0.006122
2155.458515,0.006122
2152.838428,0.006122
2150.218341,0.006122
2147.598253,0.006122
2144.978166,0.006122
2142.358079,0.006122
2139.737991,0.006122
2137.117904,0.006122
2134.497817,0.006122
2131.877729,0.004082
2129.257642,0.004082
2126.637555,0.004082
2124.017467,0.004082
2121.397380,0.004082
2118.777293,0.004082
2116.157205,0.004082
2113.537118,0.004082
2110.917031,0.004082
2108.296943,0.004082
2105.676856,0.004082
2103.056769,0.004082
2100.436681,0.004082
2097.816594,0.004082
2095.196507,0.004082
2092.576419,0.004082
2089.956332,0.004082
2087.336245,0.004082
2084.716157,0.004082
2082.096070,0.004082
2079.475983,0.004082
2076.855895,0.004082
2074.235808,0.004082
2071.615721,0.004082
2068.995633,0.004082
2066.375546,0.004082
2063.755459,0.004082
2061.135371,0.004082
2058.515284,0.004082
2055.895197,0.004082
2053.275109,0.004082
2050.655022,0.004082
2048.034934,0.004082
2045.414847,0.004082
2042.794760,0.004082
2040.174672,0.004082
2037.554585,0.004082
2034.934498,0.004082
2032.314410,0.004082
2029.694323,0.004082
2027.074236,0.004082
2024.454148,0.006122
2021.834061,0.006122
2019.213974,0.006122
2016.593886,0.006122
2013.973799,0.006122
2011.353712,0.006122
2008.733624,0.006122
2006.113537,0.006122
2003.493450,0.006122
2000.873362,0.006122
1998.253275,0.006122
1995.633188,0.006122
1993.013100,0.006122
1990.393013,0.006122
1987.772926,0.006122
1985.152838,0.006122
1982.532751,0.006122
1979.912664,0.004082
1977.292576,0.006122
1974.672489,0.006122
1972.052402,0.006122
1969.432314,0.004082
1966.812227,0.006122
1964.192140,0.006122
1961.572052,0.006122
1958.951965,0.006122
1956.331878,0.006122
1953.711790,0.006122
1951.091703,0.008163
1948.471616,0.008163
1945.851528,0.008163
1943.231441,0.008163
1940.611354,0.008163
1937.991266,0.010204
1935.371179,0.010204
1932.751092,0.010204
1930.131004,0.012245
1927.510917,0.012245
1924.890830,0.012245
1922.270742,0.012245
1919.650655,0.012245
1917.030568,0.012245
1914.410480,0.012245
1911.790393,0.012245
1909.170306,0.012245
1906.550218,0.012245
1903.930131,0.012245
1901.310044,0.012245
1898.689956,0.012245
1896.069869,0.012245
1893.449782,0.012245
1890.829694,0.012245
1888.209607,0.010204
1885.589520,0.010204
1882.969432,0.010204
1880.349345,0.010204
1877.729258,0.010204
1875.109170,0.010204
1872.489083,0.010204
1869.868996,0.008163
1867.248908,0.008163
1864.628821,0.008163
1862.008734,0.008163
1859.388646,0.008163
1856.768559,0.008163
1854.148472,0.008163
1851.528384,0.008163
1848.908297,0.008163
1846.288210,0.008163
1843.668122,0.008163
1841.048035,0.006122
1838.427948,0.006122
1835.807860,0.006122
1833.187773,0.006122
1830.567686,0.006122
1827.947598,0.006122
1825.327511,0.006122
1822.707424,0.006122
1820.087336,0.006122
1817.467249,0.006122
1814.847162,0.006122
1812.227074,0.006122
1809.606987,0.006122
1806.986900,0.006122
1804.366812,0.006122
1801.746725,0.004082
1799.126638,0.004082
1796.506550,0.004082
1793.886463,0.004082
1791.266376,0.004082
1788.646288,0.004082
1786.026201,0.004082
1783.406114,0.004082
1780.786026,0.004082
1778.165939,0.004082
1775.545852,0.004082
1772.925764,0.004082
1770.305677,0.004082
1767.685590,0.004082
1765.065502,0.004082
1762.445415,0.004082
1759.825328,0.004082
1757.205240,0.004082
1754.585153,0.004082
1751.965066,0.004082
1749.344978,0.006122
1746.724891,0.006122
1744.104803,0.006122
1741.484716,0.006122
1738.864629,0.006122
1736.244541,0.006122
1733.624454,0.006122
1731.004367,0.006122
1728.384279,0.008163
1725.764192,0.008163
1723.144105,0.008163
1720.524017,0.008163
1717.903930,0.008163
1715.283843,0.006122
1712.663755,0.006122
1710.043668,0.008163
1707.423581,0.008163
1704.803493,0.006122
1702.183406,0.006122
1699.563319,0.006122
1696.943231,0.004082
1694.323144,0.004082
1691.703057,0.004082
1689.082969,0.004082
1686.462882,0.004082
1683.842795,0.004082
1681.222707,0.004082
1678.602620,0.004082
1675.982533,0.004082
1673.362445,0.006122
1670.742358,0.006122
1668.122271,0.006122
1665.502183,0.006122
1662.882096,0.006122
1660.262009,0.006122
1657.641921,0.006122
1655.021834,0.006122
1652.401747,0.006122
1649.781659,0.006122
1647.161572,0.008163
1644.541485,0.006122
1641.921397,0.008163
1639.301310,0.008163
1636.681223,0.008163
1634.061135,0.008163
1631.441048,0.010204
1628.820961,0.010204
1626.200873,0.010204
1623.580786,0.010204
1620.960699,0.010204
1618.340611,0.010204
1615.720524,0.010204
1613.100437,0.010204
1610.480349,0.010204
1607.860262,0.010204
1605.240175,0.010204
1602.620087,0.010204
1600.000000,0.010204
1597.379913,0.010204
1594.759825,0.010204
1592.139738,0.010204
1589.519651,0.010204
1586.899563,0.010204
1584.279476,0.010204
1581.659389,0.010204
1579.039301,0.010204
1576.419214,0.010204
1573.799127,0.010204
1571.179039,0.010204
1568.558952,0.010204
1565.938865,0.012245
1563.318777,0.012245
1560.698690,0.012245
1558.078603,0.012245
1555.458515,0.012245
1552.838428,0.012245
1550.218341,0.014286
1547.598253,0.014286
1544.978166,0.014286
1542.358079,0.014286
1539.737991,0.014286
1537.117904,0.014286
1534.497817,0.014286
1531.877729,0.016327
1529.257642,0.016327
1526.637555,0.016327
1524.017467,0.016327
1521.397380,0.016327
1518.777293,0.016327
1516.157205,0.018367
1513.537118,0.018367
1510.917031,0.018367
1508.296943,0.020408
1505.676856,0.020408
1503.056769,0.022449
1500.436681,0.024490
1497.816594,0.026531
1495.196507,0.026531
1492.576419,0.028571
1489.956332,0.032653
1487.336245,0.034694
1484.716157,0.038776
1482.096070,0.044898
1479.475983,0.051020
1476.855895,0.055102
1474.235808,0.059184
1471.615721,0.063265
1468.995633,0.065306
1466.375546,0.067347
1463.755459,0.067347
1461.135371,0.065306
1458.515284,0.065306
1455.895197,0.063265
1453.275109,0.059184
1450.655022,0.055102
1448.034934,0.048980
1445.414847,0.040816
1442.794760,0.036735
1440.174672,0.032653
1437.554585,0.030612
1434.934498,0.028571
1432.314410,0.026531
1429.694323,0.026531
1427.074236,0.026531
1424.454148,0.028571
1421.834061,0.034694
1419.213974,0.044898
1416.593886,0.061224
1413.973799,0.071429
1411.353712,0.071429
1408.733624,0.069388
1406.113537,0.057143
1403.493450,0.040816
1400.873362,0.030612
1398.253275,0.024490
1395.633188,0.020408
1393.013100,0.018367
1390.393013,0.018367
1387.772926,0.016327
1385.152838,0.016327
1382.532751,0.016327
1379.912664,0.014286
1377.292576,0.014286
1374.672489,0.014286
1372.052402,0.014286
1369.432314,0.014286
1366.812227,0.014286
1364.192140,0.014286
1361.572052,0.014286
1358.951965,0.014286
1356.331878,0.014286
1353.711790,0.014286
1351.091703,0.014286
1348.471616,0.014286
1345.851528,0.014286
1343.231441,0.014286
1340.611354,0.014286
1337.991266,0.014286
1335.371179,0.014286
1332.751092,0.014286
1330.131004,0.014286
1327.510917,0.014286
1324.890830,0.014286
1322.270742,0.014286
1319.650655,0.014286
1317.030568,0.014286
1314.410480,0.016327
1311.790393,0.016327
1309.170306,0.018367
1306.550218,0.018367
1303.930131,0.018367
1301.310044,0.018367
1298.689956,0.020408
1296.069869,0.022449
1293.449782,0.022449
1290.829694,0.024490
1288.209607,0.026531
1285.589520,0.028571
1282.969432,0.030612
1280.349345,0.032653
1277.729258,0.034694
1275.109170,0.038776
1272.489083,0.040816
1269.868996,0.042857
1267.248908,0.042857
1264.628821,0.042857
1262.008734,0.042857
1259.388646,0.044898
1256.768559,0.044898
1254.148472,0.046939
1251.528384,0.046939
1248.908297,0.048980
1246.288210,0.051020
1243.668122,0.055102
1241.048035,0.057143
1238.427948,0.061224
1235.807860,0.067347
1233.187773,0.071429
1230.567686,0.077551
1227.947598,0.085714
1225.327511,0.093878
1222.707424,0.104082
1220.087336,0.118367
1217.467249,0.132653
1214.847162,0.151020
1212.227074,0.177551
1209.606987,0.208163
1206.986900,0.242857
1204.366812,0.287755
1201.746725,0.332653
1199.126638,0.373469
1196.506550,0.404082
1193.886463,0.410204
1191.266376,0.412245
1188.646288,0.410204
1186.026201,0.391837
1183.406114,0.357143
1180.786026,0.318367
1178.165939,0.279592
1175.545852,0.246939
1172.925764,0.220408
1170.305677,0.202041
1167.685590,0.189796
1165.065502,0.183673
1162.445415,0.193878
1159.825328,0.212245
1157.205240,0.242857
1154.585153,0.289796
1151.965066,0.334694
1149.344978,0.344898
1146.724891,0.344898
1144.104803,0.336735
1141.484716,0.295918
1138.864629,0.255102
1136.244541,0.253061
1133.624454,0.273469
1131.004367,0.297959
1128.384279,0.330612
1125.764192,0.367347
1123.144105,0.408163
1120.524017,0.457143
1117.903930,0.506122
1115.283843,0.561224
1112.663755,0.622449
1110.043668,0.677551
1107.423581,0.728571
1104.803493,0.783673
1102.183406,0.830612
1099.563319,0.875510
1096.943231,0.918367
1094.323144,0.965306
1091.703057,0.993878
1089.082969,0.997959
1086.462882,1.000000
1083.842795,0.997959
1081.222707,0.971429
1078.602620,0.914286
1075.982533,0.822449
1073.362445,0.710204
1070.742358,0.602041
1068.122271,0.504082
1065.502183,0.416327
1062.882096,0.351020
1060.262009,0.306122
1057.641921,0.273469
1055.021834,0.242857
1052.401747,0.206122
1049.781659,0.167347
1047.161572,0.134694
1044.541485,0.110204
1041.921397,0.093878
1039.301310,0.081633
1036.681223,0.073469
1034.061135,0.065306
1031.441048,0.059184
1028.820961,0.055102
1026.200873,0.051020
1023.580786,0.046939
1020.960699,0.044898
1018.340611,0.040816
1015.720524,0.038776
1013.100437,0.034694
1010.480349,0.032653
1007.860262,0.032653
1005.240175,0.030612
1002.620087,0.028571
1000.000000,0.028571
997.379913,0.026531
994.759825,0.024490
992.139738,0.022449
989.519651,0.022449
986.899563,0.020408
984.279476,0.018367
981.659389,0.016327
979.039301,0.014286
976.419214,0.014286
973.799127,0.012245
971.179039,0.012245
968.558952,0.012245
965.938865,0.012245
963.318777,0.010204
960.698690,0.010204
958.078603,0.010204
955.458515,0.010204
952.838428,0.010204
950.218341,0.008163
947.598253,0.008163
944.978166,0.008163
942.358079,0.008163
939.737991,0.008163
937.117904,0.008163
934.497817,0.010204
931.877729,0.010204
929.257642,0.008163
926.637555,0.008163
924.017467,0.008163
921.397380,0.008163
918.777293,0.008163
916.157205,0.008163
913.537118,0.010204
910.917031,0.010204
908.296943,0.010204
905.676856,0.010204
903.056769,0.010204
900.436681,0.010204
897.816594,0.010204
895.196507,0.010204
892.576419,0.012245
889.956332,0.012245
887.336245,0.012245
884.716157,0.014286
882.096070,0.014286
879.475983,0.014286
876.855895,0.016327
874.235808,0.018367
871.615721,0.020408
868.995633,0.022449
866.375546,0.026531
863.755459,0.030612
861.135371,0.034694
858.515284,0.042857
855.895197,0.053061
853.275109,0.063265
850.655022,0.075510
848.034934,0.089796
845.414847,0.106122
842.794760,0.124490
840.174672,0.142857
837.554585,0.169388
834.934498,0.202041
832.314410,0.238776
829.694323,0.281633
827.074236,0.338776
824.454148,0.400000
821.834061,0.461224
819.213974,0.522449
816.593886,0.571429
813.973799,0.608163
811.353712,0.622449
808.733624,0.624490
806.113537,0.622449
803.493450,0.597959
800.873362,0.548980
798.253275,0.481633
795.633188,0.412245
793.013100,0.383673
790.393013,0.426531
787.772926,0.461224
785.152838,0.469388
782.532751,0.469388
779.912664,0.463265
777.292576,0.424490
774.672489,0.367347
772.052402,0.306122
769.432314,0.257143
766.812227,0.216327
764.192140,0.185714
761.572052,0.155102
758.951965,0.130612
756.331878,0.106122
753.711790,0.083673
751.091703,0.067347
748.471616,0.057143
745.851528,0.048980
743.231441,0.042857
740.611354,0.040816
737.991266,0.040816
735.371179,0.038776
732.751092,0.036735
730.131004,0.032653
727.510917,0.030612
724.890830,0.030612
722.270742,0.028571
719.650655,0.028571
717.030568,0.028571
714.410480,0.028571
711.790393,0.028571
709.170306,0.028571
706.550218,0.030612
703.930131,0.030612
701.310044,0.032653
698.689956,0.030612
696.069869,0.034694
693.449782,0.036735
690.829694,0.038776
688.209607,0.038776
685.589520,0.040816
682.969432,0.040816
680.349345,0.042857
677.729258,0.044898
675.109170,0.048980
672.489083,0.053061
669.868996,0.055102
667.248908,0.057143
664.628821,0.059184
662.008734,0.063265
659.388646,0.067347
656.768559,0.069388
654.148472,0.073469
651.528384,0.079592
648.908297,0.083673
646.288210,0.089796
643.668122,0.093878
641.048035,0.100000
638.427948,0.106122
635.807860,0.114286
633.187773,0.116327
630.567686,0.120408
627.947598,0.126531
625.327511,0.130612
622.707424,0.132653
620.087336,0.136735
617.467249,0.142857
614.847162,0.151020
612.227074,0.157143
609.606987,0.163265
606.986900,0.169388
604.366812,0.177551
601.746725,0.187755
599.126638,0.189796
596.506550,0.187755
593.886463,0.185714
591.266376,0.177551
588.646288,0.165306
586.026201,0.146939
583.406114,0.126531
580.786026,0.104082
578.165939,0.083673
575.545852,0.063265
572.925764,0.048980
570.305677,0.034694
567.685590,0.024490
565.065502,0.016327
562.445415,0.012245
559.825328,0.008163
557.205240,0.006122
554.585153,0.004082
551.965066,0.004082
549.344978,0.002041
546.724891,0.002041
544.104803,0.002041
541.484716,0.002041
538.864629,0.002041
536.244541,0.002041
533.624454,0.002041
531.004367,0.002041
528.384279,0.002041
525.764192,0.002041
523.144105,0.002041
520.524017,0.002041
517.903930,0.002041
515.283843,0.002041
512.663755,0.002041
510.043668,0.002041
507.423581,0.002041
504.803493,0.002041
502.183406,0.002041
499.563319,0.002041
496.943231,0.002041
494.323144,0.002041
491.703057,0.002041
489.082969,0.002041
486.462882,0.002041
483.842795,0.002041
481.222707,0.002041
478.602620,0.002041
475.982533,0.002041
473.362445,0.002041
470.742358,0.002041
468.122271,0.002041
465.502183,0.002041
462.882096,0.002041
460.262009,0.002041
457.641921,0.002041
455.021834,0.002041
452.401747,0.002041
449.781659,0.002041
447.161572,nan
444.541485,nan
441.921397,nan
439.301310,nan
436.681223,nan
434.061135,nan
431.441048,nan
428.820961,nan
426.200873,nan
423.580786,nan
420.960699,nan
418.340611,nan
415.720524,nan
413.100437,nan
410.480349,nan
407.860262,nan
405.240175,nan
402.620087,nan
400.000000,nan
